SOFT_NAM	Gins
SOFT_VER	22.1
SOFT_TYP	PPP

TIME_SYS	TAI

GEOD_SYS	ITRF2020	2023.146561676
GEOC_POS	-4707158.814	-3823744.528	-1968779.669
GEOC_COV	+4.98037616E-06	+3.74151196E-06	+9.86307541E-07	+2.96447242E-06	+1.87734467E-06	+1.53338061E-06
GEOD_POS	-18.098792759	-140.912168486	-3.838
GEOD_COV	+1.18933153E-16	+1.40998441E-17	+8.20301968E-06	-4.95896157E-19	+2.95418691E-14	-5.90473851E-13
UTM__07S	7998882.142	509292.886	-3.838
UTM__COV	+1.72728500E-07	+1.33244749E-06	+8.20301968E-06	-5.80950558E-09	-6.53545028E-08	+3.12688244E-09
MERC_POS	-2035848.146	-15686270.842	-3.838
MERC_COV	+1.72728500E-07	+1.33244749E-06	+8.20301968E-06	-5.80950558E-09	-6.53545028E-08	+3.12688244E-09
VERT_I95	0.006
HORI_I95	0.002
3D___I95	0.006

GEOD_SYS	ITRF1992	1993.000000000	(RGPF)
GEOC_POS	-4707157.293	-3823745.892	-1968780.637
GEOC_COV	+4.98000000E-06	+3.74200000E-06	+9.86000000E-07	+2.96400000E-06	+1.87700000E-06	+1.53300000E-06
GEOD_POS	-18.098801972	-140.912149425	-3.842
GEOD_COV	+1.18987335E-16	+1.40977270E-17	+8.20224307E-06	-4.80899176E-19	+3.22208638E-14	-5.87262068E-13
UTM__07S	7998881.122	509294.902	-3.842
UTM__COV	+1.72702565E-07	+1.33305436E-06	+8.20224307E-06	-5.63381316E-09	-6.49990181E-08	+3.41044257E-09
MERC_POS	-2035849.219	-15686268.721	-3.842
MERC_COV	+1.72702565E-07	+1.33305436E-06	+8.20224307E-06	-5.63381316E-09	-6.49990181E-08	+3.41044257E-09
VERT_I95	0.006
HORI_I95	0.002
3D___I95	0.006

