SOFT_NAM	Gins
SOFT_VER	22.1
SOFT_TYP	PPP

TIME_SYS	TAI

GEOD_SYS	ITRF2020	2023.149301402
GEOC_POS	-4707158.807	-3823744.529	-1968779.665
GEOC_COV	+4.27354248E-06	+3.26490195E-06	+8.65199491E-07	+2.39944879E-06	+1.60676563E-06	+1.33622478E-06
GEOD_POS	-18.098792739	-140.912168441	-3.844
GEOD_COV	+1.17585341E-16	+1.20811350E-17	+6.93829788E-06	-2.00431862E-18	+5.31871547E-14	-9.46783557E-13
UTM__07S	7998882.144	509292.891	-3.844
UTM__COV	+1.47998539E-07	+1.31734750E-06	+6.93829788E-06	-2.34809244E-08	-1.04791378E-07	+5.62963635E-09
MERC_POS	-2035848.144	-15686270.837	-3.844
MERC_COV	+1.47998539E-07	+1.31734750E-06	+6.93829788E-06	-2.34809244E-08	-1.04791378E-07	+5.62963635E-09
VERT_I95	0.005
HORI_I95	0.002
3D___I95	0.006

GEOD_SYS	ITRF1992	1993.000000000	(RGPF)
GEOC_POS	-4707157.285	-3823745.892	-1968780.633
GEOC_COV	+4.27400000E-06	+3.26500000E-06	+8.65000000E-07	+2.39900000E-06	+1.60700000E-06	+1.33600000E-06
GEOD_POS	-18.098801953	-140.912149377	-3.849
GEOD_COV	+1.17646069E-16	+1.20634996E-17	+6.93818978E-06	-1.98526368E-18	+4.98190931E-14	-9.46867086E-13
UTM__07S	7998881.124	509294.907	-3.849
UTM__COV	+1.47782498E-07	+1.31802772E-06	+6.93818978E-06	-2.32576914E-08	-1.04800623E-07	+5.27314093E-09
MERC_POS	-2035849.217	-15686268.715	-3.849
MERC_COV	+1.47782498E-07	+1.31802772E-06	+6.93818978E-06	-2.32576914E-08	-1.04800623E-07	+5.27314093E-09
VERT_I95	0.005
HORI_I95	0.002
3D___I95	0.006

