SOFT_NAM	Gins
SOFT_VER	22.1
SOFT_TYP	PPP

TIME_SYS	TAI

GEOD_SYS	ITRF2020	2023.143821950
GEOC_POS	-4707158.832	-3823744.532	-1968779.674
GEOC_COV	+5.75177899E-06	+3.81975054E-06	+1.10238462E-06	+3.34014701E-06	+2.14284162E-06	+1.67011318E-06
GEOD_POS	-18.098792755	-140.912168562	-3.821
GEOD_COV	+1.17692360E-16	+1.53730968E-17	+9.16704134E-06	-2.47886236E-18	-2.50533473E-12	-7.27386226E-13
UTM__07S	7998882.143	509292.878	-3.821
UTM__COV	+1.88326335E-07	+1.31854648E-06	+9.16704134E-06	-2.90402831E-08	-8.05081634E-08	-2.65179132E-07
MERC_POS	-2035848.146	-15686270.851	-3.821
MERC_COV	+1.88326335E-07	+1.31854648E-06	+9.16704134E-06	-2.90402831E-08	-8.05081634E-08	-2.65179132E-07
VERT_I95	0.006
HORI_I95	0.002
3D___I95	0.007

GEOD_SYS	ITRF1992	1993.000000000	(RGPF)
GEOC_POS	-4707157.311	-3823745.896	-1968780.642
GEOC_COV	+5.75200000E-06	+3.82000000E-06	+1.10200000E-06	+3.34000000E-06	+2.14300000E-06	+1.67000000E-06
GEOD_POS	-18.098801967	-140.912149502	-3.825
GEOD_COV	+1.17726489E-16	+1.53429385E-17	+9.16711442E-06	-2.46405403E-18	-2.50605460E-12	-7.26487497E-13
UTM__07S	7998881.122	509294.894	-3.825
UTM__COV	+1.87956885E-07	+1.31892870E-06	+9.16711442E-06	-2.88667995E-08	-8.04086908E-08	-2.65255313E-07
MERC_POS	-2035849.218	-15686268.729	-3.825
MERC_COV	+1.87956885E-07	+1.31892870E-06	+9.16711442E-06	-2.88667995E-08	-8.04086908E-08	-2.65255313E-07
VERT_I95	0.006
HORI_I95	0.002
3D___I95	0.007

