SOFT_NAM	Gins
SOFT_VER	24.2
SOFT_TYP	PPP

TIME_SYS	TAI

GEOD_SYS	ITRF2020	2025.752041128
GEOC_POS	-5047204.189	-2975932.568	-2511520.116
GEOC_COV	+1.12737081E-05	+6.50303444E-06	+2.96953559E-06	+4.69580331E-06	+4.44592877E-06	+2.57123616E-06
GEOD_POS	-23.341793549	-149.475547982	4.499
GEOD_COV	+3.46610746E-16	+8.05851466E-17	+1.61331414E-05	+1.00044248E-17	+1.50087762E-12	+4.91928990E-12
UTM__06S	7416475.558	246890.921	4.499
UTM__COV	+9.88402375E-07	+3.62473439E-06	+1.61331414E-05	+1.13304875E-07	+5.44805906E-07	+1.53483737E-07
MERC_POS	-2656482.049	-16639541.887	4.499
MERC_COV	+9.88402375E-07	+3.62473439E-06	+1.61331414E-05	+1.13304875E-07	+5.44805906E-07	+1.53483737E-07
VERT_I95	0.008
HORI_I95	0.004
3D___I95	0.009

GEOD_SYS	ITRF1992	1993.000000000	(RGPF)
GEOC_POS	-5047202.756	-2975934.122	-2511521.144
GEOC_COV	+1.12740000E-05	+6.50300000E-06	+2.97000000E-06	+4.69600000E-06	+4.44600000E-06	+2.57100000E-06
GEOD_POS	-23.341803667	-149.475527776	4.498
GEOD_COV	+3.46599085E-16	+8.06254211E-17	+1.61334917E-05	+1.00222057E-17	+1.49948164E-12	+4.91939967E-12
UTM__06S	7416474.472	246893.008	4.498
UTM__COV	+9.88896357E-07	+3.62461189E-06	+1.61334917E-05	+1.13506244E-07	+5.44818063E-07	+1.53340969E-07
MERC_POS	-2656483.269	-16639539.638	4.498
MERC_COV	+9.88896357E-07	+3.62461189E-06	+1.61334917E-05	+1.13506244E-07	+5.44818063E-07	+1.53340969E-07
VERT_I95	0.008
HORI_I95	0.004
3D___I95	0.009

GEOD_SYS	ITRF2005	2007.274000000	(RGTAAF)
GEOC_POS	-5047203.387	-2975933.451	-2511520.688
GEOC_COV	+1.12740000E-05	+6.50300000E-06	+2.97000000E-06	+4.69600000E-06	+4.44600000E-06	+2.57100000E-06
GEOD_POS	-23.341799163	-149.475536556	4.504
GEOD_COV	+3.46599067E-16	+8.06254129E-17	+1.61334918E-05	+1.00221969E-17	+1.49949921E-12	+4.91938869E-12
UTM__06S	7416474.956	246892.101	4.504
UTM__COV	+9.88896257E-07	+3.62461196E-06	+1.61334918E-05	+1.13506148E-07	+5.44816848E-07	+1.53342771E-07
MERC_POS	-2656482.726	-16639540.615	4.504
MERC_COV	+9.88896257E-07	+3.62461196E-06	+1.61334918E-05	+1.13506148E-07	+5.44816848E-07	+1.53342771E-07
VERT_I95	0.008
HORI_I95	0.004
3D___I95	0.009

