SOFT_NAM	Gins
SOFT_VER	24.1
SOFT_TYP	PPP

TIME_SYS	TAI

GEOD_SYS	ITRF2020	2025.209575374
GEOC_POS	-4824624.191	-4041679.343	-1030241.783
GEOC_COV	+1.04616845E-05	+7.72525048E-06	+8.55511574E-07	+6.59450107E-06	+2.26587595E-06	+1.89993528E-06
GEOD_POS	-9.357906211	-140.046451969	7.080
GEOD_COV	+1.95684992E-16	+2.47260985E-17	+1.63787233E-05	-2.67150773E-18	-1.71714095E-12	-3.60639648E-12
UTM__07S	8965436.637	604707.826	7.080
UTM__COV	+3.02479116E-07	+2.36124414E-06	+1.63787233E-05	-3.24577210E-08	-3.98881019E-07	-1.88624296E-07
MERC_POS	-1039436.767	-15589899.721	7.080
MERC_COV	+3.02479116E-07	+2.36124414E-06	+1.63787233E-05	-3.24577210E-08	-3.98881019E-07	-1.88624296E-07
VERT_I95	0.008
HORI_I95	0.003
3D___I95	0.009

GEOD_SYS	ITRF1992	1993.000000000	(RGPF)
GEOC_POS	-4824622.659	-4041680.890	-1030242.826
GEOC_COV	+1.04620000E-05	+7.72500000E-06	+8.56000000E-07	+6.59500000E-06	+2.26600000E-06	+1.90000000E-06
GEOD_POS	-9.357915778	-140.046432218	7.071
GEOD_COV	+1.95642889E-16	+2.47626125E-17	+1.63793382E-05	-2.67160780E-18	-1.71894580E-12	-3.60741953E-12
UTM__07S	8965435.573	604709.992	7.071
UTM__COV	+3.02925798E-07	+2.36073597E-06	+1.63793382E-05	-3.24589358E-08	-3.98994172E-07	-1.88822550E-07
MERC_POS	-1039437.839	-15589897.522	7.071
MERC_COV	+3.02925798E-07	+2.36073597E-06	+1.63793382E-05	-3.24589358E-08	-3.98994172E-07	-1.88822550E-07
VERT_I95	0.008
HORI_I95	0.003
3D___I95	0.009

