SOFT_NAM	Gins
SOFT_VER	25.2
SOFT_TYP	IPPP

TIME_SYS	TAI

GEOD_SYS	ITRF2020	2023.061639682
GEOC_POS	-4147754.002	-4152259.248	-2488718.330
GEOC_COV	+4.64089654E-06	+5.50906589E-06	+2.08735874E-06	+4.43969337E-06	+2.48412092E-06	+2.74344698E-06
GEOD_POS	-23.117771704	-134.968899863	-3.917
GEOD_COV	+6.05017070E-17	+4.58850715E-17	+1.10397406E-05	+1.53191575E-19	+4.54932565E-12	+1.13096304E-12
UTM__08S	7443442.506	503184.418	-3.917
UTM__COV	+5.62761391E-07	+6.34819220E-07	+1.10397406E-05	+1.73781100E-09	+1.25249169E-07	+4.66002498E-07
MERC_POS	-2629497.527	-15024669.206	-3.917
MERC_COV	+5.62761391E-07	+6.34819220E-07	+1.10397406E-05	+1.73781100E-09	+1.25249169E-07	+4.66002498E-07
VERT_I95	0.007
HORI_I95	0.002
3D___I95	0.007

GEOD_SYS	ITRF1992	1993.000000000	(RGPF)
GEOC_POS	-4147752.320	-4152260.393	-2488719.210
GEOC_COV	+4.64100000E-06	+5.50900000E-06	+2.08700000E-06	+4.44000000E-06	+2.48400000E-06	+2.74300000E-06
GEOD_POS	-23.117780360	-134.968880344	-3.920
GEOD_COV	+6.04742625E-17	+4.58880760E-17	+1.10396706E-05	+1.68927547E-19	+4.54764783E-12	+1.13571721E-12
UTM__08S	7443441.548	503186.416	-3.920
UTM__COV	+5.62798241E-07	+6.34531174E-07	+1.10396706E-05	+1.91632034E-09	+1.25775673E-07	+4.65830604E-07
MERC_POS	-2629498.569	-15024667.033	-3.920
MERC_COV	+5.62798241E-07	+6.34531174E-07	+1.10396706E-05	+1.91632034E-09	+1.25775673E-07	+4.65830604E-07
VERT_I95	0.007
HORI_I95	0.002
3D___I95	0.007

GEOD_SYS	ITRF2005	2007.274000000	(RGTAAF)
GEOC_POS	-4147753.124	-4152259.855	-2488718.785
GEOC_COV	+4.64100000E-06	+5.50900000E-06	+2.08700000E-06	+4.44000000E-06	+2.48400000E-06	+2.74300000E-06
GEOD_POS	-23.117776163	-134.968889607	-3.914
GEOD_COV	+6.04742718E-17	+4.58880744E-17	+1.10396705E-05	+1.68925781E-19	+4.54766287E-12	+1.13571001E-12
UTM__08S	7443442.013	503185.468	-3.914
UTM__COV	+5.62798222E-07	+6.34531312E-07	+1.10396705E-05	+1.91630036E-09	+1.25774875E-07	+4.65832159E-07
MERC_POS	-2629498.064	-15024668.064	-3.914
MERC_COV	+5.62798222E-07	+6.34531312E-07	+1.10396705E-05	+1.91630036E-09	+1.25774875E-07	+4.65832159E-07
VERT_I95	0.007
HORI_I95	0.002
3D___I95	0.007

