SOFT_NAM	Gins
SOFT_VER	20.1.1
SOFT_TYP	PPP

TIME_SYS	TAI

GEOD_SYS	ITRF2014	2022.182178114
GEOC_POS	-5745112.463	1365284.954	-2402543.343
GEOC_COV	+9.66845968E-05	+3.08519329E-05	+1.90125448E-05	-1.37513649E-05	+3.94778808E-05	-7.56046144E-06
GEOD_POS	-22.274024471	166.632033605	63.073
GEOD_COV	+2.65338921E-15	+1.94492229E-16	+1.15979576E-04	-5.97338660E-17	+2.92071022E-11	-3.96004637E-12
UTM__58S	7535933.969	668150.643	63.073
UTM__COV	+2.38491430E-06	+2.81845840E-05	+1.15979576E-04	-6.81728140E-07	-4.38516090E-07	+3.01018929E-06
MERC_POS	-2528267.922	18549393.131	63.073
MERC_COV	+2.38491430E-06	+2.81845840E-05	+1.15979576E-04	-6.81728140E-07	-4.38516090E-07	+3.01018929E-06
VERT_I95	0.022
HORI_I95	0.011
3D___I95	0.024

GEOD_SYS	ITRF1990	1989.000000000	(RGNC91-93)
GEOC_POS	-5745111.728	1365285.523	-2402544.796
GEOC_COV	+9.66850000E-05	+3.08520000E-05	+1.90130000E-05	-1.37510000E-05	+3.94780000E-05	-7.56000000E-06
GEOD_POS	-22.274038612	166.632026587	63.083
GEOD_COV	+2.65341326E-15	+1.94526062E-16	+1.15979837E-04	-5.97592173E-17	+2.92125606E-11	-3.96059505E-12
UTM__58S	7535932.411	668149.903	63.083
UTM__COV	+2.38532919E-06	+2.81848339E-05	+1.15979837E-04	-6.82017403E-07	-4.38576850E-07	+3.01075155E-06
MERC_POS	-2528269.613	18549392.350	63.083
MERC_COV	+2.38532919E-06	+2.81848339E-05	+1.15979837E-04	-6.82017403E-07	-4.38576850E-07	+3.01075155E-06
VERT_I95	0.022
HORI_I95	0.011
3D___I95	0.024

GEOD_SYS	ITRF2005	2007.274000000	(RGTAAF)
GEOC_POS	-5745112.141	1365285.198	-2402543.987
GEOC_COV	+9.66850000E-05	+3.08520000E-05	+1.90130000E-05	-1.37510000E-05	+3.94780000E-05	-7.56000000E-06
GEOD_POS	-22.274030731	166.632030575	63.079
GEOD_COV	+2.65341293E-15	+1.94526070E-16	+1.15979837E-04	-5.97591882E-17	+2.92125033E-11	-3.96073584E-12
UTM__58S	7535933.280	668150.323	63.079
UTM__COV	+2.38532928E-06	+2.81848335E-05	+1.15979837E-04	-6.82017107E-07	-4.38592440E-07	+3.01074581E-06
MERC_POS	-2528268.671	18549392.793	63.079
MERC_COV	+2.38532928E-06	+2.81848335E-05	+1.15979837E-04	-6.82017107E-07	-4.38592440E-07	+3.01074581E-06
VERT_I95	0.022
HORI_I95	0.011
3D___I95	0.024

