SOFT_NAM	Gins
SOFT_VER	20.1.1
SOFT_TYP	PPP

TIME_SYS	TAI

GEOD_SYS	ITRF2014	2022.184917840
GEOC_POS	-5745112.472	1365284.963	-2402543.354
GEOC_COV	+2.23788191E-04	+9.15228626E-05	+4.70292582E-05	-2.93295377E-05	+9.25682740E-05	-1.68900911E-05
GEOD_POS	-22.274024523	166.632033537	63.087
GEOD_COV	+8.03968509E-15	+6.02386615E-16	+2.69555295E-04	-2.84797530E-16	+5.02216889E-11	-2.54523911E-11
UTM__58S	7535933.964	668150.636	63.087
UTM__COV	+7.38662139E-06	+8.53983954E-05	+2.69555295E-04	-3.25032522E-06	-2.81847282E-06	+5.17602839E-06
MERC_POS	-2528267.928	18549393.123	63.087
MERC_COV	+7.38662139E-06	+8.53983954E-05	+2.69555295E-04	-3.25032522E-06	-2.81847282E-06	+5.17602839E-06
VERT_I95	0.033
HORI_I95	0.019
3D___I95	0.038

GEOD_SYS	ITRF1990	1989.000000000	(RGNC91-93)
GEOC_POS	-5745111.737	1365285.532	-2402544.807
GEOC_COV	+2.23788000E-04	+9.15230000E-05	+4.70290000E-05	-2.93300000E-05	+9.25680000E-05	-1.68900000E-05
GEOD_POS	-22.274038665	166.632026519	63.098
GEOD_COV	+8.03967846E-15	+6.02385350E-16	+2.69555086E-04	-2.84816010E-16	+5.02176255E-11	-2.54490271E-11
UTM__58S	7535932.406	668149.896	63.098
UTM__COV	+7.38660593E-06	+8.53983081E-05	+2.69555086E-04	-3.25053582E-06	-2.81810032E-06	+5.17560909E-06
MERC_POS	-2528269.620	18549392.342	63.098
MERC_COV	+7.38660593E-06	+8.53983081E-05	+2.69555086E-04	-3.25053582E-06	-2.81810032E-06	+5.17560909E-06
VERT_I95	0.033
HORI_I95	0.019
3D___I95	0.038

GEOD_SYS	ITRF2005	2007.274000000	(RGTAAF)
GEOC_POS	-5745112.150	1365285.208	-2402543.998
GEOC_COV	+2.23788000E-04	+9.15230000E-05	+4.70290000E-05	-2.93300000E-05	+9.25680000E-05	-1.68900000E-05
GEOD_POS	-22.274030784	166.632030507	63.093
GEOD_COV	+8.03967752E-15	+6.02385402E-16	+2.69555086E-04	-2.84815861E-16	+5.02175041E-11	-2.54493534E-11
UTM__58S	7535933.274	668150.316	63.093
UTM__COV	+7.38660654E-06	+8.53983075E-05	+2.69555086E-04	-3.25053429E-06	-2.81813644E-06	+5.17559686E-06
MERC_POS	-2528268.677	18549392.786	63.093
MERC_COV	+7.38660654E-06	+8.53983075E-05	+2.69555086E-04	-3.25053429E-06	-2.81813644E-06	+5.17559686E-06
VERT_I95	0.033
HORI_I95	0.019
3D___I95	0.038

