SOFT_NAM	Gins
SOFT_VER	20.1.1
SOFT_TYP	PPP

TIME_SYS	TAI

GEOD_SYS	ITRF2014	2022.179438388
GEOC_POS	-5745112.474	1365284.966	-2402543.349
GEOC_COV	+7.41167263E-05	+2.41838924E-05	+1.37067558E-05	-3.61367022E-06	+2.85155710E-05	-4.46221196E-06
GEOD_POS	-22.274024480	166.632033518	63.087
GEOD_COV	+2.37498562E-15	+1.67200926E-16	+8.47297618E-05	+8.32770748E-17	+8.01514327E-11	+2.85743648E-12
UTM__58S	7535933.968	668150.634	63.087
UTM__COV	+2.05026125E-06	+2.52273514E-05	+8.47297618E-05	+9.50421082E-07	+3.16418486E-07	+8.26069573E-06
MERC_POS	-2528267.923	18549393.121	63.087
MERC_COV	+2.05026125E-06	+2.52273514E-05	+8.47297618E-05	+9.50421082E-07	+3.16418486E-07	+8.26069573E-06
VERT_I95	0.018
HORI_I95	0.010
3D___I95	0.021

GEOD_SYS	ITRF1990	1989.000000000	(RGNC91-93)
GEOC_POS	-5745111.739	1365285.534	-2402544.802
GEOC_COV	+7.41170000E-05	+2.41840000E-05	+1.37070000E-05	-3.61400000E-06	+2.85160000E-05	-4.46200000E-06
GEOD_POS	-22.274038620	166.632026501	63.098
GEOD_COV	+2.37498327E-15	+1.67201751E-16	+8.47304071E-05	+8.32438654E-17	+8.01503181E-11	+2.85578030E-12
UTM__58S	7535932.411	668149.894	63.098
UTM__COV	+2.05027138E-06	+2.52273215E-05	+8.47304071E-05	+9.50041980E-07	+3.16235090E-07	+8.26058004E-06
MERC_POS	-2528269.614	18549392.340	63.098
MERC_COV	+2.05027138E-06	+2.52273215E-05	+8.47304071E-05	+9.50041980E-07	+3.16235090E-07	+8.26058004E-06
VERT_I95	0.018
HORI_I95	0.010
3D___I95	0.021

GEOD_SYS	ITRF2005	2007.274000000	(RGTAAF)
GEOC_POS	-5745112.151	1365285.210	-2402543.993
GEOC_COV	+7.41170000E-05	+2.41840000E-05	+1.37070000E-05	-3.61400000E-06	+2.85160000E-05	-4.46200000E-06
GEOD_POS	-22.274030739	166.632030489	63.093
GEOD_COV	+2.37498290E-15	+1.67201749E-16	+8.47304083E-05	+8.32438131E-17	+8.01502776E-11	+2.85568012E-12
UTM__58S	7535933.279	668150.314	63.093
UTM__COV	+2.05027135E-06	+2.52273203E-05	+8.47304083E-05	+9.50041434E-07	+3.16223996E-07	+8.26057633E-06
MERC_POS	-2528268.672	18549392.784	63.093
MERC_COV	+2.05027135E-06	+2.52273203E-05	+8.47304083E-05	+9.50041434E-07	+3.16223996E-07	+8.26057633E-06
VERT_I95	0.018
HORI_I95	0.010
3D___I95	0.021

