SOFT_NAM	Gins
SOFT_VER	22.2
SOFT_TYP	PPP

TIME_SYS	TAI

GEOD_SYS	ITRF2020	2024.064194021
GEOC_POS	-4981209.298	-3530926.164	-1837927.642
GEOC_COV	+9.69684003E-06	+6.19627190E-06	+1.54463082E-06	+4.85631988E-06	+3.26073623E-06	+2.21378594E-06
GEOD_POS	-16.859210595	-144.669109950	-0.161
GEOD_COV	+2.45210225E-16	+2.69378349E-17	+1.43231933E-05	+5.39333536E-18	-6.06361368E-13	-6.13826698E-13
UTM__06S	8134554.022	748349.354	-0.161
UTM__COV	+3.29917008E-07	+2.78463247E-06	+1.43231933E-05	+6.36052682E-08	-6.79308084E-08	-6.46169087E-08
MERC_POS	-1892056.918	-16104491.653	-0.161
MERC_COV	+3.29917008E-07	+2.78463247E-06	+1.43231933E-05	+6.36052682E-08	-6.79308084E-08	-6.46169087E-08
VERT_I95	0.008
HORI_I95	0.004
3D___I95	0.008

GEOD_SYS	ITRF1992	1993.000000000	(RGPF)
GEOC_POS	-4981207.847	-3530927.667	-1837928.663
GEOC_COV	+9.69700000E-06	+6.19600000E-06	+1.54500000E-06	+4.85600000E-06	+3.26100000E-06	+2.21400000E-06
GEOD_POS	-16.859220257	-144.669090569	-0.166
GEOD_COV	+2.45225607E-16	+2.69481117E-17	+1.43231503E-05	+5.38394832E-18	-6.09117448E-13	-6.17996918E-13
UTM__06S	8134552.928	748351.407	-0.166
UTM__COV	+3.30042871E-07	+2.78480686E-06	+1.43231503E-05	+6.34945607E-08	-6.83923172E-08	-6.49106071E-08
MERC_POS	-1892058.035	-16104489.496	-0.166
MERC_COV	+3.30042871E-07	+2.78480686E-06	+1.43231503E-05	+6.34945607E-08	-6.83923172E-08	-6.49106071E-08
VERT_I95	0.008
HORI_I95	0.004
3D___I95	0.008

