SOFT_NAM	Gins
SOFT_VER	22.2
SOFT_TYP	PPP

TIME_SYS	TAI

GEOD_SYS	ITRF2020	2024.066926261
GEOC_POS	-4981209.313	-3530926.172	-1837927.646
GEOC_COV	+1.24789645E-05	+7.53034848E-06	+2.04582814E-06	+5.71847331E-06	+4.31424457E-06	+2.48312693E-06
GEOD_POS	-16.859210591	-144.669109972	-0.144
GEOD_COV	+3.33694230E-16	+3.97710899E-17	+1.77785849E-05	+2.72218289E-17	-5.23781256E-12	-1.69799608E-12
UTM__06S	8134554.023	748349.351	-0.144
UTM__COV	+4.87090336E-07	+3.78946593E-06	+1.77785849E-05	+3.21035430E-07	-1.87913375E-07	-5.58167579E-07
MERC_POS	-1892056.918	-16104491.656	-0.144
MERC_COV	+4.87090336E-07	+3.78946593E-06	+1.77785849E-05	+3.21035430E-07	-1.87913375E-07	-5.58167579E-07
VERT_I95	0.008
HORI_I95	0.004
3D___I95	0.009

GEOD_SYS	ITRF1992	1993.000000000	(RGPF)
GEOC_POS	-4981207.862	-3530927.675	-1837928.668
GEOC_COV	+1.24790000E-05	+7.53000000E-06	+2.04600000E-06	+5.71800000E-06	+4.31400000E-06	+2.48300000E-06
GEOD_POS	-16.859220253	-144.669090589	-0.148
GEOD_COV	+3.33714239E-16	+3.97926071E-17	+1.77779534E-05	+2.72104716E-17	-5.24078696E-12	-1.69770209E-12
UTM__06S	8134552.929	748351.405	-0.148
UTM__COV	+4.87353865E-07	+3.78969276E-06	+1.77779534E-05	+3.20901474E-07	-1.87880840E-07	-5.58484518E-07
MERC_POS	-1892058.035	-16104489.498	-0.148
MERC_COV	+4.87353865E-07	+3.78969276E-06	+1.77779534E-05	+3.20901474E-07	-1.87880840E-07	-5.58484518E-07
VERT_I95	0.008
HORI_I95	0.004
3D___I95	0.009

