SOFT_NAM	Gins
SOFT_VER	22.2
SOFT_TYP	PPP

TIME_SYS	TAI

GEOD_SYS	ITRF2020	2024.055997299
GEOC_POS	-4981209.283	-3530926.170	-1837927.634
GEOC_COV	+1.47117206E-05	+8.86414700E-06	+2.36623758E-06	+6.84217318E-06	+5.00797854E-06	+3.22652308E-06
GEOD_POS	-16.859210552	-144.669109823	-0.172
GEOD_COV	+3.84251555E-16	+3.91455336E-17	+2.10990762E-05	+9.28297576E-18	-5.14619726E-12	-2.48149640E-12
UTM__06S	8134554.027	748349.367	-0.172
UTM__COV	+4.79428927E-07	+4.36360006E-06	+2.10990762E-05	+1.09476997E-07	-2.74621578E-07	-5.48404591E-07
MERC_POS	-1892056.913	-16104491.639	-0.172
MERC_COV	+4.79428927E-07	+4.36360006E-06	+2.10990762E-05	+1.09476997E-07	-2.74621578E-07	-5.48404591E-07
VERT_I95	0.009
HORI_I95	0.004
3D___I95	0.010

GEOD_SYS	ITRF1992	1993.000000000	(RGPF)
GEOC_POS	-4981207.833	-3530927.672	-1837928.656
GEOC_COV	+1.47120000E-05	+8.86400000E-06	+2.36600000E-06	+6.84200000E-06	+5.00800000E-06	+3.22700000E-06
GEOD_POS	-16.859220211	-144.669090447	-0.176
GEOD_COV	+3.84265626E-16	+3.91142841E-17	+2.10991944E-05	+9.24608385E-18	-5.14754474E-12	-2.48314057E-12
UTM__06S	8134552.933	748351.420	-0.176
UTM__COV	+4.79046203E-07	+4.36375940E-06	+2.10991944E-05	+1.09041914E-07	-2.74803534E-07	-5.48548157E-07
MERC_POS	-1892058.030	-16104489.482	-0.176
MERC_COV	+4.79046203E-07	+4.36375940E-06	+2.10991944E-05	+1.09041914E-07	-2.74803534E-07	-5.48548157E-07
VERT_I95	0.009
HORI_I95	0.004
3D___I95	0.010

