SOFT_NAM	Gins
SOFT_VER	22.2
SOFT_TYP	PPP

TIME_SYS	TAI

GEOD_SYS	ITRF2020	2024.058729540
GEOC_POS	-4981209.306	-3530926.172	-1837927.647
GEOC_COV	+8.58917965E-06	+5.39490535E-06	+1.39351698E-06	+4.03777695E-06	+2.94636690E-06	+1.90210927E-06
GEOD_POS	-16.859210610	-144.669109932	-0.149
GEOD_COV	+2.33635933E-16	+2.32230880E-17	+1.24399871E-05	+8.16253798E-18	-1.94009443E-12	-1.41072325E-12
UTM__06S	8134554.020	748349.356	-0.149
UTM__COV	+2.84421215E-07	+2.65319363E-06	+1.24399871E-05	+9.62633295E-08	-1.56121543E-07	-2.06746194E-07
MERC_POS	-1892056.920	-16104491.651	-0.149
MERC_COV	+2.84421215E-07	+2.65319363E-06	+1.24399871E-05	+9.62633295E-08	-1.56121543E-07	-2.06746194E-07
VERT_I95	0.007
HORI_I95	0.003
3D___I95	0.008

GEOD_SYS	ITRF1992	1993.000000000	(RGPF)
GEOC_POS	-4981207.855	-3530927.674	-1837928.668
GEOC_COV	+8.58900000E-06	+5.39500000E-06	+1.39400000E-06	+4.03800000E-06	+2.94600000E-06	+1.90200000E-06
GEOD_POS	-16.859220270	-144.669090554	-0.154
GEOD_COV	+2.33617691E-16	+2.32764793E-17	+1.24399387E-05	+8.15757441E-18	-1.93796390E-12	-1.40888406E-12
UTM__06S	8134552.927	748351.409	-0.154
UTM__COV	+2.85075117E-07	+2.65298620E-06	+1.24399387E-05	+9.62047877E-08	-1.55918004E-07	-2.06519143E-07
MERC_POS	-1892058.037	-16104489.494	-0.154
MERC_COV	+2.85075117E-07	+2.65298620E-06	+1.24399387E-05	+9.62047877E-08	-1.55918004E-07	-2.06519143E-07
VERT_I95	0.007
HORI_I95	0.003
3D___I95	0.008

