SOFT_NAM	Gins
SOFT_VER	22.2
SOFT_TYP	PPP

TIME_SYS	TAI

GEOD_SYS	ITRF2020	2023.943821950
GEOC_POS	-6193652.948	-408837.519	-1462281.923
GEOC_COV	+3.31567615E-05	+8.16863840E-06	+2.58925113E-06	+1.71434327E-06	+7.88164812E-06	+5.20637291E-07
GEOD_POS	-13.342244417	-176.223435309	41.747
GEOD_COV	+6.86042481E-16	+5.52392325E-17	+3.51868257E-05	+1.07042836E-18	+5.14367939E-13	-1.51583694E-12
UTM__01S	8524884.732	584097.162	41.747
UTM__COV	+6.76123644E-07	+8.05170168E-06	+3.51868257E-05	+1.28296611E-08	-1.67703347E-07	+5.57239924E-08
MERC_POS	-1489005.717	-19617103.084	41.747
MERC_COV	+6.76123644E-07	+8.05170168E-06	+3.51868257E-05	+1.28296611E-08	-1.67703347E-07	+5.57239924E-08
VERT_I95	0.012
HORI_I95	0.006
3D___I95	0.013

GEOD_SYS	ITRF1994	1993.000000000	(RGWF)
GEOC_POS	-6193652.589	-408839.434	-1462282.932
GEOC_COV	+3.31570000E-05	+8.16900000E-06	+2.58900000E-06	+1.71400000E-06	+7.88200000E-06	+5.21000000E-07
GEOD_POS	-13.342253780	-176.223417458	41.755
GEOD_COV	+6.86077139E-16	+5.52068885E-17	+3.51871644E-05	+1.03658161E-18	+5.12030045E-13	-1.51791118E-12
UTM__01S	8524883.691	584099.092	41.755
UTM__COV	+6.75727759E-07	+8.05210784E-06	+3.51871644E-05	+1.24239891E-08	-1.67932829E-07	+5.54707148E-08
MERC_POS	-1489006.782	-19617101.097	41.755
MERC_COV	+6.75727759E-07	+8.05210784E-06	+3.51871644E-05	+1.24239891E-08	-1.67932829E-07	+5.54707148E-08
VERT_I95	0.012
HORI_I95	0.006
3D___I95	0.013

