SOFT_NAM	Gins
SOFT_VER	22.2
SOFT_TYP	PPP

TIME_SYS	TAI

GEOD_SYS	ITRF2020	2023.946561676
GEOC_POS	-6193652.920	-408837.517	-1462281.911
GEOC_COV	+2.67122832E-05	+6.50006957E-06	+2.18268306E-06	+1.61683154E-06	+6.55121393E-06	+4.77299877E-07
GEOD_POS	-13.342244372	-176.223435310	41.718
GEOD_COV	+5.43199377E-16	+4.45990381E-17	+2.84739163E-05	+1.64934069E-18	+2.55987918E-12	-3.00964974E-12
UTM__01S	8524884.737	584097.162	41.718
UTM__COV	+5.45888538E-07	+6.37523101E-06	+2.84739163E-05	+1.97682373E-08	-3.32970070E-07	+2.77324220E-07
MERC_POS	-1489005.712	-19617103.085	41.718
MERC_COV	+5.45888538E-07	+6.37523101E-06	+2.84739163E-05	+1.97682373E-08	-3.32970070E-07	+2.77324220E-07
VERT_I95	0.011
HORI_I95	0.005
3D___I95	0.012

GEOD_SYS	ITRF1994	1993.000000000	(RGWF)
GEOC_POS	-6193652.561	-408839.432	-1462282.921
GEOC_COV	+2.67120000E-05	+6.50000000E-06	+2.18300000E-06	+1.61700000E-06	+6.55100000E-06	+4.77000000E-07
GEOD_POS	-13.342253735	-176.223417457	41.725
GEOD_COV	+5.43191509E-16	+4.46309696E-17	+2.84735824E-05	+1.67602149E-18	+2.56083627E-12	-3.00889592E-12
UTM__01S	8524883.696	584099.092	41.725
UTM__COV	+5.46279379E-07	+6.37513819E-06	+2.84735824E-05	+2.00880204E-08	-3.32886673E-07	+2.77427896E-07
MERC_POS	-1489006.776	-19617101.097	41.725
MERC_COV	+5.46279379E-07	+6.37513819E-06	+2.84735824E-05	+2.00880204E-08	-3.32886673E-07	+2.77427896E-07
VERT_I95	0.011
HORI_I95	0.005
3D___I95	0.012

