SOFT_NAM	Gins
SOFT_VER	25.2
SOFT_TYP	IPPP

TIME_SYS	TAI

GEOD_SYS	ITRF2020	2024.228137934
GEOC_POS	-5242492.812	-3089133.856	-1905207.771
GEOC_COV	+5.01813220E-06	+1.97597669E-06	+1.06493808E-06	+2.59941639E-06	+1.78410536E-06	+1.03357647E-06
GEOD_POS	-17.495495718	-149.491322298	9.958
GEOD_COV	+4.31018492E-17	+3.05765753E-17	+7.19837479E-06	-5.79576654E-19	-6.81281368E-13	-1.16087375E-12
UTM__06S	8063899.563	235453.539	9.958
UTM__COV	+3.74530280E-07	+4.86141898E-07	+7.19837479E-06	-6.81229592E-09	-1.28479559E-07	-7.23535903E-08
MERC_POS	-1965741.932	-16641297.876	9.958
MERC_COV	+3.74530280E-07	+4.86141898E-07	+7.19837479E-06	-6.81229592E-09	-1.28479559E-07	-7.23535903E-08
VERT_I95	0.005
HORI_I95	0.002
3D___I95	0.006

GEOD_SYS	ITRF1992	1993.000000000	(RGPF)
GEOC_POS	-5242491.503	-3089135.438	-1905208.789
GEOC_COV	+5.01800000E-06	+1.97600000E-06	+1.06500000E-06	+2.59900000E-06	+1.78400000E-06	+1.03400000E-06
GEOD_POS	-17.495505376	-149.491303205	9.954
GEOD_COV	+4.31326657E-17	+3.05719860E-17	+7.19803651E-06	-6.16942285E-19	-6.81318109E-13	-1.16312580E-12
UTM__06S	8063898.520	235455.582	9.954
UTM__COV	+3.74474066E-07	+4.86489422E-07	+7.19803651E-06	-7.25148806E-09	-1.28728805E-07	-7.23574884E-08
MERC_POS	-1965743.053	-16641295.751	9.954
MERC_COV	+3.74474066E-07	+4.86489422E-07	+7.19803651E-06	-7.25148806E-09	-1.28728805E-07	-7.23574884E-08
VERT_I95	0.005
HORI_I95	0.002
3D___I95	0.006

