SOFT_NAM	Gins
SOFT_VER	25.2
SOFT_TYP	IPPP

TIME_SYS	TAI

GEOD_SYS	ITRF2020	2024.225405693
GEOC_POS	-5242492.819	-3089133.868	-1905207.768
GEOC_COV	+7.86896879E-06	+3.18588026E-06	+1.66615079E-06	+4.21729479E-06	+2.83271902E-06	+1.67276820E-06
GEOD_POS	-17.495495667	-149.491322234	9.968
GEOD_COV	+6.23901965E-17	+4.60933201E-17	+1.14527126E-05	-3.74769424E-19	-3.46784131E-14	-1.85139213E-12
UTM__06S	8063899.569	235453.546	9.968
UTM__COV	+5.64593777E-07	+7.03693442E-07	+1.14527126E-05	-4.40500874E-09	-2.04902596E-07	-3.68292429E-09
MERC_POS	-1965741.927	-16641297.869	9.968
MERC_COV	+5.64593777E-07	+7.03693442E-07	+1.14527126E-05	-4.40500874E-09	-2.04902596E-07	-3.68292429E-09
VERT_I95	0.007
HORI_I95	0.002
3D___I95	0.007

GEOD_SYS	ITRF1992	1993.000000000	(RGPF)
GEOC_POS	-5242491.509	-3089135.450	-1905208.786
GEOC_COV	+7.86900000E-06	+3.18600000E-06	+1.66600000E-06	+4.21700000E-06	+2.83300000E-06	+1.67300000E-06
GEOD_POS	-17.495505325	-149.491303142	9.964
GEOD_COV	+6.24216606E-17	+4.60637697E-17	+1.14527199E-05	-3.82056002E-19	-3.54838686E-14	-1.85417605E-12
UTM__06S	8063898.526	235455.588	9.964
UTM__COV	+5.64231817E-07	+7.04048248E-07	+1.14527199E-05	-4.49065433E-09	-2.05210706E-07	-3.76846525E-09
MERC_POS	-1965743.047	-16641295.744	9.964
MERC_COV	+5.64231817E-07	+7.04048248E-07	+1.14527199E-05	-4.49065433E-09	-2.05210706E-07	-3.76846525E-09
VERT_I95	0.007
HORI_I95	0.002
3D___I95	0.007

