SOFT_NAM	Gins
SOFT_VER	25.2
SOFT_TYP	IPPP

TIME_SYS	TAI

GEOD_SYS	ITRF2020	2024.230870174
GEOC_POS	-5242492.814	-3089133.860	-1905207.770
GEOC_COV	+7.15161459E-06	+2.95525694E-06	+1.58972276E-06	+3.90518852E-06	+2.70390844E-06	+1.57923562E-06
GEOD_POS	-17.495495703	-149.491322270	9.961
GEOD_COV	+5.50271439E-17	+4.14542922E-17	+1.05681774E-05	+2.43483414E-18	+4.76041851E-13	-2.72118971E-12
UTM__06S	8063899.565	235453.542	9.961
UTM__COV	+5.07770656E-07	+6.20646229E-07	+1.05681774E-05	+2.86188386E-08	-3.01167336E-07	+5.05566990E-08
MERC_POS	-1965741.931	-16641297.873	9.961
MERC_COV	+5.07770656E-07	+6.20646229E-07	+1.05681774E-05	+2.86188386E-08	-3.01167336E-07	+5.05566990E-08
VERT_I95	0.007
HORI_I95	0.002
3D___I95	0.007

GEOD_SYS	ITRF1992	1993.000000000	(RGPF)
GEOC_POS	-5242491.504	-3089135.442	-1905208.788
GEOC_COV	+7.15200000E-06	+2.95500000E-06	+1.59000000E-06	+3.90500000E-06	+2.70400000E-06	+1.57900000E-06
GEOD_POS	-17.495505362	-149.491303175	9.957
GEOD_COV	+5.50336651E-17	+4.14771848E-17	+1.05682292E-05	+2.44556565E-18	+4.71962705E-13	-2.72144865E-12
UTM__06S	8063898.522	235455.585	9.957
UTM__COV	+5.08051066E-07	+6.20719715E-07	+1.05682292E-05	+2.87449743E-08	-3.01195994E-07	+5.01234820E-08
MERC_POS	-1965743.051	-16641295.748	9.957
MERC_COV	+5.08051066E-07	+6.20719715E-07	+1.05682292E-05	+2.87449743E-08	-3.01195994E-07	+5.01234820E-08
VERT_I95	0.007
HORI_I95	0.002
3D___I95	0.007

