SOFT_NAM	Gins
SOFT_VER	25.2
SOFT_TYP	IPPP

TIME_SYS	TAI

GEOD_SYS	ITRF2020	2022.231502695
GEOC_POS	-4824629.721	-4041667.628	-1030249.644
GEOC_COV	+3.55415451E-06	+2.55760480E-06	+3.69270018E-07	+2.54473238E-06	+6.02758159E-07	+5.24244928E-07
GEOD_POS	-9.357981167	-140.046566045	5.118
GEOD_COV	+3.83877114E-17	+2.06459369E-17	+5.76525673E-06	-1.79875502E-18	-3.78730314E-13	+8.18495819E-13
UTM__07S	8965428.382	604695.276	5.118
UTM__COV	+2.52565561E-07	+4.63207031E-07	+5.76525673E-06	-2.18541162E-08	+9.05286893E-08	-4.16027011E-08
MERC_POS	-1039445.168	-15589912.420	5.118
MERC_COV	+2.52565561E-07	+4.63207031E-07	+5.76525673E-06	-2.18541162E-08	+9.05286893E-08	-4.16027011E-08
VERT_I95	0.005
HORI_I95	0.002
3D___I95	0.005

GEOD_SYS	ITRF1992	1993.000000000	(RGPF)
GEOC_POS	-4824628.330	-4041669.032	-1030250.592
GEOC_COV	+3.55400000E-06	+2.55800000E-06	+3.69000000E-07	+2.54500000E-06	+6.03000000E-07	+5.24000000E-07
GEOD_POS	-9.357989866	-140.046548122	5.110
GEOD_COV	+3.83798457E-17	+2.06244383E-17	+5.76558534E-06	-1.76664754E-18	-3.76401137E-13	+8.19141232E-13
UTM__07S	8965427.415	604697.242	5.110
UTM__COV	+2.52302564E-07	+4.63112095E-07	+5.76558534E-06	-2.14640232E-08	+9.06000744E-08	-4.13468450E-08
MERC_POS	-1039446.143	-15589910.424	5.110
MERC_COV	+2.52302564E-07	+4.63112095E-07	+5.76558534E-06	-2.14640232E-08	+9.06000744E-08	-4.13468450E-08
VERT_I95	0.005
HORI_I95	0.002
3D___I95	0.005

