SOFT_NAM	Gins
SOFT_VER	25.2
SOFT_TYP	IPPP

TIME_SYS	TAI

GEOD_SYS	ITRF2020	2022.228762969
GEOC_POS	-4824629.720	-4041667.634	-1030249.642
GEOC_COV	+3.75717533E-06	+2.78059684E-06	+3.88410968E-07	+2.76611195E-06	+6.68246366E-07	+5.68333099E-07
GEOD_POS	-9.357981143	-140.046565999	5.122
GEOD_COV	+3.81227520E-17	+2.10374948E-17	+6.20881769E-06	-4.77329492E-19	+4.58359317E-14	+7.41008218E-13
UTM__07S	8965428.385	604695.281	5.122
UTM__COV	+2.57355561E-07	+4.60009887E-07	+6.20881769E-06	-5.79935237E-09	+8.19582718E-08	+5.03497739E-09
MERC_POS	-1039445.166	-15589912.414	5.122
MERC_COV	+2.57355561E-07	+4.60009887E-07	+6.20881769E-06	-5.79935237E-09	+8.19582718E-08	+5.03497739E-09
VERT_I95	0.005
HORI_I95	0.002
3D___I95	0.005

GEOD_SYS	ITRF1992	1993.000000000	(RGPF)
GEOC_POS	-4824628.330	-4041669.038	-1030250.590
GEOC_COV	+3.75700000E-06	+2.78100000E-06	+3.88000000E-07	+2.76600000E-06	+6.68000000E-07	+5.68000000E-07
GEOD_POS	-9.357989840	-140.046548079	5.113
GEOD_COV	+3.81455292E-17	+2.10152533E-17	+6.20863182E-06	-4.65893530E-19	+4.80576603E-14	+7.44993265E-13
UTM__07S	8965427.418	604697.247	5.113
UTM__COV	+2.57083476E-07	+4.60284705E-07	+6.20863182E-06	-5.66041009E-09	+8.23990328E-08	+5.27902931E-09
MERC_POS	-1039446.140	-15589910.420	5.113
MERC_COV	+2.57083476E-07	+4.60284705E-07	+6.20863182E-06	-5.66041009E-09	+8.23990328E-08	+5.27902931E-09
VERT_I95	0.005
HORI_I95	0.002
3D___I95	0.005

