SOFT_NAM	Gins
SOFT_VER	24.2
SOFT_TYP	PPP

TIME_SYS	TAI

GEOD_SYS	ITRF2020	2025.773958936
GEOC_POS	-5047638.258	-2974912.431	-2511846.220
GEOC_COV	+5.94610051E-06	+3.12531877E-06	+1.38028002E-06	+2.45439184E-06	+2.27202614E-06	+1.20005133E-06
GEOD_POS	-23.345012692	-149.486297286	1.393
GEOD_COV	+1.63075256E-16	+3.68977441E-17	+8.29383654E-06	+8.13413180E-18	-8.68060940E-13	+3.76709292E-12
UTM__06S	7416100.076	245797.533	1.393
UTM__COV	+4.52562460E-07	+1.70530030E-06	+8.29383654E-06	+9.21206431E-08	+4.17201334E-07	-8.87680368E-08
MERC_POS	-2656870.145	-16640738.494	1.393
MERC_COV	+4.52562460E-07	+1.70530030E-06	+8.29383654E-06	+9.21206431E-08	+4.17201334E-07	-8.87680368E-08
VERT_I95	0.006
HORI_I95	0.003
3D___I95	0.006

GEOD_SYS	ITRF1992	1993.000000000	(RGPF)
GEOC_POS	-5047636.825	-2974913.985	-2511847.249
GEOC_COV	+5.94600000E-06	+3.12500000E-06	+1.38000000E-06	+2.45400000E-06	+2.27200000E-06	+1.20000000E-06
GEOD_POS	-23.345022818	-149.486277069	1.392
GEOD_COV	+1.63082963E-16	+3.68749995E-17	+8.29333587E-06	+8.12666166E-18	-8.70763841E-13	+3.76668520E-12
UTM__06S	7416098.990	245799.620	1.392
UTM__COV	+4.52283491E-07	+1.70538064E-06	+8.29333587E-06	+9.20360354E-08	+4.17156180E-07	-8.90444291E-08
MERC_POS	-2656871.366	-16640736.244	1.392
MERC_COV	+4.52283491E-07	+1.70538064E-06	+8.29333587E-06	+9.20360354E-08	+4.17156180E-07	-8.90444291E-08
VERT_I95	0.006
HORI_I95	0.003
3D___I95	0.006

GEOD_SYS	ITRF2005	2007.274000000	(RGTAAF)
GEOC_POS	-5047637.455	-2974913.315	-2511846.793
GEOC_COV	+5.94600000E-06	+3.12500000E-06	+1.38000000E-06	+2.45400000E-06	+2.27200000E-06	+1.20000000E-06
GEOD_POS	-23.345018313	-149.486285848	1.398
GEOD_COV	+1.63082950E-16	+3.68749932E-17	+8.29333596E-06	+8.12666046E-18	-8.70754430E-13	+3.76667956E-12
UTM__06S	7416099.474	245798.714	1.398
UTM__COV	+4.52283414E-07	+1.70538062E-06	+8.29333596E-06	+9.20360250E-08	+4.17155556E-07	-8.90434698E-08
MERC_POS	-2656870.823	-16640737.221	1.398
MERC_COV	+4.52283414E-07	+1.70538062E-06	+8.29333596E-06	+9.20360250E-08	+4.17155556E-07	-8.90434698E-08
VERT_I95	0.006
HORI_I95	0.003
3D___I95	0.006

