SOFT_NAM	Gins
SOFT_VER	25.2
SOFT_TYP	IPPP

TIME_SYS	TAI

GEOD_SYS	ITRF2020	2026.201365709
GEOC_POS	-5222939.099	-3101730.204	-1937949.214
GEOC_COV	+9.09001253E-06	+3.55444221E-06	+2.13864845E-06	+4.72262301E-06	+3.31574110E-06	+1.83697866E-06
GEOD_POS	-17.805935669	-149.295329257	11.741
GEOD_COV	+7.57056351E-17	+6.81838352E-17	+1.30969150E-05	+4.78043165E-18	-1.85683663E-12	-2.43342816E-12
UTM__06S	8029793.890	256692.751	11.741
UTM__COV	+8.35231933E-07	+8.50956238E-07	+1.30969150E-05	+5.60943933E-08	-2.69327910E-07	-1.96862594E-07
MERC_POS	-2001786.688	-16619480.031	11.741
MERC_COV	+8.35231933E-07	+8.50956238E-07	+1.30969150E-05	+5.60943933E-08	-2.69327910E-07	-1.96862594E-07
VERT_I95	0.007
HORI_I95	0.003
3D___I95	0.008

GEOD_SYS	ITRF1992	1993.000000000	(RGPF)
GEOC_POS	-5222937.697	-3101731.877	-1937950.293
GEOC_COV	+9.09000000E-06	+3.55400000E-06	+2.13900000E-06	+4.72300000E-06	+3.31600000E-06	+1.83700000E-06
GEOD_POS	-17.805945920	-149.295308934	11.737
GEOD_COV	+7.56468304E-17	+6.82003200E-17	+1.30972710E-05	+4.78945983E-18	-1.85727791E-12	-2.43550521E-12
UTM__06S	8029792.782	256694.921	11.737
UTM__COV	+8.35433868E-07	+8.50295156E-07	+1.30972710E-05	+5.62003282E-08	-2.69557795E-07	-1.96909368E-07
MERC_POS	-2001787.879	-16619477.768	11.737
MERC_COV	+8.35433868E-07	+8.50295156E-07	+1.30972710E-05	+5.62003282E-08	-2.69557795E-07	-1.96909368E-07
VERT_I95	0.007
HORI_I95	0.003
3D___I95	0.008

