SOFT_NAM	Gins
SOFT_VER	25.2
SOFT_TYP	IPPP

TIME_SYS	TAI

GEOD_SYS	ITRF2020	2026.204105435
GEOC_POS	-5222939.086	-3101730.202	-1937949.204
GEOC_COV	+1.37538738E-05	+5.56251188E-06	+2.73657386E-06	+7.39690405E-06	+4.75930704E-06	+2.72432204E-06
GEOD_POS	-17.805935614	-149.295329213	11.727
GEOD_COV	+1.07049979E-16	+8.01346231E-17	+1.98680570E-05	+5.64914691E-18	-7.60333030E-13	+1.72554896E-13
UTM__06S	8029793.896	256692.756	11.727
UTM__COV	+9.81625567E-07	+1.20327697E-06	+1.98680570E-05	+6.62880447E-08	+1.90980980E-08	-8.06108250E-08
MERC_POS	-2001786.681	-16619480.026	11.727
MERC_COV	+9.81625567E-07	+1.20327697E-06	+1.98680570E-05	+6.62880447E-08	+1.90980980E-08	-8.06108250E-08
VERT_I95	0.009
HORI_I95	0.003
3D___I95	0.009

GEOD_SYS	ITRF1992	1993.000000000	(RGPF)
GEOC_POS	-5222937.684	-3101731.876	-1937950.283
GEOC_COV	+1.37540000E-05	+5.56300000E-06	+2.73700000E-06	+7.39700000E-06	+4.75900000E-06	+2.72400000E-06
GEOD_POS	-17.805945866	-149.295308888	11.723
GEOD_COV	+1.07077532E-16	+8.01888524E-17	+1.98681236E-05	+5.66423077E-18	-7.58899973E-13	+1.75413491E-13
UTM__06S	8029792.788	256694.925	11.723
UTM__COV	+9.82289860E-07	+1.20358653E-06	+1.98681236E-05	+6.64650375E-08	+1.94144827E-08	-8.04588871E-08
MERC_POS	-2001787.873	-16619477.763	11.723
MERC_COV	+9.82289860E-07	+1.20358653E-06	+1.98681236E-05	+6.64650375E-08	+1.94144827E-08	-8.04588871E-08
VERT_I95	0.009
HORI_I95	0.003
3D___I95	0.009

