SOFT_NAM	Gins
SOFT_VER	24.1
SOFT_TYP	PPP

TIME_SYS	TAI

GEOD_SYS	ITRF2020	2024.744521890
GEOC_POS	-5222939.032	-3101730.289	-1937949.258
GEOC_COV	+9.58058587E-06	+5.25869379E-06	+1.54787294E-06	+4.37830580E-06	+3.38997674E-06	+1.94930933E-06
GEOD_POS	-17.805936090	-149.295328241	11.742
GEOD_COV	+2.26070101E-16	+2.25578203E-17	+1.35697236E-05	+9.61134124E-18	+1.61778535E-12	-4.41936835E-13
UTM__06S	8029793.845	256692.860	11.742
UTM__COV	+2.76326666E-07	+2.54110228E-06	+1.35697236E-05	+1.12781103E-07	-4.89128573E-08	+1.71518278E-07
MERC_POS	-2001786.737	-16619479.918	11.742
MERC_COV	+2.76326666E-07	+2.54110228E-06	+1.35697236E-05	+1.12781103E-07	-4.89128573E-08	+1.71518278E-07
VERT_I95	0.007
HORI_I95	0.003
3D___I95	0.008

GEOD_SYS	ITRF1992	1993.000000000	(RGPF)
GEOC_POS	-5222937.691	-3101731.889	-1937950.291
GEOC_COV	+9.58100000E-06	+5.25900000E-06	+1.54800000E-06	+4.37800000E-06	+3.39000000E-06	+1.94900000E-06
GEOD_POS	-17.805945900	-149.295308812	11.738
GEOD_COV	+2.26123748E-16	+2.25746777E-17	+1.35697618E-05	+9.62886107E-18	+1.61521066E-12	-4.40927653E-13
UTM__06S	8029792.784	256694.933	11.738
UTM__COV	+2.76533164E-07	+2.54170501E-06	+1.35697618E-05	+1.12986677E-07	-4.88011627E-08	+1.71245298E-07
MERC_POS	-2001787.877	-16619477.755	11.738
MERC_COV	+2.76533164E-07	+2.54170501E-06	+1.35697618E-05	+1.12986677E-07	-4.88011627E-08	+1.71245298E-07
VERT_I95	0.007
HORI_I95	0.003
3D___I95	0.008

