SOFT_NAM	Gins
SOFT_VER	24.2
SOFT_TYP	PPP

TIME_SYS	TAI

GEOD_SYS	ITRF2020	2025.672589073
GEOC_POS	-5256935.972	-3060783.644	-1911113.795
GEOC_COV	+3.45312261E-05	+1.78757947E-05	+3.90373423E-06	+1.64006662E-05	+7.72211886E-06	+5.43583134E-06
GEOD_POS	-17.551459658	-149.790444294	8.755
GEOD_COV	+6.94599486E-16	+1.78974434E-16	+4.62889652E-05	-4.39799258E-17	+9.97541331E-12	+3.61179939E-11
UTM__06S	8057261.454	203761.962	8.755
UTM__COV	+2.19226890E-06	+7.82952099E-06	+4.62889652E-05	-5.16780684E-07	+3.99737629E-06	+1.05908610E-06
MERC_POS	-1972235.191	-16674595.985	8.755
MERC_COV	+2.19226890E-06	+7.82952099E-06	+4.62889652E-05	-5.16780684E-07	+3.99737629E-06	+1.05908610E-06
VERT_I95	0.014
HORI_I95	0.006
3D___I95	0.015

GEOD_SYS	ITRF1992	1993.000000000	(RGPF)
GEOC_POS	-5256934.610	-3060785.304	-1911114.860
GEOC_COV	+3.45310000E-05	+1.78760000E-05	+3.90400000E-06	+1.64010000E-05	+7.72200000E-06	+5.43600000E-06
GEOD_POS	-17.551469763	-149.790424333	8.751
GEOD_COV	+6.94582282E-16	+1.78996389E-16	+4.62891360E-05	-4.39876112E-17	+9.97903870E-12	+3.61179555E-11
UTM__06S	8057260.366	203764.099	8.751
UTM__COV	+2.19253783E-06	+7.82932619E-06	+4.62891360E-05	-5.16870961E-07	+3.99737205E-06	+1.05947094E-06
MERC_POS	-1972236.364	-16674593.762	8.751
MERC_COV	+2.19253783E-06	+7.82932619E-06	+4.62891360E-05	-5.16870961E-07	+3.99737205E-06	+1.05947094E-06
VERT_I95	0.014
HORI_I95	0.006
3D___I95	0.015

