SOFT_NAM	Gins
SOFT_VER	24.2
SOFT_TYP	PPP

TIME_SYS	TAI

GEOD_SYS	ITRF2020	2025.669849347
GEOC_POS	-5256935.950	-3060783.613	-1911113.789
GEOC_COV	+6.11497103E-05	+2.85476088E-05	+7.70128923E-06	+2.87764970E-05	+1.43095569E-05	+9.71028594E-06
GEOD_POS	-17.551459707	-149.790444443	8.720
GEOD_COV	+1.04470060E-15	+3.40136670E-16	+8.14563950E-05	-9.59297784E-17	+3.64653887E-12	+5.48964255E-11
UTM__06S	8057261.448	203761.946	8.720
UTM__COV	+4.16635504E-06	+1.17758584E-05	+8.14563950E-05	-1.12721100E-06	+6.07568818E-06	+3.87151737E-07
MERC_POS	-1972235.197	-16674596.001	8.720
MERC_COV	+4.16635504E-06	+1.17758584E-05	+8.14563950E-05	-1.12721100E-06	+6.07568818E-06	+3.87151737E-07
VERT_I95	0.018
HORI_I95	0.008
3D___I95	0.020

GEOD_SYS	ITRF1992	1993.000000000	(RGPF)
GEOC_POS	-5256934.589	-3060785.273	-1911114.854
GEOC_COV	+6.11500000E-05	+2.85480000E-05	+7.70100000E-06	+2.87760000E-05	+1.43100000E-05	+9.71000000E-06
GEOD_POS	-17.551469811	-149.790424483	8.716
GEOD_COV	+1.04477148E-15	+3.40103269E-16	+8.14563981E-05	-9.58969027E-17	+3.64317477E-12	+5.48952261E-11
UTM__06S	8057260.361	203764.083	8.716
UTM__COV	+4.16594591E-06	+1.17766560E-05	+8.14563981E-05	-1.12682463E-06	+6.07555544E-06	+3.86794550E-07
MERC_POS	-1972236.369	-16674593.779	8.716
MERC_COV	+4.16594591E-06	+1.17766560E-05	+8.14563981E-05	-1.12682463E-06	+6.07555544E-06	+3.86794550E-07
VERT_I95	0.018
HORI_I95	0.008
3D___I95	0.020

