SOFT_NAM	Gins
SOFT_VER	25.2
SOFT_TYP	IPPP

TIME_SYS	TAI

GEOD_SYS	ITRF2020	2023.121913654
GEOC_POS	-5741239.724	1387195.163	-2399269.665
GEOC_COV	+3.07534843E-05	+4.15967850E-06	+6.90463539E-06	-7.93759203E-06	+1.22178592E-05	-3.59702762E-06
GEOD_POS	-22.242081587	166.416565056	62.935
GEOD_COV	+1.88428100E-16	+1.40027409E-16	+3.80983475E-05	+1.79793580E-17	-1.11978583E-11	+3.22732754E-13
UTM__58S	7539694.439	645980.258	62.935
UTM__COV	+1.71703894E-06	+2.00241170E-06	+3.80983475E-05	+2.05239798E-07	+3.57376993E-08	-1.15435349E-06
MERC_POS	-2524447.819	18525407.282	62.935
MERC_COV	+1.71703894E-06	+2.00241170E-06	+3.80983475E-05	+2.05239798E-07	+3.57376993E-08	-1.15435349E-06
VERT_I95	0.012
HORI_I95	0.004
3D___I95	0.013

GEOD_SYS	ITRF1990	1989.000000000	(RGNC91-93)
GEOC_POS	-5741238.965	1387195.765	-2399271.154
GEOC_COV	+3.07530000E-05	+4.16000000E-06	+6.90500000E-06	-7.93800000E-06	+1.22180000E-05	-3.59700000E-06
GEOD_POS	-22.242096074	166.416557650	62.946
GEOD_COV	+1.88436656E-16	+1.40042467E-16	+3.80982742E-05	+1.79563391E-17	-1.12025086E-11	+3.20020009E-13
UTM__58S	7539692.842	645979.480	62.946
UTM__COV	+1.71722360E-06	+2.00250221E-06	+3.80982742E-05	+2.04977010E-07	+3.54373046E-08	-1.15483276E-06
MERC_POS	-2524449.551	18525406.457	62.946
MERC_COV	+1.71722360E-06	+2.00250221E-06	+3.80982742E-05	+2.04977010E-07	+3.54373046E-08	-1.15483276E-06
VERT_I95	0.012
HORI_I95	0.004
3D___I95	0.013

GEOD_SYS	ITRF2005	2007.274000000	(RGTAAF)
GEOC_POS	-5741239.379	1387195.430	-2399270.345
GEOC_COV	+3.07530000E-05	+4.16000000E-06	+6.90500000E-06	-7.93800000E-06	+1.22180000E-05	-3.59700000E-06
GEOD_POS	-22.242088203	166.416561755	62.940
GEOD_COV	+1.88436649E-16	+1.40042467E-16	+3.80982740E-05	+1.79563525E-17	-1.12025309E-11	+3.19974720E-13
UTM__58S	7539693.709	645979.911	62.940
UTM__COV	+1.71722359E-06	+2.00250236E-06	+3.80982740E-05	+2.04977174E-07	+3.54322894E-08	-1.15483512E-06
MERC_POS	-2524448.610	18525406.914	62.940
MERC_COV	+1.71722359E-06	+2.00250236E-06	+3.80982740E-05	+2.04977174E-07	+3.54322894E-08	-1.15483512E-06
VERT_I95	0.012
HORI_I95	0.004
3D___I95	0.013

