SOFT_NAM	Gins
SOFT_VER	25.2
SOFT_TYP	IPPP

TIME_SYS	TAI

GEOD_SYS	ITRF2020	2023.124653380
GEOC_POS	-5741239.723	1387195.172	-2399269.681
GEOC_COV	+9.02312981E-06	+1.21668016E-06	+1.96851683E-06	-2.43006025E-06	+3.54035402E-06	-1.02971246E-06
GEOD_POS	-22.242081712	166.416564974	62.941
GEOD_COV	+5.06031765E-17	+4.04270417E-17	+1.11748475E-05	+1.14230608E-18	-4.03247339E-12	+7.38325127E-13
UTM__58S	7539694.425	645980.249	62.941
UTM__COV	+4.95722985E-07	+5.37756271E-07	+1.11748475E-05	+1.30397687E-08	+8.17581763E-08	-4.15695537E-07
MERC_POS	-2524447.834	18525407.273	62.941
MERC_COV	+4.95722985E-07	+5.37756271E-07	+1.11748475E-05	+1.30397687E-08	+8.17581763E-08	-4.15695537E-07
VERT_I95	0.007
HORI_I95	0.002
3D___I95	0.007

GEOD_SYS	ITRF1990	1989.000000000	(RGNC91-93)
GEOC_POS	-5741238.963	1387195.774	-2399271.170
GEOC_COV	+9.02300000E-06	+1.21700000E-06	+1.96900000E-06	-2.43000000E-06	+3.54000000E-06	-1.03000000E-06
GEOD_POS	-22.242096200	166.416557568	62.953
GEOD_COV	+5.06335297E-17	+4.04750595E-17	+1.11746095E-05	+1.17007595E-18	-4.03423340E-12	+7.38183712E-13
UTM__58S	7539692.828	645979.471	62.953
UTM__COV	+4.96311791E-07	+5.38078724E-07	+1.11746095E-05	+1.33567688E-08	+8.17425171E-08	-4.15876930E-07
MERC_POS	-2524449.566	18525406.448	62.953
MERC_COV	+4.96311791E-07	+5.38078724E-07	+1.11746095E-05	+1.33567688E-08	+8.17425171E-08	-4.15876930E-07
VERT_I95	0.007
HORI_I95	0.002
3D___I95	0.007

GEOD_SYS	ITRF2005	2007.274000000	(RGTAAF)
GEOC_POS	-5741239.378	1387195.438	-2399270.361
GEOC_COV	+9.02300000E-06	+1.21700000E-06	+1.96900000E-06	-2.43000000E-06	+3.54000000E-06	-1.03000000E-06
GEOD_POS	-22.242088330	166.416561672	62.946
GEOD_COV	+5.06335293E-17	+4.04750579E-17	+1.11746095E-05	+1.17008052E-18	-4.03424003E-12	+7.38170374E-13
UTM__58S	7539693.695	645979.902	62.946
UTM__COV	+4.96311769E-07	+5.38078779E-07	+1.11746095E-05	+1.33568217E-08	+8.17410399E-08	-4.15877636E-07
MERC_POS	-2524448.625	18525406.905	62.946
MERC_COV	+4.96311769E-07	+5.38078779E-07	+1.11746095E-05	+1.33568217E-08	+8.17410399E-08	-4.15877636E-07
VERT_I95	0.007
HORI_I95	0.002
3D___I95	0.007

