SOFT_NAM	Gins
SOFT_VER	21.2
SOFT_TYP	PPP

TIME_SYS	TAI

GEOD_SYS	ITRF2014	2022.894506881
GEOC_POS	-5210325.110	-3293061.809	-1634312.942
GEOC_COV	+2.52253379E-05	+1.69295567E-05	+3.12124294E-06	+1.26535906E-05	+7.52433464E-06	+5.08731522E-06
GEOD_POS	-14.945841821	-147.706042164	7.218
GEOD_COV	+6.79877911E-16	+5.47157853E-17	+3.67380586E-05	+1.37126675E-17	+1.57913202E-11	-9.47798577E-13
UTM__06S	8347543.473	424074.446	7.218
UTM__COV	+6.69887864E-07	+7.86819102E-06	+3.67380586E-05	+1.63225747E-07	-1.04872299E-07	+1.69879284E-06
MERC_POS	-1671945.776	-16442561.401	7.218
MERC_COV	+6.69887864E-07	+7.86819102E-06	+3.67380586E-05	+1.63225747E-07	-1.04872299E-07	+1.69879284E-06
VERT_I95	0.012
HORI_I95	0.006
3D___I95	0.013

GEOD_SYS	ITRF1992	1993.000000000	(RGPF)
GEOC_POS	-5210323.820	-3293063.342	-1634313.944
GEOC_COV	+2.52250000E-05	+1.69300000E-05	+3.12100000E-06	+1.26540000E-05	+7.52400000E-06	+5.08700000E-06
GEOD_POS	-14.945851207	-147.706023716	7.213
GEOD_COV	+6.79864967E-16	+5.47170164E-17	+3.67380565E-05	+1.37313114E-17	+1.57957734E-11	-9.43086435E-13
UTM__06S	8347542.441	424076.433	7.213
UTM__COV	+6.69902936E-07	+7.86804052E-06	+3.67380565E-05	+1.63447663E-07	-1.04350909E-07	+1.69927183E-06
MERC_POS	-1671946.851	-16442559.347	7.213
MERC_COV	+6.69902936E-07	+7.86804052E-06	+3.67380565E-05	+1.63447663E-07	-1.04350909E-07	+1.69927183E-06
VERT_I95	0.012
HORI_I95	0.006
3D___I95	0.013

