SOFT_NAM	Gins
SOFT_VER	21.2
SOFT_TYP	PPP

TIME_SYS	TAI

GEOD_SYS	ITRF2014	2022.891767155
GEOC_POS	-5210325.108	-3293061.808	-1634312.944
GEOC_COV	+3.22874743E-05	+1.99359922E-05	+4.12494022E-06	+1.70537696E-05	+1.00603693E-05	+6.49311388E-06
GEOD_POS	-14.945841849	-147.706042165	7.215
GEOD_COV	+6.96264792E-16	+6.70793640E-17	+4.74693154E-05	+2.84583051E-17	+1.59001953E-11	-3.64267529E-12
UTM__06S	8347543.470	424074.446	7.215
UTM__COV	+8.21255723E-07	+8.05783551E-06	+4.74693154E-05	+3.38747227E-07	-4.03055820E-07	+1.71050536E-06
MERC_POS	-1671945.779	-16442561.401	7.215
MERC_COV	+8.21255723E-07	+8.05783551E-06	+4.74693154E-05	+3.38747227E-07	-4.03055820E-07	+1.71050536E-06
VERT_I95	0.014
HORI_I95	0.006
3D___I95	0.015

GEOD_SYS	ITRF1992	1993.000000000	(RGPF)
GEOC_POS	-5210323.818	-3293063.340	-1634313.946
GEOC_COV	+3.22870000E-05	+1.99360000E-05	+4.12500000E-06	+1.70540000E-05	+1.00600000E-05	+6.49300000E-06
GEOD_POS	-14.945851233	-147.706023718	7.211
GEOD_COV	+6.96235562E-16	+6.70984023E-17	+4.74690147E-05	+2.84570472E-17	+1.59031671E-11	-3.64010527E-12
UTM__06S	8347542.438	424076.433	7.211
UTM__COV	+8.21488810E-07	+8.05749653E-06	+4.74690147E-05	+3.38732239E-07	-4.02771451E-07	+1.71082499E-06
MERC_POS	-1671946.854	-16442559.347	7.211
MERC_COV	+8.21488810E-07	+8.05749653E-06	+4.74690147E-05	+3.38732239E-07	-4.02771451E-07	+1.71082499E-06
VERT_I95	0.014
HORI_I95	0.006
3D___I95	0.015

