SOFT_NAM	Gins
SOFT_VER	22.2
SOFT_TYP	PPP

TIME_SYS	TAI

GEOD_SYS	ITRF2020	2024.225396206
GEOC_POS	-5242492.835	-3089133.872	-1905207.775
GEOC_COV	+1.43731421E-05	+7.91212112E-06	+2.20469048E-06	+5.77993433E-06	+4.67209908E-06	+2.61797216E-06
GEOD_POS	-17.495495679	-149.491322276	9.985
GEOD_COV	+4.00855376E-16	+4.41267825E-17	+1.94282359E-05	+8.79441390E-18	-5.56641901E-13	+6.75436625E-13
UTM__06S	8063899.567	235453.541	9.985
UTM__COV	+5.40505802E-07	+4.52121193E-06	+1.94282359E-05	+1.03368812E-07	+7.47538656E-08	-5.91166031E-08
MERC_POS	-1965741.928	-16641297.874	9.985
MERC_COV	+5.40505802E-07	+4.52121193E-06	+1.94282359E-05	+1.03368812E-07	+7.47538656E-08	-5.91166031E-08
VERT_I95	0.009
HORI_I95	0.004
3D___I95	0.010

GEOD_SYS	ITRF1992	1993.000000000	(RGPF)
GEOC_POS	-5242491.511	-3089135.464	-1905208.816
GEOC_COV	+1.43730000E-05	+7.91200000E-06	+2.20500000E-06	+5.78000000E-06	+4.67200000E-06	+2.61800000E-06
GEOD_POS	-17.495505555	-149.491303032	9.981
GEOD_COV	+4.00839110E-16	+4.41525219E-17	+1.94281509E-05	+8.78946613E-18	-5.56108790E-13	+6.74986440E-13
UTM__06S	8063898.501	235455.600	9.981
UTM__COV	+5.40821082E-07	+4.52102798E-06	+1.94281509E-05	+1.03310651E-07	+7.47040414E-08	-5.90599823E-08
MERC_POS	-1965743.074	-16641295.731	9.981
MERC_COV	+5.40821082E-07	+4.52102798E-06	+1.94281509E-05	+1.03310651E-07	+7.47040414E-08	-5.90599823E-08
VERT_I95	0.009
HORI_I95	0.004
3D___I95	0.010

