SOFT_NAM	Gins
SOFT_VER	22.2
SOFT_TYP	PPP

TIME_SYS	TAI

GEOD_SYS	ITRF2020	2024.230860687
GEOC_POS	-5242492.816	-3089133.865	-1905207.766
GEOC_COV	+1.66649227E-05	+9.49534389E-06	+2.52152234E-06	+5.67176675E-06	+5.15094931E-06	+3.01435148E-06
GEOD_POS	-17.495495661	-149.491322241	9.964
GEOD_COV	+5.65805630E-16	+5.37844672E-17	+2.16413158E-05	-8.45750436E-18	-3.53190195E-12	+5.30298648E-13
UTM__06S	8063899.569	235453.545	9.964
UTM__COV	+6.58802087E-07	+6.38167105E-06	+2.16413158E-05	-9.94088050E-08	+5.86907376E-08	-3.75095811E-07
MERC_POS	-1965741.926	-16641297.870	9.964
MERC_COV	+6.58802087E-07	+6.38167105E-06	+2.16413158E-05	-9.94088050E-08	+5.86907376E-08	-3.75095811E-07
VERT_I95	0.009
HORI_I95	0.005
3D___I95	0.011

GEOD_SYS	ITRF1992	1993.000000000	(RGPF)
GEOC_POS	-5242491.492	-3089135.458	-1905208.808
GEOC_COV	+1.66650000E-05	+9.49500000E-06	+2.52200000E-06	+5.67200000E-06	+5.15100000E-06	+3.01400000E-06
GEOD_POS	-17.495505538	-149.491302994	9.960
GEOD_COV	+5.65766758E-16	+5.38275223E-17	+2.16414386E-05	-8.43262405E-18	-3.53351736E-12	+5.30538341E-13
UTM__06S	8063898.503	235455.604	9.960
UTM__COV	+6.59329466E-07	+6.38123192E-06	+2.16414386E-05	-9.91163585E-08	+5.87172656E-08	-3.75267350E-07
MERC_POS	-1965743.072	-16641295.727	9.960
MERC_COV	+6.59329466E-07	+6.38123192E-06	+2.16414386E-05	-9.91163585E-08	+5.87172656E-08	-3.75267350E-07
VERT_I95	0.009
HORI_I95	0.005
3D___I95	0.011

