SOFT_NAM	Gins
SOFT_VER	24.1
SOFT_TYP	PPP

TIME_SYS	TAI

GEOD_SYS	ITRF2020	2025.193137018
GEOC_POS	4304614.548	-217710.775	4685747.347
GEOC_COV	+3.51340850E-05	+2.74459286E-05	+3.56333465E-05	-3.22039381E-06	+2.97732857E-05	-5.37235463E-06
GEOD_POS	47.582748755	-02.895332174	52.812
GEOD_COV	+4.79608744E-15	+4.56479272E-16	+6.54298810E-05	-6.28589523E-17	-6.31482826E-11	-2.34298047E-11
UTM__30N	5269931.483	507870.498	52.812
UTM__COV	+5.64285375E-06	+2.71406253E-05	+6.54298810E-05	-5.25741649E-07	-2.60499884E-06	-4.75037530E-06
MERC_POS	6006157.623	-322306.903	52.812
MERC_COV	+5.64285375E-06	+2.71406253E-05	+6.54298810E-05	-5.25741649E-07	-2.60499884E-06	-4.75037530E-06
VERT_I95	0.016
HORI_I95	0.011
3D___I95	0.020

GEOD_SYS	ETRF2000	2019.000000000	(RGF93_v2b)
GEOC_POS	4304614.991	-217711.384	4685746.893
GEOC_COV	+3.51340000E-05	+2.74460000E-05	+3.56330000E-05	-3.22000000E-06	+2.97730000E-05	-5.37200000E-06
GEOD_POS	47.582742864	-02.895339964	52.797
GEOD_COV	+4.79610582E-15	+4.56485421E-16	+6.54293350E-05	-6.28652616E-17	-6.31414481E-11	-2.34305031E-11
UTM__30N	5269930.827	507869.913	52.797
UTM__COV	+5.64292973E-06	+2.71407353E-05	+6.54293350E-05	-5.25794475E-07	-2.60507649E-06	-4.74986169E-06
MERC_POS	6006156.654	-322307.770	52.797
MERC_COV	+5.64292973E-06	+2.71407353E-05	+6.54293350E-05	-5.25794475E-07	-2.60507649E-06	-4.74986169E-06
VERT_I95	0.016
HORI_I95	0.011
3D___I95	0.020

