SOFT_NAM	Gins
SOFT_VER	24.1
SOFT_TYP	PPP

TIME_SYS	TAI

GEOD_SYS	ITRF2020	2025.190397292
GEOC_POS	4304614.557	-217710.806	4685747.348
GEOC_COV	+2.35377318E-05	+9.91063359E-06	+1.93737441E-05	-4.37439978E-06	+1.94295468E-05	-3.47154376E-06
GEOD_POS	47.582748696	-02.895332581	52.820
GEOD_COV	+1.67948440E-15	+1.91252334E-16	+4.09538577E-05	+1.23000923E-16	-5.72537353E-11	-3.63261661E-11
UTM__30N	5269931.476	507870.468	52.820
UTM__COV	+2.36420144E-06	+9.50405045E-06	+4.09538577E-05	+1.02875893E-06	-4.03885658E-06	-4.30695372E-06
MERC_POS	6006157.614	-322306.949	52.820
MERC_COV	+2.36420144E-06	+9.50405045E-06	+4.09538577E-05	+1.02875893E-06	-4.03885658E-06	-4.30695372E-06
VERT_I95	0.013
HORI_I95	0.007
3D___I95	0.015

GEOD_SYS	ETRF2000	2019.000000000	(RGF93_v2b)
GEOC_POS	4304615.000	-217711.415	4685746.895
GEOC_COV	+2.35380000E-05	+9.91100000E-06	+1.93740000E-05	-4.37400000E-06	+1.94300000E-05	-3.47200000E-06
GEOD_POS	47.582742805	-02.895340371	52.805
GEOD_COV	+1.67955569E-15	+1.91233435E-16	+4.09545762E-05	+1.22931327E-16	-5.72544118E-11	-3.63263959E-11
UTM__30N	5269930.821	507869.883	52.805
UTM__COV	+2.36396780E-06	+9.50445596E-06	+4.09545762E-05	+1.02817695E-06	-4.03888211E-06	-4.30700508E-06
MERC_POS	6006156.644	-322307.816	52.805
MERC_COV	+2.36396780E-06	+9.50445596E-06	+4.09545762E-05	+1.02817695E-06	-4.03888211E-06	-4.30700508E-06
VERT_I95	0.013
HORI_I95	0.007
3D___I95	0.015

