SOFT_NAM	Gins
SOFT_VER	24.1
SOFT_TYP	PPP

TIME_SYS	TAI

GEOD_SYS	ITRF2020	2025.195876744
GEOC_POS	4304614.566	-217710.811	4685747.352
GEOC_COV	+4.16199491E-05	+2.17889999E-05	+4.64424225E-05	-2.24005717E-06	+3.93464045E-05	-2.40826576E-06
GEOD_POS	47.582748657	-02.895332640	52.830
GEOD_COV	+3.81939093E-15	+3.76320668E-16	+8.35858250E-05	+7.47209247E-17	-1.51126355E-11	-1.11060443E-11
UTM__30N	5269931.472	507870.463	52.830
UTM__COV	+4.65195823E-06	+2.16135882E-05	+8.35858250E-05	+6.24953185E-07	-1.23480469E-06	-1.13685896E-06
MERC_POS	6006157.607	-322306.955	52.830
MERC_COV	+4.65195823E-06	+2.16135882E-05	+8.35858250E-05	+6.24953185E-07	-1.23480469E-06	-1.13685896E-06
VERT_I95	0.018
HORI_I95	0.010
3D___I95	0.021

GEOD_SYS	ETRF2000	2019.000000000	(RGF93_v2b)
GEOC_POS	4304615.009	-217711.420	4685746.899
GEOC_COV	+4.16200000E-05	+2.17890000E-05	+4.64420000E-05	-2.24000000E-06	+3.93460000E-05	-2.40800000E-06
GEOD_POS	47.582742766	-02.895340431	52.814
GEOD_COV	+3.81939109E-15	+3.76340722E-16	+8.35852001E-05	+7.47356036E-17	-1.51096202E-11	-1.11077290E-11
UTM__30N	5269930.816	507869.878	52.814
UTM__COV	+4.65220610E-06	+2.16135939E-05	+8.35852001E-05	+6.25076023E-07	-1.23499199E-06	-1.13663225E-06
MERC_POS	6006156.638	-322307.823	52.814
MERC_COV	+4.65220610E-06	+2.16135939E-05	+8.35852001E-05	+6.25076023E-07	-1.23499199E-06	-1.13663225E-06
VERT_I95	0.018
HORI_I95	0.010
3D___I95	0.021

