SOFT_NAM	Gins
SOFT_VER	25.2
SOFT_TYP	IPPP

TIME_SYS	TAI

GEOD_SYS	ITRF2020	2021.932872558
GEOC_POS	-5762213.627	1410911.065	-2334731.975
GEOC_COV	+8.36662560E-06	+1.21969431E-06	+1.27084234E-06	-2.19056156E-06	+2.63542703E-06	-7.02333985E-07
GEOD_POS	-21.613773718	166.241497181	66.959
GEOD_COV	+5.70751216E-17	+3.65781743E-17	+9.79682096E-06	-4.88189893E-18	-2.81685867E-12	+5.88117543E-12
UTM__58S	7609409.013	628499.862	66.959
UTM__COV	+4.48459616E-07	+6.11881672E-07	+9.79682096E-06	-5.59692828E-08	+6.51200600E-07	-2.91658983E-07
MERC_POS	-2449484.471	18505918.815	66.959
MERC_COV	+4.48459616E-07	+6.11881672E-07	+9.79682096E-06	-5.59692828E-08	+6.51200600E-07	-2.91658983E-07
VERT_I95	0.006
HORI_I95	0.002
3D___I95	0.007

GEOD_SYS	ITRF1990	1989.000000000	(RGNC91-93)
GEOC_POS	-5762212.901	1410911.666	-2334733.423
GEOC_COV	+8.36700000E-06	+1.22000000E-06	+1.27100000E-06	-2.19100000E-06	+2.63500000E-06	-7.02000000E-07
GEOD_POS	-21.613787743	166.241489871	66.969
GEOD_COV	+5.70851072E-17	+3.66232654E-17	+9.79699894E-06	-4.91195305E-18	-2.81940407E-12	+5.88573320E-12
UTM__58S	7609407.467	628499.093	66.969
UTM__COV	+4.49012450E-07	+6.11988608E-07	+9.79699894E-06	-5.63138377E-08	+6.51705267E-07	-2.91922508E-07
MERC_POS	-2449486.141	18505918.001	66.969
MERC_COV	+4.49012450E-07	+6.11988608E-07	+9.79699894E-06	-5.63138377E-08	+6.51705267E-07	-2.91922508E-07
VERT_I95	0.006
HORI_I95	0.002
3D___I95	0.007

GEOD_SYS	ITRF2005	2007.274000000	(RGTAAF)
GEOC_POS	-5762213.311	1410911.320	-2334732.608
GEOC_COV	+8.36700000E-06	+1.22000000E-06	+1.27100000E-06	-2.19100000E-06	+2.63500000E-06	-7.02000000E-07
GEOD_POS	-21.613779854	166.241494059	66.963
GEOD_COV	+5.70851051E-17	+3.66232507E-17	+9.79699908E-06	-4.91195277E-18	-2.81941020E-12	+5.88572149E-12
UTM__58S	7609408.337	628499.534	66.963
UTM__COV	+4.49012268E-07	+6.11988651E-07	+9.79699908E-06	-5.63138374E-08	+6.51703969E-07	-2.91923158E-07
MERC_POS	-2449485.202	18505918.467	66.963
MERC_COV	+4.49012268E-07	+6.11988651E-07	+9.79699908E-06	-5.63138374E-08	+6.51703969E-07	-2.91923158E-07
VERT_I95	0.006
HORI_I95	0.002
3D___I95	0.007

