SOFT_NAM	Gins
SOFT_VER	25.2
SOFT_TYP	IPPP

TIME_SYS	TAI

GEOD_SYS	ITRF2020	2021.930132832
GEOC_POS	-5762213.634	1410911.065	-2334731.980
GEOC_COV	+5.09418940E-06	+1.12463410E-06	+7.94567522E-07	-1.19447531E-06	+1.61299212E-06	-3.83932439E-07
GEOD_POS	-21.613773735	166.241497197	66.967
GEOD_COV	+7.43708401E-17	+2.33908939E-17	+5.92930870E-06	-5.44164806E-18	-1.24015724E-12	+3.39932898E-12
UTM__58S	7609409.011	628499.864	66.967
UTM__COV	+2.86779522E-07	+7.97302798E-07	+5.92930870E-06	-6.23866131E-08	+3.76395008E-07	-1.28406513E-07
MERC_POS	-2449484.473	18505918.817	66.967
MERC_COV	+2.86779522E-07	+7.97302798E-07	+5.92930870E-06	-6.23866131E-08	+3.76395008E-07	-1.28406513E-07
VERT_I95	0.005
HORI_I95	0.002
3D___I95	0.005

GEOD_SYS	ITRF1990	1989.000000000	(RGNC91-93)
GEOC_POS	-5762212.908	1410911.666	-2334733.428
GEOC_COV	+5.09400000E-06	+1.12500000E-06	+7.95000000E-07	-1.19400000E-06	+1.61300000E-06	-3.84000000E-07
GEOD_POS	-21.613787760	166.241489887	66.978
GEOD_COV	+7.44225355E-17	+2.34158938E-17	+5.92905712E-06	-5.42705787E-18	-1.23774473E-12	+3.39668009E-12
UTM__58S	7609407.465	628499.095	66.978
UTM__COV	+2.87086030E-07	+7.97856854E-07	+5.92905712E-06	-6.22193360E-08	+3.76101708E-07	-1.28156709E-07
MERC_POS	-2449486.143	18505918.003	66.978
MERC_COV	+2.87086030E-07	+7.97856854E-07	+5.92905712E-06	-6.22193360E-08	+3.76101708E-07	-1.28156709E-07
VERT_I95	0.005
HORI_I95	0.002
3D___I95	0.005

GEOD_SYS	ITRF2005	2007.274000000	(RGTAAF)
GEOC_POS	-5762213.319	1410911.320	-2334732.613
GEOC_COV	+5.09400000E-06	+1.12500000E-06	+7.95000000E-07	-1.19400000E-06	+1.61300000E-06	-3.84000000E-07
GEOD_POS	-21.613779871	166.241494076	66.972
GEOD_COV	+7.44225295E-17	+2.34158852E-17	+5.92905720E-06	-5.42705708E-18	-1.23774822E-12	+3.39667301E-12
UTM__58S	7609408.335	628499.535	66.972
UTM__COV	+2.87085923E-07	+7.97856875E-07	+5.92905720E-06	-6.22193301E-08	+3.76100923E-07	-1.28157077E-07
MERC_POS	-2449485.204	18505918.469	66.972
MERC_COV	+2.87085923E-07	+7.97856875E-07	+5.92905720E-06	-6.22193301E-08	+3.76100923E-07	-1.28157077E-07
VERT_I95	0.005
HORI_I95	0.002
3D___I95	0.005

