SOFT_NAM	Gins
SOFT_VER	25.2
SOFT_TYP	IPPP

TIME_SYS	TAI

GEOD_SYS	ITRF2020	2025.209584887
GEOC_POS	-4824624.193	-4041679.336	-1030241.787
GEOC_COV	+4.99420835E-06	+3.89648270E-06	+5.88405618E-07	+3.73913516E-06	+8.77371052E-07	+7.55992758E-07
GEOD_POS	-9.357906246	-140.046452030	7.077
GEOD_COV	+5.53503809E-17	+3.42239762E-17	+8.39253965E-06	+2.30181277E-19	+1.05585707E-12	+1.15765292E-12
UTM__07S	8965436.633	604707.819	7.077
UTM__COV	+4.18668479E-07	+6.67888535E-07	+8.39253965E-06	+2.79660791E-09	+1.28040768E-07	+1.15983663E-07
MERC_POS	-1039436.771	-15589899.727	7.077
MERC_COV	+4.18668479E-07	+6.67888535E-07	+8.39253965E-06	+2.79660791E-09	+1.28040768E-07	+1.15983663E-07
VERT_I95	0.006
HORI_I95	0.002
3D___I95	0.006

GEOD_SYS	ITRF1992	1993.000000000	(RGPF)
GEOC_POS	-4824622.661	-4041680.883	-1030242.829
GEOC_COV	+4.99400000E-06	+3.89600000E-06	+5.88000000E-07	+3.73900000E-06	+8.77000000E-07	+7.56000000E-07
GEOD_POS	-9.357915812	-140.046432279	7.069
GEOD_COV	+5.53307782E-17	+3.41980556E-17	+8.39199665E-06	+2.08254163E-19	+1.05476816E-12	+1.15998989E-12
UTM__07S	8965435.569	604709.986	7.069
UTM__COV	+4.18351387E-07	+6.67651959E-07	+8.39199665E-06	+2.53020242E-09	+1.28299246E-07	+1.15864045E-07
MERC_POS	-1039437.843	-15589897.529	7.069
MERC_COV	+4.18351387E-07	+6.67651959E-07	+8.39199665E-06	+2.53020242E-09	+1.28299246E-07	+1.15864045E-07
VERT_I95	0.006
HORI_I95	0.002
3D___I95	0.006

