SOFT_NAM	Gins
SOFT_VER	25.2
SOFT_TYP	IPPP

TIME_SYS	TAI

GEOD_SYS	ITRF2020	2025.204105435
GEOC_POS	-4824624.193	-4041679.334	-1030241.787
GEOC_COV	+5.19318431E-06	+3.47446635E-06	+6.47137972E-07	+3.61642286E-06	+1.03682560E-06	+8.35298628E-07
GEOD_POS	-9.357906248	-140.046452042	7.077
GEOD_COV	+5.16111438E-17	+3.39716205E-17	+8.27643845E-06	-7.70088226E-19	-1.94471288E-12	-6.68428204E-13
UTM__07S	8965436.633	604707.818	7.077
UTM__COV	+4.15581364E-07	+6.22768816E-07	+8.27643845E-06	-9.35625545E-09	-7.39306741E-08	-2.13622591E-07
MERC_POS	-1039436.771	-15589899.729	7.077
MERC_COV	+4.15581364E-07	+6.22768816E-07	+8.27643845E-06	-9.35625545E-09	-7.39306741E-08	-2.13622591E-07
VERT_I95	0.006
HORI_I95	0.002
3D___I95	0.006

GEOD_SYS	ITRF1992	1993.000000000	(RGPF)
GEOC_POS	-4824622.662	-4041680.882	-1030242.829
GEOC_COV	+5.19300000E-06	+3.47400000E-06	+6.47000000E-07	+3.61600000E-06	+1.03700000E-06	+8.35000000E-07
GEOD_POS	-9.357915813	-140.046432294	7.069
GEOD_COV	+5.16166513E-17	+3.39606120E-17	+8.27571807E-06	-7.45251786E-19	-1.94715395E-12	-6.68758965E-13
UTM__07S	8965435.569	604709.984	7.069
UTM__COV	+4.15446694E-07	+6.22835237E-07	+8.27571807E-06	-9.05450264E-09	-7.39672575E-08	-2.13890731E-07
MERC_POS	-1039437.843	-15589897.530	7.069
MERC_COV	+4.15446694E-07	+6.22835237E-07	+8.27571807E-06	-9.05450264E-09	-7.39672575E-08	-2.13890731E-07
VERT_I95	0.006
HORI_I95	0.002
3D___I95	0.006

