SOFT_NAM	Gins
SOFT_VER	25.2
SOFT_TYP	IPPP

TIME_SYS	TAI

GEOD_SYS	ITRF2020	2025.206845161
GEOC_POS	-4824624.185	-4041679.327	-1030241.786
GEOC_COV	+5.16965084E-06	+3.51643266E-06	+6.51479412E-07	+3.53807962E-06	+1.00927213E-06	+8.07638798E-07
GEOD_POS	-9.357906254	-140.046452047	7.066
GEOD_COV	+5.92426947E-17	+3.51778564E-17	+8.19237007E-06	-2.37327271E-19	-1.78360953E-12	-4.48595536E-13
UTM__07S	8965436.632	604707.818	7.066
UTM__COV	+4.30337478E-07	+7.14855359E-07	+8.19237007E-06	-2.88342879E-09	-4.96163539E-08	-1.95925729E-07
MERC_POS	-1039436.772	-15589899.729	7.066
MERC_COV	+4.30337478E-07	+7.14855359E-07	+8.19237007E-06	-2.88342879E-09	-4.96163539E-08	-1.95925729E-07
VERT_I95	0.006
HORI_I95	0.002
3D___I95	0.006

GEOD_SYS	ITRF1992	1993.000000000	(RGPF)
GEOC_POS	-4824622.654	-4041680.874	-1030242.828
GEOC_COV	+5.17000000E-06	+3.51600000E-06	+6.51000000E-07	+3.53800000E-06	+1.00900000E-06	+8.08000000E-07
GEOD_POS	-9.357915819	-140.046432297	7.058
GEOD_COV	+5.92400679E-17	+3.51389779E-17	+8.19231451E-06	-2.79343020E-19	-1.78654649E-12	-4.48163335E-13
UTM__07S	8965435.568	604709.984	7.058
UTM__COV	+4.29861869E-07	+7.14823622E-07	+8.19231451E-06	-3.39390277E-09	-4.95685508E-08	-1.96248342E-07
MERC_POS	-1039437.844	-15589897.531	7.058
MERC_COV	+4.29861869E-07	+7.14823622E-07	+8.19231451E-06	-3.39390277E-09	-4.95685508E-08	-1.96248342E-07
VERT_I95	0.006
HORI_I95	0.002
3D___I95	0.006

