SOFT_NAM	Gins
SOFT_VER	25.2
SOFT_TYP	IPPP

TIME_SYS	TAI

GEOD_SYS	ITRF2020	2023.264379408
GEOC_POS	-4594703.401	-3297394.534	-2939096.402
GEOC_COV	+4.21294167E-04	+3.81063714E-04	+1.36421653E-04	+2.79271087E-05	+1.57930499E-04	+1.26543477E-04
GEOD_POS	-27.618351329	-144.334840829	-1.266
GEOD_COV	+3.77999976E-14	+2.79893741E-15	+5.36127494E-04	-1.29781499E-15	-4.04330428E-11	+6.34815366E-11
UTM__06S	6942236.485	763017.067	-1.266
UTM__COV	+3.43697982E-05	+3.68282242E-04	+5.36127494E-04	-1.41954507E-05	+7.03459872E-06	-3.99099266E-06
MERC_POS	-3181137.996	-16067280.985	-1.266
MERC_COV	+3.43697982E-05	+3.68282242E-04	+5.36127494E-04	-1.41954507E-05	+7.03459872E-06	-3.99099266E-06
VERT_I95	0.046
HORI_I95	0.040
3D___I95	0.061

GEOD_SYS	ITRF1992	1993.000000000	(RGPF)
GEOC_POS	-4594701.911	-3297395.801	-2939097.306
GEOC_COV	+4.21294000E-04	+3.81064000E-04	+1.36422000E-04	+2.79270000E-05	+1.57930000E-04	+1.26543000E-04
GEOD_POS	-27.618360526	-144.334821595	-1.266
GEOD_COV	+3.78000287E-14	+2.79900307E-15	+5.36126912E-04	-1.29779515E-15	-4.04323768E-11	+6.34840179E-11
UTM__06S	6942235.425	763018.944	-1.266
UTM__COV	+3.43706046E-05	+3.68282484E-04	+5.36126912E-04	-1.41952326E-05	+7.03487369E-06	-3.99092659E-06
MERC_POS	-3181139.146	-16067278.844	-1.266
MERC_COV	+3.43706046E-05	+3.68282484E-04	+5.36126912E-04	-1.41952326E-05	+7.03487369E-06	-3.99092659E-06
VERT_I95	0.046
HORI_I95	0.040
3D___I95	0.061

GEOD_SYS	ITRF2005	2007.274000000	(RGTAAF)
GEOC_POS	-4594702.620	-3297395.209	-2939096.873
GEOC_COV	+4.21294000E-04	+3.81064000E-04	+1.36422000E-04	+2.79270000E-05	+1.57930000E-04	+1.26543000E-04
GEOD_POS	-27.618356098	-144.334830649	-1.261
GEOD_COV	+3.78000253E-14	+2.79900315E-15	+5.36126914E-04	-1.29779722E-15	-4.04321430E-11	+6.34836885E-11
UTM__06S	6942235.935	763018.061	-1.261
UTM__COV	+3.43706056E-05	+3.68282481E-04	+5.36126914E-04	-1.41952558E-05	+7.03483718E-06	-3.99090367E-06
MERC_POS	-3181138.592	-16067279.852	-1.261
MERC_COV	+3.43706056E-05	+3.68282481E-04	+5.36126914E-04	-1.41952558E-05	+7.03483718E-06	-3.99090367E-06
VERT_I95	0.046
HORI_I95	0.040
3D___I95	0.061

