SOFT_NAM	Gins
SOFT_VER	22.1
SOFT_TYP	PPP

TIME_SYS	TAI

GEOD_SYS	ITRF2020	2023.176698662
GEOC_POS	-5741239.708	1387195.160	-2399269.658
GEOC_COV	+1.85006085E-05	+5.57134098E-06	+3.72599337E-06	-2.17437197E-06	+7.73549748E-06	-1.41684140E-06
GEOD_POS	-22.242081582	166.416565048	62.917
GEOD_COV	+4.97955183E-16	+3.10726568E-17	+2.21251914E-05	-1.91308134E-18	+1.07467217E-11	-2.95793537E-12
UTM__58S	7539694.439	645980.257	62.917
UTM__COV	+3.81017987E-07	+5.29173343E-06	+2.21251914E-05	-2.18384008E-08	-3.27545944E-07	+1.10784717E-06
MERC_POS	-2524447.818	18525407.281	62.917
MERC_COV	+3.81017987E-07	+5.29173343E-06	+2.21251914E-05	-2.18384008E-08	-3.27545944E-07	+1.10784717E-06
VERT_I95	0.009
HORI_I95	0.005
3D___I95	0.011

GEOD_SYS	ITRF1990	1989.000000000	(RGNC91-93)
GEOC_POS	-5741238.947	1387195.746	-2399271.162
GEOC_COV	+1.85010000E-05	+5.57100000E-06	+3.72600000E-06	-2.17400000E-06	+7.73500000E-06	-1.41700000E-06
GEOD_POS	-22.242096208	166.416557786	62.929
GEOD_COV	+4.97943006E-16	+3.11007289E-17	+2.21250348E-05	-1.87458886E-18	+1.07502196E-11	-2.95445761E-12
UTM__58S	7539692.827	645979.493	62.929
UTM__COV	+3.81362215E-07	+5.29160295E-06	+2.21250348E-05	-2.13989954E-08	-3.27160836E-07	+1.10820765E-06
MERC_POS	-2524449.567	18525406.472	62.929
MERC_COV	+3.81362215E-07	+5.29160295E-06	+2.21250348E-05	-2.13989954E-08	-3.27160836E-07	+1.10820765E-06
VERT_I95	0.009
HORI_I95	0.005
3D___I95	0.011

GEOD_SYS	ITRF2005	2007.274000000	(RGTAAF)
GEOC_POS	-5741239.362	1387195.420	-2399270.346
GEOC_COV	+1.85010000E-05	+5.57100000E-06	+3.72600000E-06	-2.17400000E-06	+7.73500000E-06	-1.41700000E-06
GEOD_POS	-22.242088275	166.416561808	62.922
GEOD_COV	+4.97942937E-16	+3.11007364E-17	+2.21250349E-05	-1.87458891E-18	+1.07502085E-11	-2.95448455E-12
UTM__58S	7539693.701	645979.916	62.922
UTM__COV	+3.81362305E-07	+5.29160280E-06	+2.21250349E-05	-2.13989971E-08	-3.27163819E-07	+1.10820656E-06
MERC_POS	-2524448.618	18525406.920	62.922
MERC_COV	+3.81362305E-07	+5.29160280E-06	+2.21250349E-05	-2.13989971E-08	-3.27163819E-07	+1.10820656E-06
VERT_I95	0.009
HORI_I95	0.005
3D___I95	0.011

