SOFT_NAM	Gins
SOFT_VER	24.2
SOFT_TYP	PPP

TIME_SYS	TAI

GEOD_SYS	ITRF2020	2025.697246607
GEOC_POS	-5740490.105	1385858.426	-2401851.461
GEOC_COV	+1.77377369E-05	+7.08480485E-06	+3.65682735E-06	-2.19983735E-06	+6.47248879E-06	-1.12737528E-06
GEOD_POS	-22.267225354	166.427463511	75.886
GEOD_COV	+6.27668019E-16	+9.29948418E-17	+2.06712115E-05	-1.86100974E-17	+5.79901136E-12	+3.70646997E-12
UTM__58S	7536900.114	647077.263	75.886
UTM__COV	+1.14032964E-06	+6.66782795E-06	+2.06712115E-05	-2.12403473E-07	+4.10436770E-07	+5.97697104E-07
MERC_POS	-2527454.730	18526620.492	75.886
MERC_COV	+1.14032964E-06	+6.66782795E-06	+2.06712115E-05	-2.12403473E-07	+4.10436770E-07	+5.97697104E-07
VERT_I95	0.009
HORI_I95	0.006
3D___I95	0.011

GEOD_SYS	ITRF1990	1989.000000000	(RGNC91-93)
GEOC_POS	-5740489.289	1385859.071	-2401853.059
GEOC_COV	+1.77380000E-05	+7.08500000E-06	+3.65700000E-06	-2.20000000E-06	+6.47200000E-06	-1.12700000E-06
GEOD_POS	-22.267240908	166.427455576	75.897
GEOD_COV	+6.27679905E-16	+9.30430380E-17	+2.06711266E-05	-1.86346742E-17	+5.79878935E-12	+3.71065301E-12
UTM__58S	7536898.400	647076.429	75.897
UTM__COV	+1.14092064E-06	+6.66795277E-06	+2.06711266E-05	-2.12683954E-07	+4.10899982E-07	+5.97674157E-07
MERC_POS	-2527456.590	18526619.609	75.897
MERC_COV	+1.14092064E-06	+6.66795277E-06	+2.06711266E-05	-2.12683954E-07	+4.10899982E-07	+5.97674157E-07
VERT_I95	0.009
HORI_I95	0.006
3D___I95	0.011

GEOD_SYS	ITRF2005	2007.274000000	(RGTAAF)
GEOC_POS	-5740489.704	1385858.736	-2401852.250
GEOC_COV	+1.77380000E-05	+7.08500000E-06	+3.65700000E-06	-2.20000000E-06	+6.47200000E-06	-1.12700000E-06
GEOD_POS	-22.267233040	166.427459678	75.891
GEOD_COV	+6.27679830E-16	+9.30430282E-17	+2.06711268E-05	-1.86346697E-17	+5.79877964E-12	+3.71062882E-12
UTM__58S	7536899.267	647076.860	75.891
UTM__COV	+1.14092052E-06	+6.66795270E-06	+2.06711268E-05	-2.12683914E-07	+4.10897302E-07	+5.97673189E-07
MERC_POS	-2527455.649	18526620.065	75.891
MERC_COV	+1.14092052E-06	+6.66795270E-06	+2.06711268E-05	-2.12683914E-07	+4.10897302E-07	+5.97673189E-07
VERT_I95	0.009
HORI_I95	0.006
3D___I95	0.011

