SOFT_NAM	Gins
SOFT_VER	24.2
SOFT_TYP	PPP

TIME_SYS	TAI

GEOD_SYS	ITRF2020	2025.702726059
GEOC_POS	-5740490.107	1385858.424	-2401851.459
GEOC_COV	+1.35524631E-05	+5.64773921E-06	+2.55775877E-06	-2.66941532E-06	+4.79401210E-06	-1.11210546E-06
GEOD_POS	-22.267225335	166.427463533	75.886
GEOD_COV	+4.57976762E-16	+6.50318184E-17	+1.60953543E-05	-2.25624040E-17	-4.97539646E-12	+5.61710144E-12
UTM__58S	7536900.116	647077.265	75.886
UTM__COV	+7.97438959E-07	+4.86516783E-06	+1.60953543E-05	-2.57512514E-07	+6.22010968E-07	-5.12808110E-07
MERC_POS	-2527454.728	18526620.495	75.886
MERC_COV	+7.97438959E-07	+4.86516783E-06	+1.60953543E-05	-2.57512514E-07	+6.22010968E-07	-5.12808110E-07
VERT_I95	0.008
HORI_I95	0.005
3D___I95	0.009

GEOD_SYS	ITRF1990	1989.000000000	(RGNC91-93)
GEOC_POS	-5740489.291	1385859.069	-2401853.058
GEOC_COV	+1.35520000E-05	+5.64800000E-06	+2.55800000E-06	-2.66900000E-06	+4.79400000E-06	-1.11200000E-06
GEOD_POS	-22.267240892	166.427455597	75.898
GEOD_COV	+4.58015480E-16	+6.50436089E-17	+1.60948384E-05	-2.25637245E-17	-4.97318000E-12	+5.61467034E-12
UTM__58S	7536898.402	647076.431	75.898
UTM__COV	+7.97583543E-07	+4.86557808E-06	+1.60948384E-05	-2.57527559E-07	+6.21741762E-07	-5.12579607E-07
MERC_POS	-2527456.589	18526619.611	75.898
MERC_COV	+7.97583543E-07	+4.86557808E-06	+1.60948384E-05	-2.57527559E-07	+6.21741762E-07	-5.12579607E-07
VERT_I95	0.008
HORI_I95	0.005
3D___I95	0.009

GEOD_SYS	ITRF2005	2007.274000000	(RGTAAF)
GEOC_POS	-5740489.705	1385858.734	-2401852.249
GEOC_COV	+1.35520000E-05	+5.64800000E-06	+2.55800000E-06	-2.66900000E-06	+4.79400000E-06	-1.11200000E-06
GEOD_POS	-22.267233024	166.427459699	75.892
GEOD_COV	+4.58015438E-16	+6.50435941E-17	+1.60948385E-05	-2.25637111E-17	-4.97318745E-12	+5.61465110E-12
UTM__58S	7536899.269	647076.862	75.892
UTM__COV	+7.97583359E-07	+4.86557817E-06	+1.60948385E-05	-2.57527419E-07	+6.21739630E-07	-5.12580403E-07
MERC_POS	-2527455.647	18526620.068	75.892
MERC_COV	+7.97583359E-07	+4.86557817E-06	+1.60948385E-05	-2.57527419E-07	+6.21739630E-07	-5.12580403E-07
VERT_I95	0.008
HORI_I95	0.005
3D___I95	0.009

