SOFT_NAM	Gins
SOFT_VER	24.2
SOFT_TYP	PPP

TIME_SYS	TAI

GEOD_SYS	ITRF2020	2025.699986333
GEOC_POS	-5740490.108	1385858.430	-2401851.465
GEOC_COV	+1.46139181E-05	+5.88503840E-06	+2.95158695E-06	-2.60817171E-06	+5.33652171E-06	-1.14671519E-06
GEOD_POS	-22.267225377	166.427463483	75.891
GEOD_COV	+4.87217541E-16	+7.34810638E-17	+1.73736996E-05	-2.21062146E-17	-2.45362163E-12	+4.05205870E-12
UTM__58S	7536900.112	647077.260	75.891
UTM__COV	+9.01046050E-07	+5.17579778E-06	+1.73736996E-05	-2.52305867E-07	+4.48705615E-07	-2.52891821E-07
MERC_POS	-2527454.733	18526620.489	75.891
MERC_COV	+9.01046050E-07	+5.17579778E-06	+1.73736996E-05	-2.52305867E-07	+4.48705615E-07	-2.52891821E-07
VERT_I95	0.008
HORI_I95	0.005
3D___I95	0.010

GEOD_SYS	ITRF1990	1989.000000000	(RGNC91-93)
GEOC_POS	-5740489.292	1385859.074	-2401853.064
GEOC_COV	+1.46140000E-05	+5.88500000E-06	+2.95200000E-06	-2.60800000E-06	+5.33700000E-06	-1.14700000E-06
GEOD_POS	-22.267240933	166.427455548	75.903
GEOD_COV	+4.87222022E-16	+7.34794831E-17	+1.73741291E-05	-2.20869056E-17	-2.45259261E-12	+4.04735869E-12
UTM__58S	7536898.397	647076.426	75.903
UTM__COV	+9.01026674E-07	+5.17584426E-06	+1.73741291E-05	-2.52085461E-07	+4.48185160E-07	-2.52785734E-07
MERC_POS	-2527456.593	18526619.606	75.903
MERC_COV	+9.01026674E-07	+5.17584426E-06	+1.73741291E-05	-2.52085461E-07	+4.48185160E-07	-2.52785734E-07
VERT_I95	0.008
HORI_I95	0.005
3D___I95	0.010

GEOD_SYS	ITRF2005	2007.274000000	(RGTAAF)
GEOC_POS	-5740489.707	1385858.740	-2401852.255
GEOC_COV	+1.46140000E-05	+5.88500000E-06	+2.95200000E-06	-2.60800000E-06	+5.33700000E-06	-1.14700000E-06
GEOD_POS	-22.267233064	166.427459650	75.897
GEOD_COV	+4.87221973E-16	+7.34794722E-17	+1.73741292E-05	-2.20868939E-17	-2.45260077E-12	+4.04733806E-12
UTM__58S	7536899.264	647076.857	75.897
UTM__COV	+9.01026537E-07	+5.17584431E-06	+1.73741292E-05	-2.52085340E-07	+4.48182875E-07	-2.52786589E-07
MERC_POS	-2527455.652	18526620.062	75.897
MERC_COV	+9.01026537E-07	+5.17584431E-06	+1.73741292E-05	-2.52085340E-07	+4.48182875E-07	-2.52786589E-07
VERT_I95	0.008
HORI_I95	0.005
3D___I95	0.010

