SOFT_NAM	Gins
SOFT_VER	25.1
SOFT_TYP	PPP

TIME_SYS	TAI

GEOD_SYS	ITRF2020	2025.913684963
GEOC_POS	-4147748.103	-4152264.592	-2488713.832
GEOC_COV	+5.28973256E-06	+5.61968927E-06	+1.65858289E-06	+3.55925574E-06	+2.23471119E-06	+2.27409860E-06
GEOD_POS	-23.117735728	-134.968822251	-6.040
GEOD_COV	+1.80630249E-16	+3.99489621E-17	+1.01827698E-05	+3.45856974E-18	+1.54658465E-12	+4.07030607E-12
UTM__08S	7443446.487	503192.366	-6.040
UTM__COV	+4.89957136E-07	+1.89527774E-06	+1.01827698E-05	+3.92341295E-08	+4.50768294E-07	+1.58421779E-07
MERC_POS	-2629493.197	-15024660.566	-6.040
MERC_COV	+4.89957136E-07	+1.89527774E-06	+1.01827698E-05	+3.92341295E-08	+4.50768294E-07	+1.58421779E-07
VERT_I95	0.006
HORI_I95	0.003
3D___I95	0.007

GEOD_SYS	ITRF1992	1993.000000000	(RGPF)
GEOC_POS	-4147746.262	-4152265.846	-2488714.794
GEOC_COV	+5.29000000E-06	+5.62000000E-06	+1.65900000E-06	+3.55900000E-06	+2.23500000E-06	+2.27400000E-06
GEOD_POS	-23.117745186	-134.968800880	-6.042
GEOD_COV	+1.80682185E-16	+3.99702500E-17	+1.01829594E-05	+3.48155060E-18	+1.54570289E-12	+4.06823053E-12
UTM__08S	7443445.440	503194.554	-6.042
UTM__COV	+4.90218224E-07	+1.89582242E-06	+1.01829594E-05	+3.94948224E-08	+4.50538438E-07	+1.58331446E-07
MERC_POS	-2629494.335	-15024658.187	-6.042
MERC_COV	+4.90218224E-07	+1.89582242E-06	+1.01829594E-05	+3.94948224E-08	+4.50538438E-07	+1.58331446E-07
VERT_I95	0.006
HORI_I95	0.003
3D___I95	0.007

GEOD_SYS	ITRF2005	2007.274000000	(RGTAAF)
GEOC_POS	-4147747.066	-4152265.309	-2488714.369
GEOC_COV	+5.29000000E-06	+5.62000000E-06	+1.65900000E-06	+3.55900000E-06	+2.23500000E-06	+2.27400000E-06
GEOD_POS	-23.117740988	-134.968810143	-6.036
GEOD_COV	+1.80682178E-16	+3.99702441E-17	+1.01829594E-05	+3.48154750E-18	+1.54571518E-12	+4.06822397E-12
UTM__08S	7443445.905	503193.605	-6.036
UTM__COV	+4.90218152E-07	+1.89582246E-06	+1.01829594E-05	+3.94947885E-08	+4.50537711E-07	+1.58332710E-07
MERC_POS	-2629493.830	-15024659.218	-6.036
MERC_COV	+4.90218152E-07	+1.89582246E-06	+1.01829594E-05	+3.94947885E-08	+4.50537711E-07	+1.58332710E-07
VERT_I95	0.006
HORI_I95	0.003
3D___I95	0.007

