SOFT_NAM	Gins
SOFT_VER	20.1.1
SOFT_TYP	IPPP

TIME_SYS	TAI

GEOD_SYS	ITRF2014	2022.058890443
GEOC_POS	-5739709.146	1384702.688	-2404332.373
GEOC_COV	+1.94343304E-05	+7.43078495E-06	+4.10543777E-06	-2.75851444E-06	+7.62017413E-06	-1.36697668E-06
GEOD_POS	-22.291484227	166.436587067	63.073
GEOD_COV	+6.43460248E-16	+7.92843057E-17	+2.31651376E-05	-2.77982390E-17	+4.21426625E-12	+7.71239043E-13
UTM__58S	7534205.394	647991.904	63.073
UTM__COV	+9.72208958E-07	+6.83320662E-06	+2.31651376E-05	-3.17215862E-07	+8.54034082E-08	+4.34283556E-07
MERC_POS	-2530356.337	18527636.122	63.073
MERC_COV	+9.72208958E-07	+6.83320662E-06	+2.31651376E-05	-3.17215862E-07	+8.54034082E-08	+4.34283556E-07
VERT_I95	0.010
HORI_I95	0.006
3D___I95	0.011

GEOD_SYS	ITRF1990	1989.000000000	(RGNC91-93)
GEOC_POS	-5739708.410	1384703.254	-2404333.825
GEOC_COV	+1.94340000E-05	+7.43100000E-06	+4.10500000E-06	-2.75900000E-06	+7.62000000E-06	-1.36700000E-06
GEOD_POS	-22.291498353	166.436580057	63.084
GEOD_COV	+6.43456959E-16	+7.92621969E-17	+2.31648918E-05	-2.78116044E-17	+4.20905501E-12	+7.73479255E-13
UTM__58S	7534203.837	647991.167	63.084
UTM__COV	+9.71937860E-07	+6.83317034E-06	+2.31648918E-05	-3.17368349E-07	+8.56514791E-08	+4.33746491E-07
MERC_POS	-2530358.026	18527635.341	63.084
MERC_COV	+9.71937860E-07	+6.83317034E-06	+2.31648918E-05	-3.17368349E-07	+8.56514791E-08	+4.33746491E-07
VERT_I95	0.010
HORI_I95	0.006
3D___I95	0.011

GEOD_SYS	ITRF2005	2007.274000000	(RGTAAF)
GEOC_POS	-5739708.825	1384702.930	-2404333.013
GEOC_COV	+1.94340000E-05	+7.43100000E-06	+4.10500000E-06	-2.75900000E-06	+7.62000000E-06	-1.36700000E-06
GEOD_POS	-22.291490452	166.436584055	63.080
GEOD_COV	+6.43456884E-16	+7.92621939E-17	+2.31648919E-05	-2.78115950E-17	+4.20904410E-12	+7.73451539E-13
UTM__58S	7534204.707	647991.587	63.080
UTM__COV	+9.71937819E-07	+6.83317030E-06	+2.31648919E-05	-3.17368259E-07	+8.56484098E-08	+4.33745391E-07
MERC_POS	-2530357.081	18527635.786	63.080
MERC_COV	+9.71937819E-07	+6.83317030E-06	+2.31648919E-05	-3.17368259E-07	+8.56484098E-08	+4.33745391E-07
VERT_I95	0.010
HORI_I95	0.006
3D___I95	0.011

