SOFT_NAM	Gins
SOFT_VER	20.1.1
SOFT_TYP	IPPP

TIME_SYS	TAI

GEOD_SYS	ITRF2014	2022.061630169
GEOC_POS	-5739709.151	1384702.695	-2404332.378
GEOC_COV	+2.18921201E-05	+8.65216565E-06	+4.63960113E-06	-1.84186263E-06	+8.36718882E-06	-7.86263955E-07
GEOD_POS	-22.291484247	166.436587021	63.080
GEOD_COV	+8.04234907E-16	+1.05941506E-16	+2.53442508E-05	-5.12879682E-17	+1.67929838E-11	+1.53310896E-12
UTM__58S	7534205.391	647991.899	63.080
UTM__COV	+1.29908789E-06	+8.54054826E-06	+2.53442508E-05	-5.85265745E-07	+1.69769323E-07	+1.73053061E-06
MERC_POS	-2530356.339	18527636.117	63.080
MERC_COV	+1.29908789E-06	+8.54054826E-06	+2.53442508E-05	-5.85265745E-07	+1.69769323E-07	+1.73053061E-06
VERT_I95	0.010
HORI_I95	0.006
3D___I95	0.012

GEOD_SYS	ITRF1990	1989.000000000	(RGNC91-93)
GEOC_POS	-5739708.415	1384703.260	-2404333.830
GEOC_COV	+2.18920000E-05	+8.65200000E-06	+4.64000000E-06	-1.84200000E-06	+8.36700000E-06	-7.86000000E-07
GEOD_POS	-22.291498374	166.436580010	63.091
GEOD_COV	+8.04213836E-16	+1.05982712E-16	+2.53440840E-05	-5.13088972E-17	+1.67927824E-11	+1.53328679E-12
UTM__58S	7534203.834	647991.162	63.091
UTM__COV	+1.29959318E-06	+8.54032281E-06	+2.53440840E-05	-5.85504518E-07	+1.69789016E-07	+1.73050968E-06
MERC_POS	-2530358.029	18527635.336	63.091
MERC_COV	+1.29959318E-06	+8.54032281E-06	+2.53440840E-05	-5.85504518E-07	+1.69789016E-07	+1.73050968E-06
VERT_I95	0.010
HORI_I95	0.006
3D___I95	0.012

GEOD_SYS	ITRF2005	2007.274000000	(RGTAAF)
GEOC_POS	-5739708.830	1384702.936	-2404333.018
GEOC_COV	+2.18920000E-05	+8.65200000E-06	+4.64000000E-06	-1.84200000E-06	+8.36700000E-06	-7.86000000E-07
GEOD_POS	-22.291490473	166.436584008	63.087
GEOD_COV	+8.04213728E-16	+1.05982706E-16	+2.53440843E-05	-5.13088995E-17	+1.67927701E-11	+1.53325692E-12
UTM__58S	7534204.705	647991.582	63.087
UTM__COV	+1.29959310E-06	+8.54032261E-06	+2.53440843E-05	-5.85504576E-07	+1.69785708E-07	+1.73050851E-06
MERC_POS	-2530357.084	18527635.781	63.087
MERC_COV	+1.29959310E-06	+8.54032261E-06	+2.53440843E-05	-5.85504576E-07	+1.69785708E-07	+1.73050851E-06
VERT_I95	0.010
HORI_I95	0.006
3D___I95	0.012

