SOFT_NAM	Gins
SOFT_VER	20.1.1
SOFT_TYP	PPP

TIME_SYS	TAI

GEOD_SYS	ITRF2014	2022.053410991
GEOC_POS	-5739709.175	1384702.697	-2404332.376
GEOC_COV	+1.08767043E-03	+3.16755540E-04	+1.50743540E-04	+9.41006487E-05	+3.46108622E-04	-2.49994931E-05
GEOD_POS	-22.291484149	166.436587052	63.102
GEOD_COV	+3.78608703E-14	+2.69028201E-15	+1.12011806E-03	+4.01501393E-15	+2.53933549E-09	+4.97422678E-10
UTM__58S	7534205.402	647991.903	63.102
UTM__COV	+3.29890799E-05	+4.02062370E-04	+1.12011806E-03	+4.58167914E-05	+5.50822635E-05	+2.61680584E-04
MERC_POS	-2530356.327	18527636.120	63.102
MERC_COV	+3.29890799E-05	+4.02062370E-04	+1.12011806E-03	+4.58167914E-05	+5.50822635E-05	+2.61680584E-04
VERT_I95	0.067
HORI_I95	0.042
3D___I95	0.079

GEOD_SYS	ITRF1990	1989.000000000	(RGNC91-93)
GEOC_POS	-5739708.439	1384703.262	-2404333.827
GEOC_COV	+1.08767000E-03	+3.16756000E-04	+1.50744000E-04	+9.41010000E-05	+3.46109000E-04	-2.49990000E-05
GEOD_POS	-22.291498273	166.436580043	63.113
GEOD_COV	+3.78609375E-14	+2.69029521E-15	+1.12011775E-03	+4.01497660E-15	+2.53933951E-09	+4.97420142E-10
UTM__58S	7534203.845	647991.166	63.113
UTM__COV	+3.29892420E-05	+4.02063004E-04	+1.12011775E-03	+4.58163610E-05	+5.50819829E-05	+2.61680972E-04
MERC_POS	-2530358.017	18527635.340	63.113
MERC_COV	+3.29892420E-05	+4.02063004E-04	+1.12011775E-03	+4.58163610E-05	+5.50819829E-05	+2.61680972E-04
VERT_I95	0.067
HORI_I95	0.042
3D___I95	0.079

GEOD_SYS	ITRF2005	2007.274000000	(RGTAAF)
GEOC_POS	-5739708.854	1384702.939	-2404333.016
GEOC_COV	+1.08767000E-03	+3.16756000E-04	+1.50744000E-04	+9.41010000E-05	+3.46109000E-04	-2.49990000E-05
GEOD_POS	-22.291490372	166.436584041	63.108
GEOD_COV	+3.78609299E-14	+2.69029418E-15	+1.12011780E-03	+4.01497376E-15	+2.53933897E-09	+4.97418878E-10
UTM__58S	7534204.716	647991.586	63.108
UTM__COV	+3.29892292E-05	+4.02062968E-04	+1.12011780E-03	+4.58163311E-05	+5.50818428E-05	+2.61680931E-04
MERC_POS	-2530357.072	18527635.785	63.108
MERC_COV	+3.29892292E-05	+4.02062968E-04	+1.12011780E-03	+4.58163311E-05	+5.50818428E-05	+2.61680931E-04
VERT_I95	0.067
HORI_I95	0.042
3D___I95	0.079

