SOFT_NAM	Gins
SOFT_VER	20.1.1
SOFT_TYP	IPPP

TIME_SYS	TAI

GEOD_SYS	ITRF2014	2022.056150717
GEOC_POS	-5739709.171	1384702.703	-2404332.384
GEOC_COV	+2.56263720E-05	+8.29315434E-06	+5.24185853E-06	-2.64157357E-06	+9.85103412E-06	-1.46480007E-06
GEOD_POS	-22.291484221	166.436586990	63.103
GEOD_COV	+7.57291109E-16	+1.01761616E-16	+2.98715220E-05	-1.86601495E-17	+1.76342298E-11	+1.60075232E-12
UTM__58S	7534205.394	647991.896	63.103
UTM__COV	+1.24783278E-06	+8.04203007E-06	+2.98715220E-05	-2.12937786E-07	+1.77259834E-07	+1.81722170E-06
MERC_POS	-2530356.336	18527636.113	63.103
MERC_COV	+1.24783278E-06	+8.04203007E-06	+2.98715220E-05	-2.12937786E-07	+1.77259834E-07	+1.81722170E-06
VERT_I95	0.011
HORI_I95	0.006
3D___I95	0.013

GEOD_SYS	ITRF1990	1989.000000000	(RGNC91-93)
GEOC_POS	-5739708.435	1384703.268	-2404333.835
GEOC_COV	+2.56260000E-05	+8.29300000E-06	+5.24200000E-06	-2.64200000E-06	+9.85100000E-06	-1.46500000E-06
GEOD_POS	-22.291498345	166.436579980	63.114
GEOD_COV	+7.57257325E-16	+1.01768772E-16	+2.98714097E-05	-1.86579948E-17	+1.76296581E-11	+1.59975412E-12
UTM__58S	7534203.837	647991.159	63.114
UTM__COV	+1.24792054E-06	+8.04166972E-06	+2.98714097E-05	-2.12913177E-07	+1.77149298E-07	+1.81675040E-06
MERC_POS	-2530358.025	18527635.333	63.114
MERC_COV	+1.24792054E-06	+8.04166972E-06	+2.98714097E-05	-2.12913177E-07	+1.77149298E-07	+1.81675040E-06
VERT_I95	0.011
HORI_I95	0.006
3D___I95	0.013

GEOD_SYS	ITRF2005	2007.274000000	(RGTAAF)
GEOC_POS	-5739708.850	1384702.945	-2404333.024
GEOC_COV	+2.56260000E-05	+8.29300000E-06	+5.24200000E-06	-2.64200000E-06	+9.85100000E-06	-1.46500000E-06
GEOD_POS	-22.291490444	166.436583978	63.109
GEOD_COV	+7.57257220E-16	+1.01768768E-16	+2.98714100E-05	-1.86580010E-17	+1.76296432E-11	+1.59971879E-12
UTM__58S	7534204.708	647991.579	63.109
UTM__COV	+1.24792048E-06	+8.04166950E-06	+2.98714100E-05	-2.12913260E-07	+1.77145386E-07	+1.81674897E-06
MERC_POS	-2530357.080	18527635.778	63.109
MERC_COV	+1.24792048E-06	+8.04166950E-06	+2.98714100E-05	-2.12913260E-07	+1.77145386E-07	+1.81674897E-06
VERT_I95	0.011
HORI_I95	0.006
3D___I95	0.013

