SOFT_NAM	Gins
SOFT_VER	24.2
SOFT_TYP	PPP

TIME_SYS	TAI

GEOD_SYS	ITRF2020	2025.472589073
GEOC_POS	-5245815.966	-3081045.272	-1909126.486
GEOC_COV	+2.33157174E-05	+1.13469025E-05	+3.88017448E-06	+1.11117100E-05	+8.32881948E-06	+4.93300198E-06
GEOD_POS	-17.532625547	-149.572841910	9.509
GEOD_COV	+4.17933752E-16	+5.59104185E-17	+3.31460258E-05	+1.86131210E-18	+1.76281202E-12	-3.92311657E-12
UTM__06S	8059673.304	226848.071	9.509
UTM__COV	+6.84847733E-07	+4.71192087E-06	+3.31460258E-05	+2.18733404E-08	-4.34192035E-07	+1.87176480E-07
MERC_POS	-1970049.723	-16650372.598	9.509
MERC_COV	+6.84847733E-07	+4.71192087E-06	+3.31460258E-05	+2.18733404E-08	-4.34192035E-07	+1.87176480E-07
VERT_I95	0.012
HORI_I95	0.005
3D___I95	0.012

GEOD_SYS	ITRF1992	1993.000000000	(RGPF)
GEOC_POS	-5245814.607	-3081046.918	-1909127.544
GEOC_COV	+2.33160000E-05	+1.13470000E-05	+3.88000000E-06	+1.11120000E-05	+8.32900000E-06	+4.93300000E-06
GEOD_POS	-17.532635585	-149.572822058	9.505
GEOD_COV	+4.17924181E-16	+5.58938195E-17	+3.31465431E-05	+1.87046836E-18	+1.76300232E-12	-3.92248820E-12
UTM__06S	8059672.221	226850.195	9.505
UTM__COV	+6.84644412E-07	+4.71181244E-06	+3.31465431E-05	+2.19809396E-08	-4.34122490E-07	+1.87196675E-07
MERC_POS	-1970050.887	-16650370.388	9.505
MERC_COV	+6.84644412E-07	+4.71181244E-06	+3.31465431E-05	+2.19809396E-08	-4.34122490E-07	+1.87196675E-07
VERT_I95	0.012
HORI_I95	0.005
3D___I95	0.012

