SOFT_NAM	Gins
SOFT_VER	24.2
SOFT_TYP	PPP

TIME_SYS	TAI

GEOD_SYS	ITRF2020	2025.469849347
GEOC_POS	-5245815.947	-3081045.242	-1909126.475
GEOC_COV	+2.16506915E-05	+1.04913018E-05	+3.66437997E-06	+9.85518738E-06	+7.68800224E-06	+4.52319260E-06
GEOD_POS	-17.532625543	-149.572842056	9.476
GEOD_COV	+4.20969115E-16	+5.66142601E-17	+3.03667617E-05	-2.42581753E-18	-6.40393643E-13	-4.37271288E-12
UTM__06S	8059673.305	226848.056	9.476
UTM__COV	+6.93469094E-07	+4.74614249E-06	+3.03667617E-05	-2.85071655E-08	-4.83951231E-07	-6.79973960E-08
MERC_POS	-1970049.722	-16650372.614	9.476
MERC_COV	+6.93469094E-07	+4.74614249E-06	+3.03667617E-05	-2.85071655E-08	-4.83951231E-07	-6.79973960E-08
VERT_I95	0.011
HORI_I95	0.005
3D___I95	0.012

GEOD_SYS	ITRF1992	1993.000000000	(RGPF)
GEOC_POS	-5245814.587	-3081046.888	-1909127.533
GEOC_COV	+2.16510000E-05	+1.04910000E-05	+3.66400000E-06	+9.85500000E-06	+7.68800000E-06	+4.52300000E-06
GEOD_POS	-17.532635580	-149.572822206	9.472
GEOD_COV	+4.20970798E-16	+5.65906198E-17	+3.03666595E-05	-2.42155644E-18	-6.44153691E-13	-4.37097456E-12
UTM__06S	8059672.222	226850.179	9.472
UTM__COV	+6.93179524E-07	+4.74616094E-06	+3.03666595E-05	-2.84570894E-08	-4.83758842E-07	-6.83966364E-08
MERC_POS	-1970050.887	-16650370.405	9.472
MERC_COV	+6.93179524E-07	+4.74616094E-06	+3.03666595E-05	-2.84570894E-08	-4.83758842E-07	-6.83966364E-08
VERT_I95	0.011
HORI_I95	0.005
3D___I95	0.012

