SOFT_NAM	Gins
SOFT_VER	24.2
SOFT_TYP	PPP

TIME_SYS	TAI

GEOD_SYS	ITRF2020	2025.467109621
GEOC_POS	-5245815.937	-3081045.166	-1909126.465
GEOC_COV	+3.04666236E-04	+1.78458342E-04	+5.19405946E-05	+1.09717898E-04	+1.07335779E-04	+3.97258833E-05
GEOD_POS	-17.532625585	-149.572842632	9.428
GEOD_COV	+1.02004139E-14	+1.29834154E-15	+4.04158987E-04	+1.58833280E-15	-7.21080354E-11	-1.26236520E-11
UTM__06S	8059673.299	226847.995	9.428
UTM__COV	+1.59034087E-05	+1.15002777E-04	+4.04158987E-04	+1.86654044E-05	-1.39712623E-06	-7.65647606E-06
MERC_POS	-1970049.727	-16650372.678	9.428
MERC_COV	+1.59034087E-05	+1.15002777E-04	+4.04158987E-04	+1.86654044E-05	-1.39712623E-06	-7.65647606E-06
VERT_I95	0.040
HORI_I95	0.023
3D___I95	0.046

GEOD_SYS	ITRF1992	1993.000000000	(RGPF)
GEOC_POS	-5245814.578	-3081046.811	-1909127.523
GEOC_COV	+3.04666000E-04	+1.78458000E-04	+5.19410000E-05	+1.09718000E-04	+1.07336000E-04	+3.97260000E-05
GEOD_POS	-17.532635621	-149.572822783	9.424
GEOD_COV	+1.02003794E-14	+1.29835893E-15	+4.04159004E-04	+1.58833469E-15	-7.21089689E-11	-1.26263378E-11
UTM__06S	8059672.216	226850.118	9.424
UTM__COV	+1.59036217E-05	+1.15002375E-04	+4.04159004E-04	+1.86654256E-05	-1.39742349E-06	-7.65657476E-06
MERC_POS	-1970050.892	-16650370.469	9.424
MERC_COV	+1.59036217E-05	+1.15002375E-04	+4.04159004E-04	+1.86654256E-05	-1.39742349E-06	-7.65657476E-06
VERT_I95	0.040
HORI_I95	0.023
3D___I95	0.046

