SOFT_NAM	Gins
SOFT_VER	24.2
SOFT_TYP	PPP

TIME_SYS	TAI

GEOD_SYS	ITRF2020	2025.283547977
GEOC_POS	-5814045.558	1312523.290	-2262990.492
GEOC_COV	+1.79435700E-05	+6.32205998E-06	+3.24466258E-06	-2.76359511E-06	+6.68017075E-06	-1.25293387E-06
GEOD_POS	-20.918480821	167.278698384	66.709
GEOD_COV	+5.26562640E-16	+5.44550557E-17	+2.11444164E-05	-2.01584771E-17	+8.61008415E-13	+4.49520066E-13
UTM__58S	7685191.001	736997.634	66.709
UTM__COV	+6.67525526E-07	+5.69835067E-06	+2.11444164E-05	-2.32178563E-07	+4.97695734E-08	+8.95688422E-08
MERC_POS	-2366911.861	18621379.525	66.709
MERC_COV	+6.67525526E-07	+5.69835067E-06	+2.11444164E-05	-2.32178563E-07	+4.97695734E-08	+8.95688422E-08
VERT_I95	0.009
HORI_I95	0.005
3D___I95	0.010

GEOD_SYS	ITRF1990	1989.000000000	(RGNC91-93)
GEOC_POS	-5814044.796	1312523.979	-2262992.068
GEOC_COV	+1.79440000E-05	+6.32200000E-06	+3.24500000E-06	-2.76400000E-06	+6.68000000E-06	-1.25300000E-06
GEOD_POS	-20.918496028	167.278690305	66.720
GEOD_COV	+5.26543324E-16	+5.44933808E-17	+2.11448642E-05	-2.01582884E-17	+8.58340281E-13	+4.51323501E-13
UTM__58S	7685189.328	736996.770	66.720
UTM__COV	+6.67995330E-07	+5.69814050E-06	+2.11448642E-05	-2.32176368E-07	+4.99692447E-08	+8.92912732E-08
MERC_POS	-2366913.662	18621378.625	66.720
MERC_COV	+6.67995330E-07	+5.69814050E-06	+2.11448642E-05	-2.32176368E-07	+4.99692447E-08	+8.92912732E-08
VERT_I95	0.009
HORI_I95	0.005
3D___I95	0.010

