SOFT_NAM	Gins
SOFT_VER	24.2
SOFT_TYP	PPP

TIME_SYS	TAI

GEOD_SYS	ITRF2020	2025.286287703
GEOC_POS	-5814045.523	1312523.277	-2262990.482
GEOC_COV	+1.51347210E-05	+3.99614498E-06	+2.88803645E-06	-1.75600367E-06	+5.82058734E-06	-6.72445436E-07
GEOD_POS	-20.918480856	167.278698427	66.671
GEOD_COV	+3.49469459E-16	+4.81832935E-17	+1.76463727E-05	-2.57398170E-17	+9.39323357E-12	-1.66794951E-12
UTM__58S	7685190.997	736997.639	66.671
UTM__COV	+5.90644478E-07	+3.78188529E-06	+1.76463727E-05	-2.96462557E-07	-1.84670588E-07	+9.77157756E-07
MERC_POS	-2366911.865	18621379.530	66.671
MERC_COV	+5.90644478E-07	+3.78188529E-06	+1.76463727E-05	-2.96462557E-07	-1.84670588E-07	+9.77157756E-07
VERT_I95	0.008
HORI_I95	0.004
3D___I95	0.009

GEOD_SYS	ITRF1990	1989.000000000	(RGNC91-93)
GEOC_POS	-5814044.761	1312523.967	-2262992.058
GEOC_COV	+1.51350000E-05	+3.99600000E-06	+2.88800000E-06	-1.75600000E-06	+5.82100000E-06	-6.72000000E-07
GEOD_POS	-20.918496065	167.278690347	66.681
GEOD_COV	+3.49458199E-16	+4.81667986E-17	+1.76467950E-05	-2.57794953E-17	+9.39590339E-12	-1.66907395E-12
UTM__58S	7685189.324	736996.774	66.681
UTM__COV	+5.90442283E-07	+3.78176268E-06	+1.76467950E-05	-2.96919529E-07	-1.84795084E-07	+9.77435394E-07
MERC_POS	-2366913.667	18621378.630	66.681
MERC_COV	+5.90442283E-07	+3.78176268E-06	+1.76467950E-05	-2.96919529E-07	-1.84795084E-07	+9.77435394E-07
VERT_I95	0.008
HORI_I95	0.004
3D___I95	0.009

