SOFT_NAM	Gins
SOFT_VER	22.2
SOFT_TYP	PPP

TIME_SYS	TAI

GEOD_SYS	ITRF2020	2023.921904141
GEOC_POS	-4918470.566	-3630289.954	-1813324.757
GEOC_COV	+1.06005637E-05	+7.45660686E-06	+1.76654755E-06	+5.36522934E-06	+3.51363876E-06	+2.59954739E-06
GEOD_POS	-16.627045238	-143.569215402	2.617
GEOD_COV	+3.02043680E-16	+3.44696376E-17	+1.59632120E-05	+1.50920707E-18	+7.21473167E-13	-1.18576085E-12
UTM__07S	8159943.083	225911.924	2.617
UTM__COV	+4.22143013E-07	+3.43836316E-06	+1.59632120E-05	+1.78197362E-08	-1.31222574E-07	+7.69770351E-08
MERC_POS	-1865233.977	-15982051.952	2.617
MERC_COV	+4.22143013E-07	+3.43836316E-06	+1.59632120E-05	+1.78197362E-08	-1.31222574E-07	+7.69770351E-08
VERT_I95	0.008
HORI_I95	0.004
3D___I95	0.009

GEOD_SYS	ITRF1992	1993.000000000	(RGPF)
GEOC_POS	-4918469.093	-3630291.431	-1813325.770
GEOC_COV	+1.06010000E-05	+7.45700000E-06	+1.76700000E-06	+5.36500000E-06	+3.51400000E-06	+2.60000000E-06
GEOD_POS	-16.627054808	-143.569196063	2.612
GEOD_COV	+3.02098829E-16	+3.44798549E-17	+1.59637412E-05	+1.49495640E-18	+7.21044670E-13	-1.19058533E-12
UTM__07S	8159942.050	225914.002	2.612
UTM__COV	+4.22268143E-07	+3.43899061E-06	+1.59637412E-05	+1.76514727E-08	-1.31756476E-07	+7.69313130E-08
MERC_POS	-1865235.082	-15982049.799	2.612
MERC_COV	+4.22268143E-07	+3.43899061E-06	+1.59637412E-05	+1.76514727E-08	-1.31756476E-07	+7.69313130E-08
VERT_I95	0.008
HORI_I95	0.004
3D___I95	0.009

