SOFT_NAM	Gins
SOFT_VER	22.2
SOFT_TYP	PPP

TIME_SYS	TAI

GEOD_SYS	ITRF2020	2023.916424689
GEOC_POS	-4918470.583	-3630289.964	-1813324.767
GEOC_COV	+1.16780007E-05	+8.13671720E-06	+1.88779559E-06	+5.44545738E-06	+3.83367517E-06	+2.84065613E-06
GEOD_POS	-16.627045276	-143.569215414	2.639
GEOD_COV	+3.67362353E-16	+3.23980844E-17	+1.71238115E-05	-2.83791832E-18	-7.60561833E-13	-2.00171261E-12
UTM__07S	8159943.079	225911.922	2.639
UTM__COV	+3.96773103E-07	+4.18192888E-06	+1.71238115E-05	-3.35082953E-08	-2.21520116E-07	-8.11475711E-08
MERC_POS	-1865233.981	-15982051.954	2.639
MERC_COV	+3.96773103E-07	+4.18192888E-06	+1.71238115E-05	-3.35082953E-08	-2.21520116E-07	-8.11475711E-08
VERT_I95	0.008
HORI_I95	0.004
3D___I95	0.009

GEOD_SYS	ITRF1992	1993.000000000	(RGPF)
GEOC_POS	-4918469.110	-3630291.442	-1813325.780
GEOC_COV	+1.16780000E-05	+8.13700000E-06	+1.88800000E-06	+5.44500000E-06	+3.83400000E-06	+2.84100000E-06
GEOD_POS	-16.627054843	-143.569196079	2.634
GEOD_COV	+3.67416849E-16	+3.23902981E-17	+1.71237734E-05	-2.84466387E-18	-7.60370060E-13	-2.00654886E-12
UTM__07S	8159942.047	225914.000	2.634
UTM__COV	+3.96677746E-07	+4.18254882E-06	+1.71237734E-05	-3.35879407E-08	-2.22055321E-07	-8.11271059E-08
MERC_POS	-1865235.086	-15982049.801	2.634
MERC_COV	+3.96677746E-07	+4.18254882E-06	+1.71237734E-05	-3.35879407E-08	-2.22055321E-07	-8.11271059E-08
VERT_I95	0.008
HORI_I95	0.004
3D___I95	0.009

