SOFT_NAM	Gins
SOFT_VER	22.2
SOFT_TYP	PPP

TIME_SYS	TAI

GEOD_SYS	ITRF2020	2023.919164415
GEOC_POS	-4918470.573	-3630289.954	-1813324.756
GEOC_COV	+1.15650883E-05	+8.44635364E-06	+1.91888102E-06	+5.75099940E-06	+3.84737043E-06	+2.91129849E-06
GEOD_POS	-16.627045213	-143.569215435	2.623
GEOD_COV	+3.55823540E-16	+3.45501491E-17	+1.74566190E-05	+2.84331827E-19	+1.99179264E-12	-1.66617463E-12
UTM__07S	8159943.086	225911.920	2.623
UTM__COV	+4.23129023E-07	+4.05057491E-06	+1.74566190E-05	+3.35720543E-09	-1.84387706E-07	+2.12512813E-07
MERC_POS	-1865233.974	-15982051.956	2.623
MERC_COV	+4.23129023E-07	+4.05057491E-06	+1.74566190E-05	+3.35720543E-09	-1.84387706E-07	+2.12512813E-07
VERT_I95	0.008
HORI_I95	0.004
3D___I95	0.009

GEOD_SYS	ITRF1992	1993.000000000	(RGPF)
GEOC_POS	-4918469.100	-3630291.432	-1813325.769
GEOC_COV	+1.15650000E-05	+8.44600000E-06	+1.91900000E-06	+5.75100000E-06	+3.84700000E-06	+2.91100000E-06
GEOD_POS	-16.627054782	-143.569196098	2.618
GEOD_COV	+3.55800669E-16	+3.45791340E-17	+1.74562019E-05	+2.82938577E-19	+1.99056105E-12	-1.66330101E-12
UTM__07S	8159942.053	225913.998	2.618
UTM__COV	+4.23483995E-07	+4.05031415E-06	+1.74562019E-05	+3.34075467E-09	-1.84069696E-07	+2.12381399E-07
MERC_POS	-1865235.079	-15982049.803	2.618
MERC_COV	+4.23483995E-07	+4.05031415E-06	+1.74562019E-05	+3.34075467E-09	-1.84069696E-07	+2.12381399E-07
VERT_I95	0.008
HORI_I95	0.004
3D___I95	0.009

