SOFT_NAM	Gins
SOFT_VER	25.2
SOFT_TYP	IPPP

TIME_SYS	TAI

GEOD_SYS	ITRF2020	2025.338352010
GEOC_POS	-5060012.807	-3461901.532	-1752558.608
GEOC_COV	+5.80501627E-06	+3.06965125E-06	+1.17043849E-06	+3.54313530E-06	+1.90221696E-06	+1.28001904E-06
GEOD_POS	-16.054816257	-145.621294196	1.725
GEOD_COV	+5.58424728E-17	+4.01869146E-17	+8.91359565E-06	+1.64444925E-18	+3.50057783E-14	-5.81841579E-13
UTM__06S	8224510.342	647481.754	1.725
UTM__COV	+4.92107937E-07	+6.39402422E-07	+8.91359565E-06	+1.94721159E-08	-6.43861721E-08	+3.74579975E-09
MERC_POS	-1799261.316	-16210488.319	1.725
MERC_COV	+4.92107937E-07	+6.39402422E-07	+8.91359565E-06	+1.94721159E-08	-6.43861721E-08	+3.74579975E-09
VERT_I95	0.006
HORI_I95	0.002
3D___I95	0.006

GEOD_SYS	ITRF1992	1993.000000000	(RGPF)
GEOC_POS	-5060011.349	-3461903.118	-1752559.656
GEOC_COV	+5.80500000E-06	+3.07000000E-06	+1.17000000E-06	+3.54300000E-06	+1.90200000E-06	+1.28000000E-06
GEOD_POS	-16.054826126	-145.621274266	1.720
GEOD_COV	+5.58737850E-17	+4.01619207E-17	+8.91343724E-06	+1.63861355E-18	+3.63434794E-14	-5.79384799E-13
UTM__06S	8224509.236	647483.879	1.720
UTM__COV	+4.91801874E-07	+6.39760886E-07	+8.91343724E-06	+1.94030137E-08	-6.41143065E-08	+3.88894050E-09
MERC_POS	-1799262.452	-16210486.100	1.720
MERC_COV	+4.91801874E-07	+6.39760886E-07	+8.91343724E-06	+1.94030137E-08	-6.41143065E-08	+3.88894050E-09
VERT_I95	0.006
HORI_I95	0.002
3D___I95	0.006

