SOFT_NAM	Gins
SOFT_VER	25.2
SOFT_TYP	IPPP

TIME_SYS	TAI

GEOD_SYS	ITRF2020	2025.341091736
GEOC_POS	-5060012.812	-3461901.538	-1752558.615
GEOC_COV	+6.68399869E-06	+3.22246718E-06	+1.19539639E-06	+3.90660332E-06	+2.06814652E-06	+1.35183854E-06
GEOD_POS	-16.054816301	-145.621294171	1.735
GEOD_COV	+5.98228430E-17	+4.05242569E-17	+9.92064531E-06	-3.90281934E-19	-1.91049729E-12	+3.68175780E-13
UTM__06S	8224510.338	647481.757	1.735
UTM__COV	+4.96238856E-07	+6.84978098E-07	+9.92064531E-06	-4.62137404E-09	+4.07420680E-08	-2.04433114E-07
MERC_POS	-1799261.321	-16210488.316	1.735
MERC_COV	+4.96238856E-07	+6.84978098E-07	+9.92064531E-06	-4.62137404E-09	+4.07420680E-08	-2.04433114E-07
VERT_I95	0.006
HORI_I95	0.002
3D___I95	0.007

GEOD_SYS	ITRF1992	1993.000000000	(RGPF)
GEOC_POS	-5060011.354	-3461903.125	-1752559.663
GEOC_COV	+6.68400000E-06	+3.22200000E-06	+1.19500000E-06	+3.90700000E-06	+2.06800000E-06	+1.35200000E-06
GEOD_POS	-16.054826171	-145.621274239	1.730
GEOD_COV	+5.97628149E-17	+4.04970395E-17	+9.92080373E-06	-4.09556648E-19	-1.91063804E-12	+3.69902423E-13
UTM__06S	8224509.231	647483.882	1.730
UTM__COV	+4.95905566E-07	+6.84290701E-07	+9.92080373E-06	-4.84960794E-09	+4.09331370E-08	-2.04448165E-07
MERC_POS	-1799262.458	-16210486.097	1.730
MERC_COV	+4.95905566E-07	+6.84290701E-07	+9.92080373E-06	-4.84960794E-09	+4.09331370E-08	-2.04448165E-07
VERT_I95	0.006
HORI_I95	0.002
3D___I95	0.007

