SOFT_NAM	Gins
SOFT_VER	25.2
SOFT_TYP	IPPP

TIME_SYS	TAI

GEOD_SYS	ITRF2020	2022.516434202
GEOC_POS	-6194725.610	-414875.830	-1456081.601
GEOC_COV	+1.70153570E-05	+9.81396884E-07	+1.39430394E-06	+3.26280445E-07	+3.34597349E-06	+1.12128143E-07
GEOD_POS	-13.284645416	-176.168484066	45.325
GEOD_COV	+8.59720334E-17	+5.89114846E-17	+1.76605073E-05	-5.22398073E-18	-6.93414244E-12	+4.47040544E-12
UTM__01S	8531235.874	590069.697	45.325
UTM__COV	+7.21065994E-07	+1.00948454E-06	+1.76605073E-05	-6.26268151E-08	+4.94577593E-07	-7.51387550E-07
MERC_POS	-1482458.531	-19610985.940	45.325
MERC_COV	+7.21065994E-07	+1.00948454E-06	+1.76605073E-05	-6.26268151E-08	+4.94577593E-07	-7.51387550E-07
VERT_I95	0.008
HORI_I95	0.003
3D___I95	0.009

GEOD_SYS	ITRF1994	1993.000000000	(RGWF)
GEOC_POS	-6194725.274	-414877.644	-1456082.542
GEOC_COV	+1.70150000E-05	+9.81000000E-07	+1.39400000E-06	+3.26000000E-07	+3.34600000E-06	+1.12000000E-07
GEOD_POS	-13.284654138	-176.168467154	45.332
GEOD_COV	+8.59414766E-17	+5.88856195E-17	+1.76601249E-05	-5.21885560E-18	-6.93698214E-12	+4.47010033E-12
UTM__01S	8531234.903	590071.526	45.332
UTM__COV	+7.20749412E-07	+1.00912567E-06	+1.76601249E-05	-6.25653713E-08	+4.94543838E-07	-7.51695235E-07
MERC_POS	-1482459.522	-19610984.057	45.332
MERC_COV	+7.20749412E-07	+1.00912567E-06	+1.76601249E-05	-6.25653713E-08	+4.94543838E-07	-7.51695235E-07
VERT_I95	0.008
HORI_I95	0.003
3D___I95	0.009

