SOFT_NAM	Gins
SOFT_VER	25.2
SOFT_TYP	IPPP

TIME_SYS	TAI

GEOD_SYS	ITRF2020	2022.527393106
GEOC_POS	-6194725.603	-414875.828	-1456081.597
GEOC_COV	+8.68199902E-06	+5.67246570E-07	+6.83953442E-07	+2.43146827E-07	+1.63655902E-06	+8.35310698E-08
GEOD_POS	-13.284645395	-176.168484076	45.317
GEOD_COV	+4.86337793E-17	+3.04916511E-17	+8.98892834E-06	-3.63955720E-18	-2.75017970E-12	+2.91394119E-12
UTM__01S	8531235.876	590069.696	45.317
UTM__COV	+3.73212334E-07	+5.71058356E-07	+8.98892834E-06	-4.36322197E-08	+3.22380159E-07	-2.98011009E-07
MERC_POS	-1482458.529	-19610985.941	45.317
MERC_COV	+3.73212334E-07	+5.71058356E-07	+8.98892834E-06	-4.36322197E-08	+3.22380159E-07	-2.98011009E-07
VERT_I95	0.006
HORI_I95	0.002
3D___I95	0.006

GEOD_SYS	ITRF1994	1993.000000000	(RGWF)
GEOC_POS	-6194725.267	-414877.643	-1456082.539
GEOC_COV	+8.68200000E-06	+5.67000000E-07	+6.84000000E-07	+2.43000000E-07	+1.63700000E-06	+8.40000000E-08
GEOD_POS	-13.284654120	-176.168467158	45.325
GEOD_COV	+4.86145604E-17	+3.04779525E-17	+8.98912269E-06	-3.67826476E-18	-2.75072775E-12	+2.91000842E-12
UTM__01S	8531234.905	590071.525	45.325
UTM__COV	+3.73044667E-07	+5.70832648E-07	+8.98912269E-06	-4.40962574E-08	+3.21945063E-07	-2.98070386E-07
MERC_POS	-1482459.520	-19610984.058	45.325
MERC_COV	+3.73044667E-07	+5.70832648E-07	+8.98912269E-06	-4.40962574E-08	+3.21945063E-07	-2.98070386E-07
VERT_I95	0.006
HORI_I95	0.002
3D___I95	0.006

