SOFT_NAM	Gins
SOFT_VER	25.2
SOFT_TYP	IPPP

TIME_SYS	TAI

GEOD_SYS	ITRF2020	2022.521913654
GEOC_POS	-6194725.605	-414875.828	-1456081.599
GEOC_COV	+1.01043134E-05	+6.03862097E-07	+8.71396418E-07	+9.57826163E-08	+2.00519607E-06	+5.67115563E-08
GEOD_POS	-13.284645408	-176.168484077	45.319
GEOD_COV	+5.39525956E-17	+3.76461465E-17	+1.04852779E-05	-4.03766238E-18	-5.00068900E-12	+2.39891844E-12
UTM__01S	8531235.875	590069.696	45.319
UTM__COV	+4.60782073E-07	+6.33511955E-07	+1.04852779E-05	-4.84048368E-08	+2.65401276E-07	-5.41877454E-07
MERC_POS	-1482458.530	-19610985.941	45.319
MERC_COV	+4.60782073E-07	+6.33511955E-07	+1.04852779E-05	-4.84048368E-08	+2.65401276E-07	-5.41877454E-07
VERT_I95	0.006
HORI_I95	0.002
3D___I95	0.007

GEOD_SYS	ITRF1994	1993.000000000	(RGWF)
GEOC_POS	-6194725.268	-414877.643	-1456082.540
GEOC_COV	+1.01040000E-05	+6.04000000E-07	+8.71000000E-07	+9.60000000E-08	+2.00500000E-06	+5.70000000E-08
GEOD_POS	-13.284654131	-176.168467162	45.327
GEOD_COV	+5.39617305E-17	+3.76207012E-17	+1.04849102E-05	-4.05739628E-18	-4.99787204E-12	+2.40058793E-12
UTM__01S	8531234.904	590071.525	45.327
UTM__COV	+4.60470629E-07	+6.33619173E-07	+1.04849102E-05	-4.86414118E-08	+2.65585978E-07	-5.41572188E-07
MERC_POS	-1482459.521	-19610984.058	45.327
MERC_COV	+4.60470629E-07	+6.33619173E-07	+1.04849102E-05	-4.86414118E-08	+2.65585978E-07	-5.41572188E-07
VERT_I95	0.006
HORI_I95	0.002
3D___I95	0.007

