SOFT_NAM	Gins
SOFT_VER	25.2
SOFT_TYP	IPPP

TIME_SYS	TAI

GEOD_SYS	ITRF2020	2022.524653380
GEOC_POS	-6194725.591	-414875.828	-1456081.595
GEOC_COV	+1.34042201E-05	+7.52056481E-07	+1.07906485E-06	+2.11794401E-07	+2.62660563E-06	+6.41130134E-08
GEOD_POS	-13.284645402	-176.168484074	45.305
GEOD_COV	+6.64545315E-17	+4.52833154E-17	+1.39007720E-05	-3.09014079E-18	-5.92776070E-12	+3.63610910E-12
UTM__01S	8531235.876	590069.696	45.305
UTM__COV	+5.54259646E-07	+7.80309816E-07	+1.39007720E-05	-3.70456333E-08	+4.02276282E-07	-6.42335460E-07
MERC_POS	-1482458.529	-19610985.941	45.305
MERC_COV	+5.54259646E-07	+7.80309816E-07	+1.39007720E-05	-3.70456333E-08	+4.02276282E-07	-6.42335460E-07
VERT_I95	0.007
HORI_I95	0.002
3D___I95	0.008

GEOD_SYS	ITRF1994	1993.000000000	(RGWF)
GEOC_POS	-6194725.255	-414877.642	-1456082.536
GEOC_COV	+1.34040000E-05	+7.52000000E-07	+1.07900000E-06	+2.12000000E-07	+2.62700000E-06	+6.40000000E-08
GEOD_POS	-13.284654126	-176.168467157	45.313
GEOD_COV	+6.64473606E-17	+4.52633749E-17	+1.39007589E-05	-3.07474898E-18	-5.92616280E-12	+3.63274990E-12
UTM__01S	8531234.905	590071.525	45.313
UTM__COV	+5.54015580E-07	+7.80225562E-07	+1.39007589E-05	-3.68611100E-08	+4.01904642E-07	-6.42162289E-07
MERC_POS	-1482459.521	-19610984.058	45.313
MERC_COV	+5.54015580E-07	+7.80225562E-07	+1.39007589E-05	-3.68611100E-08	+4.01904642E-07	-6.42162289E-07
VERT_I95	0.007
HORI_I95	0.002
3D___I95	0.008

