SOFT_NAM	Gins
SOFT_VER	25.2
SOFT_TYP	IPPP

TIME_SYS	TAI

GEOD_SYS	ITRF2020	2022.519173928
GEOC_POS	-6194725.607	-414875.828	-1456081.600
GEOC_COV	+9.87108001E-06	+5.71869790E-07	+8.46561680E-07	+8.18636326E-08	+1.98229672E-06	+5.65210695E-08
GEOD_POS	-13.284645411	-176.168484078	45.322
GEOD_COV	+5.13095343E-17	+3.55493718E-17	+1.02519164E-05	-4.15368881E-18	-5.00123542E-12	+2.16053058E-12
UTM__01S	8531235.875	590069.696	45.322
UTM__COV	+4.35117927E-07	+6.02477101E-07	+1.02519164E-05	-4.97958002E-08	+2.39027539E-07	-5.41936665E-07
MERC_POS	-1482458.530	-19610985.941	45.322
MERC_COV	+4.35117927E-07	+6.02477101E-07	+1.02519164E-05	-4.97958002E-08	+2.39027539E-07	-5.41936665E-07
VERT_I95	0.006
HORI_I95	0.002
3D___I95	0.007

GEOD_SYS	ITRF1994	1993.000000000	(RGWF)
GEOC_POS	-6194725.271	-414877.643	-1456082.541
GEOC_COV	+9.87100000E-06	+5.72000000E-07	+8.47000000E-07	+8.20000000E-08	+1.98200000E-06	+5.70000000E-08
GEOD_POS	-13.284654134	-176.168467165	45.329
GEOD_COV	+5.13190256E-17	+3.55926839E-17	+1.02517634E-05	-4.19124491E-18	-4.99886614E-12	+2.16166922E-12
UTM__01S	8531234.904	590071.525	45.329
UTM__COV	+4.35648061E-07	+6.02588506E-07	+1.02517634E-05	-5.02460335E-08	+2.39153512E-07	-5.41679910E-07
MERC_POS	-1482459.522	-19610984.059	45.329
MERC_COV	+4.35648061E-07	+6.02588506E-07	+1.02517634E-05	-5.02460335E-08	+2.39153512E-07	-5.41679910E-07
VERT_I95	0.006
HORI_I95	0.002
3D___I95	0.007

