SOFT_NAM	Gins
SOFT_VER	25.2
SOFT_TYP	IPPP

TIME_SYS	TAI

GEOD_SYS	ITRF2020	2022.050680778
GEOC_POS	-5741239.656	1387195.162	-2399269.695
GEOC_COV	+4.98605438E-06	+7.41953542E-07	+1.07760550E-06	-1.45609288E-06	+1.92278527E-06	-5.93435595E-07
GEOD_POS	-22.242082063	166.416564913	62.885
GEOD_COV	+2.92868240E-17	+2.38146081E-17	+6.20236588E-06	-6.72921684E-19	-3.39203626E-12	+7.89186196E-13
UTM__58S	7539694.386	645980.243	62.885
UTM__COV	+2.92018607E-07	+3.11228939E-07	+6.20236588E-06	-7.68160397E-09	+8.73902583E-08	-3.49674799E-07
MERC_POS	-2524447.876	18525407.266	62.885
MERC_COV	+2.92018607E-07	+3.11228939E-07	+6.20236588E-06	-7.68160397E-09	+8.73902583E-08	-3.49674799E-07
VERT_I95	0.005
HORI_I95	0.002
3D___I95	0.005

GEOD_SYS	ITRF1990	1989.000000000	(RGNC91-93)
GEOC_POS	-5741238.921	1387195.746	-2399271.139
GEOC_COV	+4.98600000E-06	+7.42000000E-07	+1.07800000E-06	-1.45600000E-06	+1.92300000E-06	-5.93000000E-07
GEOD_POS	-22.242096104	166.416557730	62.897
GEOD_COV	+2.92946608E-17	+2.38350266E-17	+6.20241886E-06	-7.09372669E-19	-3.38975479E-12	+7.86977004E-13
UTM__58S	7539692.838	645979.488	62.897
UTM__COV	+2.92268984E-07	+3.11312159E-07	+6.20241886E-06	-8.09770220E-09	+8.71456245E-08	-3.49439574E-07
MERC_POS	-2524449.555	18525406.466	62.897
MERC_COV	+2.92268984E-07	+3.11312159E-07	+6.20241886E-06	-8.09770220E-09	+8.71456245E-08	-3.49439574E-07
VERT_I95	0.005
HORI_I95	0.002
3D___I95	0.005

GEOD_SYS	ITRF2005	2007.274000000	(RGTAAF)
GEOC_POS	-5741239.335	1387195.411	-2399270.330
GEOC_COV	+4.98600000E-06	+7.42000000E-07	+1.07800000E-06	-1.45600000E-06	+1.92300000E-06	-5.93000000E-07
GEOD_POS	-22.242088233	166.416561835	62.890
GEOD_COV	+2.92946619E-17	+2.38350247E-17	+6.20241883E-06	-7.09368887E-19	-3.38975843E-12	+7.86969583E-13
UTM__58S	7539693.706	645979.919	62.890
UTM__COV	+2.92268960E-07	+3.11312205E-07	+6.20241883E-06	-8.09765945E-09	+8.71448026E-08	-3.49439969E-07
MERC_POS	-2524448.613	18525406.923	62.890
MERC_COV	+2.92268960E-07	+3.11312205E-07	+6.20241883E-06	-8.09765945E-09	+8.71448026E-08	-3.49439969E-07
VERT_I95	0.005
HORI_I95	0.002
3D___I95	0.005

