SOFT_NAM	Gins
SOFT_VER	25.2
SOFT_TYP	IPPP

TIME_SYS	TAI

GEOD_SYS	ITRF2020	2023.127393106
GEOC_POS	-5741239.705	1387195.157	-2399269.665
GEOC_COV	+1.43751422E-05	+1.93886754E-06	+3.15085120E-06	-3.92321262E-06	+5.67433351E-06	-1.66446139E-06
GEOD_POS	-22.242081655	166.416565071	62.917
GEOD_COV	+7.84398662E-17	+6.34984876E-17	+1.78526574E-05	+1.53028722E-18	-6.89522585E-12	+9.55097218E-13
UTM__58S	7539694.431	645980.259	62.917
UTM__COV	+7.78628815E-07	+8.33574740E-07	+1.78526574E-05	+1.74686904E-08	+1.05762358E-07	-7.10808065E-07
MERC_POS	-2524447.827	18525407.283	62.917
MERC_COV	+7.78628815E-07	+8.33574740E-07	+1.78526574E-05	+1.74686904E-08	+1.05762358E-07	-7.10808065E-07
VERT_I95	0.008
HORI_I95	0.003
3D___I95	0.009

GEOD_SYS	ITRF1990	1989.000000000	(RGNC91-93)
GEOC_POS	-5741238.946	1387195.759	-2399271.155
GEOC_COV	+1.43750000E-05	+1.93900000E-06	+3.15100000E-06	-3.92300000E-06	+5.67400000E-06	-1.66400000E-06
GEOD_POS	-22.242096144	166.416557664	62.928
GEOD_COV	+7.84600405E-17	+6.35309857E-17	+1.78521837E-05	+1.50445223E-18	-6.89271225E-12	+9.56743259E-13
UTM__58S	7539692.834	645979.481	62.928
UTM__COV	+7.79027317E-07	+8.33788962E-07	+1.78521837E-05	+1.71737745E-08	+1.05944632E-07	-7.10548873E-07
MERC_POS	-2524449.559	18525406.459	62.928
MERC_COV	+7.79027317E-07	+8.33788962E-07	+1.78521837E-05	+1.71737745E-08	+1.05944632E-07	-7.10548873E-07
VERT_I95	0.008
HORI_I95	0.003
3D___I95	0.009

GEOD_SYS	ITRF2005	2007.274000000	(RGTAAF)
GEOC_POS	-5741239.360	1387195.424	-2399270.346
GEOC_COV	+1.43750000E-05	+1.93900000E-06	+3.15100000E-06	-3.92300000E-06	+5.67400000E-06	-1.66400000E-06
GEOD_POS	-22.242088273	166.416561768	62.922
GEOD_COV	+7.84600407E-17	+6.35309836E-17	+1.78521837E-05	+1.50446021E-18	-6.89272282E-12	+9.56721918E-13
UTM__58S	7539693.702	645979.912	62.922
UTM__COV	+7.79027289E-07	+8.33789056E-07	+1.78521837E-05	+1.71738665E-08	+1.05942269E-07	-7.10550002E-07
MERC_POS	-2524448.618	18525406.916	62.922
MERC_COV	+7.79027289E-07	+8.33789056E-07	+1.78521837E-05	+1.71738665E-08	+1.05942269E-07	-7.10550002E-07
VERT_I95	0.008
HORI_I95	0.003
3D___I95	0.009

