SOFT_NAM	Gins
SOFT_VER	25.2
SOFT_TYP	IPPP

TIME_SYS	TAI

GEOD_SYS	ITRF2020	2023.119173928
GEOC_POS	-5741239.582	1387195.092	-2399269.628
GEOC_COV	+1.45991857E-03	+9.55233999E-04	+2.97917760E-04	-9.30224321E-04	+5.98825010E-04	-3.05519186E-04
GEOD_POS	-22.242081807	166.416565404	62.777
GEOD_COV	+5.25407918E-14	+5.14799013E-15	+2.09159770E-03	-1.09460769E-14	-6.97038154E-09	+7.19690463E-10
UTM__58S	7539694.414	645980.294	62.777
UTM__COV	+6.31254921E-05	+5.58347139E-04	+2.09159770E-03	-1.24952765E-04	+7.96946712E-05	-7.18555622E-04
MERC_POS	-2524447.845	18525407.320	62.777
MERC_COV	+6.31254921E-05	+5.58347139E-04	+2.09159770E-03	-1.24952765E-04	+7.96946712E-05	-7.18555622E-04
VERT_I95	0.091
HORI_I95	0.050
3D___I95	0.104

GEOD_SYS	ITRF1990	1989.000000000	(RGNC91-93)
GEOC_POS	-5741238.822	1387195.694	-2399271.117
GEOC_COV	+1.45991900E-03	+9.55234000E-04	+2.97918000E-04	-9.30224000E-04	+5.98825000E-04	-3.05519000E-04
GEOD_POS	-22.242096292	166.416557999	62.789
GEOD_COV	+5.25408012E-14	+5.14801719E-15	+2.09159805E-03	-1.09460970E-14	-6.97037603E-09	+7.19695938E-10
UTM__58S	7539692.817	645979.515	62.789
UTM__COV	+6.31258244E-05	+5.58347126E-04	+2.09159805E-03	-1.24952982E-04	+7.96952778E-05	-7.18554981E-04
MERC_POS	-2524449.577	18525406.496	62.789
MERC_COV	+6.31258244E-05	+5.58347126E-04	+2.09159805E-03	-1.24952982E-04	+7.96952778E-05	-7.18554981E-04
VERT_I95	0.091
HORI_I95	0.050
3D___I95	0.104

GEOD_SYS	ITRF2005	2007.274000000	(RGTAAF)
GEOC_POS	-5741239.237	1387195.359	-2399270.308
GEOC_COV	+1.45991900E-03	+9.55234000E-04	+2.97918000E-04	-9.30224000E-04	+5.98825000E-04	-3.05519000E-04
GEOD_POS	-22.242088422	166.416562104	62.782
GEOD_COV	+5.25408051E-14	+5.14801488E-15	+2.09159798E-03	-1.09460870E-14	-6.97037682E-09	+7.19693172E-10
UTM__58S	7539693.685	645979.946	62.782
UTM__COV	+6.31257958E-05	+5.58347228E-04	+2.09159798E-03	-1.24952875E-04	+7.96949713E-05	-7.18555102E-04
MERC_POS	-2524448.636	18525406.953	62.782
MERC_COV	+6.31257958E-05	+5.58347228E-04	+2.09159798E-03	-1.24952875E-04	+7.96949713E-05	-7.18555102E-04
VERT_I95	0.091
HORI_I95	0.050
3D___I95	0.104

