SOFT_NAM	Gins
SOFT_VER	25.2
SOFT_TYP	IPPP

TIME_SYS	TAI

GEOD_SYS	ITRF2020	2023.946571188
GEOC_POS	-6193652.920	-408837.499	-1462281.914
GEOC_COV	+2.82431920E-05	+1.77116002E-06	+2.40270350E-06	+9.82878093E-07	+5.58974229E-06	+3.49866452E-07
GEOD_POS	-13.342244399	-176.223435480	41.717
GEOD_COV	+1.49688287E-16	+1.03304717E-16	+2.93958055E-05	-1.31902901E-17	-6.91562599E-12	+7.24250546E-12
UTM__01S	8524884.734	584097.144	41.717
UTM__COV	+1.26444119E-06	+1.75680873E-06	+2.93958055E-05	-1.58092738E-07	+8.01268506E-07	-7.49203555E-07
MERC_POS	-1489005.715	-19617103.104	41.717
MERC_COV	+1.26444119E-06	+1.75680873E-06	+2.93958055E-05	-1.58092738E-07	+8.01268506E-07	-7.49203555E-07
VERT_I95	0.011
HORI_I95	0.003
3D___I95	0.011

GEOD_SYS	ITRF1994	1993.000000000	(RGWF)
GEOC_POS	-6193652.568	-408839.401	-1462282.899
GEOC_COV	+2.82430000E-05	+1.77100000E-06	+2.40300000E-06	+9.83000000E-07	+5.59000000E-06	+3.50000000E-07
GEOD_POS	-13.342253535	-176.223417748	41.724
GEOD_COV	+1.49673327E-16	+1.03317147E-16	+2.93957736E-05	-1.31973906E-17	-6.91435140E-12	+7.23943874E-12
UTM__01S	8524883.718	584099.061	41.724
UTM__COV	+1.26459334E-06	+1.75663303E-06	+2.93957736E-05	-1.58177836E-07	+8.00929223E-07	-7.49065445E-07
MERC_POS	-1489006.754	-19617101.130	41.724
MERC_COV	+1.26459334E-06	+1.75663303E-06	+2.93957736E-05	-1.58177836E-07	+8.00929223E-07	-7.49065445E-07
VERT_I95	0.011
HORI_I95	0.003
3D___I95	0.011

