SOFT_NAM	Gins
SOFT_VER	25.2
SOFT_TYP	IPPP

TIME_SYS	TAI

GEOD_SYS	ITRF2020	2023.943831462
GEOC_POS	-6193652.960	-408837.510	-1462281.917
GEOC_COV	+2.71344721E-05	+2.18379328E-06	+2.49436574E-06	+8.34423861E-07	+5.53686340E-06	+3.91795914E-07
GEOD_POS	-13.342244344	-176.223435403	41.758
GEOD_COV	+1.85946856E-16	+1.07349261E-16	+2.83163294E-05	-1.77779299E-17	-7.24282079E-12	+5.18387410E-12
UTM__01S	8524884.740	584097.152	41.758
UTM__COV	+1.31394609E-06	+2.18235555E-06	+2.83163294E-05	-2.13078077E-07	+5.73513559E-07	-7.84650171E-07
MERC_POS	-1489005.709	-19617103.095	41.758
MERC_COV	+1.31394609E-06	+2.18235555E-06	+2.83163294E-05	-2.13078077E-07	+5.73513559E-07	-7.84650171E-07
VERT_I95	0.011
HORI_I95	0.004
3D___I95	0.011

GEOD_SYS	ITRF1994	1993.000000000	(RGWF)
GEOC_POS	-6193652.608	-408839.412	-1462282.902
GEOC_COV	+2.71340000E-05	+2.18400000E-06	+2.49400000E-06	+8.34000000E-07	+5.53700000E-06	+3.92000000E-07
GEOD_POS	-13.342253480	-176.223417672	41.765
GEOD_COV	+1.85969022E-16	+1.07313206E-16	+2.83158797E-05	-1.78009830E-17	-7.24585233E-12	+5.18237966E-12
UTM__01S	8524883.724	584099.069	41.765
UTM__COV	+1.31350479E-06	+2.18261555E-06	+2.83158797E-05	-2.13354373E-07	+5.73348224E-07	-7.84978564E-07
MERC_POS	-1489006.748	-19617101.121	41.765
MERC_COV	+1.31350479E-06	+2.18261555E-06	+2.83158797E-05	-2.13354373E-07	+5.73348224E-07	-7.84978564E-07
VERT_I95	0.011
HORI_I95	0.004
3D___I95	0.011

