SOFT_NAM	Gins
SOFT_VER	25.2
SOFT_TYP	IPPP

TIME_SYS	TAI

GEOD_SYS	ITRF2020	2026.231502695
GEOC_POS	-5746187.354	1425818.653	-2364769.004
GEOC_COV	+2.11666421E-05	+2.68316463E-06	+4.39720414E-06	-4.62607659E-06	+7.66088625E-06	-1.78225984E-06
GEOD_POS	-21.905864642	166.064479977	64.013
GEOD_COV	+1.49154719E-16	+1.17325313E-16	+2.52158913E-05	-1.80985190E-18	+2.48899344E-12	+4.57785575E-12
UTM__58S	7577211.352	609953.487	64.013
UTM__COV	+1.43854443E-06	+1.59257512E-06	+2.52158913E-05	-2.07081013E-08	+5.06906527E-07	+2.57190674E-07
MERC_POS	-2484292.190	18486213.350	64.013
MERC_COV	+1.43854443E-06	+1.59257512E-06	+2.52158913E-05	-2.07081013E-08	+5.06906527E-07	+2.57190674E-07
VERT_I95	0.010
HORI_I95	0.003
3D___I95	0.011

GEOD_SYS	ITRF1990	1989.000000000	(RGNC91-93)
GEOC_POS	-5746186.525	1425819.317	-2364770.637
GEOC_COV	+2.11670000E-05	+2.68300000E-06	+4.39700000E-06	-4.62600000E-06	+7.66100000E-06	-1.78200000E-06
GEOD_POS	-21.905880497	166.064471804	64.024
GEOD_COV	+1.49145531E-16	+1.17311616E-16	+2.52161468E-05	-1.82632089E-18	+2.49173841E-12	+4.57915378E-12
UTM__58S	7577209.603	609952.630	64.024
UTM__COV	+1.43837650E-06	+1.59247667E-06	+2.52161468E-05	-2.08965353E-08	+5.07050260E-07	+2.57474287E-07
MERC_POS	-2484294.081	18486212.440	64.024
MERC_COV	+1.43837650E-06	+1.59247667E-06	+2.52161468E-05	-2.08965353E-08	+5.07050260E-07	+2.57474287E-07
VERT_I95	0.010
HORI_I95	0.003
3D___I95	0.011

GEOD_SYS	ITRF2005	2007.274000000	(RGTAAF)
GEOC_POS	-5746186.940	1425818.977	-2364769.823
GEOC_COV	+2.11670000E-05	+2.68300000E-06	+4.39700000E-06	-4.62600000E-06	+7.66100000E-06	-1.78200000E-06
GEOD_POS	-21.905872591	166.064475969	64.018
GEOD_COV	+1.49145512E-16	+1.17311605E-16	+2.52161470E-05	-1.82632652E-18	+2.49172270E-12	+4.57912421E-12
UTM__58S	7577210.475	609953.067	64.018
UTM__COV	+1.43837636E-06	+1.59247664E-06	+2.52161470E-05	-2.08966008E-08	+5.07046984E-07	+2.57472677E-07
MERC_POS	-2484293.138	18486212.904	64.018
MERC_COV	+1.43837636E-06	+1.59247664E-06	+2.52161470E-05	-2.08966008E-08	+5.07046984E-07	+2.57472677E-07
VERT_I95	0.010
HORI_I95	0.003
3D___I95	0.011

