SOFT_NAM	Gins
SOFT_VER	25.2
SOFT_TYP	IPPP

TIME_SYS	TAI

GEOD_SYS	ITRF2020	2026.228762969
GEOC_POS	-5746187.350	1425818.649	-2364769.002
GEOC_COV	+7.82653012E-06	+9.47392911E-07	+1.65700668E-06	-1.59613486E-06	+2.86706631E-06	-6.78536199E-07
GEOD_POS	-21.905864640	166.064480009	64.008
GEOD_COV	+5.62134464E-17	+4.27788763E-17	+9.30620118E-06	+3.83451786E-18	+1.88363424E-12	+1.17197799E-12
UTM__58S	7577211.352	609953.490	64.008
UTM__COV	+5.24518645E-07	+6.00209880E-07	+9.30620118E-06	+4.38740785E-08	+1.29773266E-07	+1.94638182E-07
MERC_POS	-2484292.190	18486213.354	64.008
MERC_COV	+5.24518645E-07	+6.00209880E-07	+9.30620118E-06	+4.38740785E-08	+1.29773266E-07	+1.94638182E-07
VERT_I95	0.006
HORI_I95	0.002
3D___I95	0.006

GEOD_SYS	ITRF1990	1989.000000000	(RGNC91-93)
GEOC_POS	-5746186.522	1425819.313	-2364770.635
GEOC_COV	+7.82700000E-06	+9.47000000E-07	+1.65700000E-06	-1.59600000E-06	+2.86700000E-06	-6.79000000E-07
GEOD_POS	-21.905880493	166.064471836	64.019
GEOD_COV	+5.61872564E-17	+4.27797900E-17	+9.30654004E-06	+3.88278364E-18	+1.88484377E-12	+1.17282749E-12
UTM__58S	7577209.603	609952.634	64.019
UTM__COV	+5.24529852E-07	+5.99930110E-07	+9.30654004E-06	+4.44263249E-08	+1.29867332E-07	+1.94763143E-07
MERC_POS	-2484294.081	18486212.444	64.019
MERC_COV	+5.24529852E-07	+5.99930110E-07	+9.30654004E-06	+4.44263249E-08	+1.29867332E-07	+1.94763143E-07
VERT_I95	0.006
HORI_I95	0.002
3D___I95	0.006

GEOD_SYS	ITRF2005	2007.274000000	(RGTAAF)
GEOC_POS	-5746186.937	1425818.973	-2364769.821
GEOC_COV	+7.82700000E-06	+9.47000000E-07	+1.65700000E-06	-1.59600000E-06	+2.86700000E-06	-6.79000000E-07
GEOD_POS	-21.905872587	166.064476001	64.013
GEOD_COV	+5.61872476E-17	+4.27797875E-17	+9.30654010E-06	+3.88278051E-18	+1.88483801E-12	+1.17281662E-12
UTM__58S	7577210.475	609953.070	64.013
UTM__COV	+5.24529819E-07	+5.99930081E-07	+9.30654010E-06	+4.44262914E-08	+1.29866128E-07	+1.94762559E-07
MERC_POS	-2484293.138	18486212.907	64.013
MERC_COV	+5.24529819E-07	+5.99930081E-07	+9.30654010E-06	+4.44262914E-08	+1.29866128E-07	+1.94762559E-07
VERT_I95	0.006
HORI_I95	0.002
3D___I95	0.006

