SOFT_NAM	Gins
SOFT_VER	22.2
SOFT_TYP	PPP

TIME_SYS	TAI

GEOD_SYS	ITRF2020	2023.845191813
GEOC_POS	-5038585.455	-3467922.127	-1801377.825
GEOC_COV	+3.23221322E-05	+2.12111633E-05	+4.92651720E-06	+2.00591643E-05	+1.13308733E-05	+8.35259315E-06
GEOD_POS	-16.514412530	-145.461414748	2.128
GEOD_COV	+5.30514208E-16	+5.69008245E-17	+5.17167552E-05	+1.04748634E-17	+1.89442257E-11	-1.77688409E-12
UTM__06S	8173534.989	664204.542	2.128
UTM__COV	+6.96838283E-07	+6.04621925E-06	+5.17167552E-05	+1.23750945E-07	-1.96637263E-07	+2.02241508E-06
MERC_POS	-1852232.956	-16192690.620	2.128
MERC_COV	+6.96838283E-07	+6.04621925E-06	+5.17167552E-05	+1.23750945E-07	-1.96637263E-07	+2.02241508E-06
VERT_I95	0.014
HORI_I95	0.005
3D___I95	0.015

GEOD_SYS	ITRF1992	1993.000000000	(RGPF)
GEOC_POS	-5038584.041	-3467923.640	-1801378.844
GEOC_COV	+3.23220000E-05	+2.12110000E-05	+4.92700000E-06	+2.00590000E-05	+1.13310000E-05	+8.35300000E-06
GEOD_POS	-16.514422155	-145.461395561	2.123
GEOD_COV	+5.30514161E-16	+5.69201980E-17	+5.17167064E-05	+1.04518087E-17	+1.89441327E-11	-1.78125966E-12
UTM__06S	8173533.909	664206.581	2.123
UTM__COV	+6.97075541E-07	+6.04621810E-06	+5.17167064E-05	+1.23478569E-07	-1.97121481E-07	+2.02240505E-06
MERC_POS	-1852234.067	-16192688.484	2.123
MERC_COV	+6.97075541E-07	+6.04621810E-06	+5.17167064E-05	+1.23478569E-07	-1.97121481E-07	+2.02240505E-06
VERT_I95	0.014
HORI_I95	0.005
3D___I95	0.015

