SOFT_NAM	Gins
SOFT_VER	21.2
SOFT_TYP	PPP

TIME_SYS	TAI

GEOD_SYS	ITRF2014	2022.899986333
GEOC_POS	-5245847.337	-3081023.751	-1909101.517
GEOC_COV	+4.65775730E-05	+1.72947313E-05	+6.43480734E-06	+1.62129808E-05	+1.55325842E-05	+6.71022997E-06
GEOD_POS	-17.532366459	-149.573166303	17.389
GEOD_COV	+9.44184270E-16	+8.44375945E-17	+5.86277348E-05	+4.34119523E-17	-4.98258183E-11	-2.73691456E-12
UTM__06S	8059701.525	226813.224	17.389
UTM__COV	+1.03428015E-06	+1.06450967E-05	+5.86277348E-05	+5.10160594E-07	-3.02909161E-07	-5.29055050E-06
MERC_POS	-1970019.660	-16650408.709	17.389
MERC_COV	+1.03428015E-06	+1.06450967E-05	+5.86277348E-05	+5.10160594E-07	-3.02909161E-07	-5.29055050E-06
VERT_I95	0.015
HORI_I95	0.007
3D___I95	0.017

GEOD_SYS	ITRF1992	1993.000000000	(RGPF)
GEOC_POS	-5245846.072	-3081025.278	-1909102.512
GEOC_COV	+4.65780000E-05	+1.72950000E-05	+6.43500000E-06	+1.62130000E-05	+1.55330000E-05	+6.71000000E-06
GEOD_POS	-17.532375901	-149.573147863	17.386
GEOD_COV	+9.44210598E-16	+8.44435278E-17	+5.86282548E-05	+4.34436136E-17	-4.98276570E-11	-2.73807616E-12
UTM__06S	8059700.506	226815.197	17.386
UTM__COV	+1.03435282E-06	+1.06453924E-05	+5.86282548E-05	+5.10532639E-07	-3.03037722E-07	-5.29074546E-06
MERC_POS	-1970020.756	-16650406.657	17.386
MERC_COV	+1.03435282E-06	+1.06453924E-05	+5.86282548E-05	+5.10532639E-07	-3.03037722E-07	-5.29074546E-06
VERT_I95	0.015
HORI_I95	0.007
3D___I95	0.017

