SOFT_NAM	Gins
SOFT_VER	21.2
SOFT_TYP	PPP

TIME_SYS	TAI

GEOD_SYS	ITRF2014	2022.897246607
GEOC_POS	-5245847.283	-3081023.769	-1909101.497
GEOC_COV	+2.15757862E-04	+1.52558305E-04	+3.78095261E-05	+1.10595265E-04	+7.45684019E-05	+5.40269085E-05
GEOD_POS	-17.532366394	-149.573165901	17.347
GEOD_COV	+6.40177968E-15	+7.01592873E-16	+3.25355723E-04	-4.25146326E-17	+2.60907136E-10	-7.39337608E-12
UTM__06S	8059701.533	226813.266	17.347
UTM__COV	+8.59384465E-06	+7.21761259E-05	+3.25355723E-04	-4.99615631E-07	-8.18264977E-07	+2.77033558E-05
MERC_POS	-1970019.653	-16650408.664	17.347
MERC_COV	+8.59384465E-06	+7.21761259E-05	+3.25355723E-04	-4.99615631E-07	-8.18264977E-07	+2.77033558E-05
VERT_I95	0.036
HORI_I95	0.018
3D___I95	0.040

GEOD_SYS	ITRF1992	1993.000000000	(RGPF)
GEOC_POS	-5245846.018	-3081025.296	-1909102.493
GEOC_COV	+2.15758000E-04	+1.52558000E-04	+3.78100000E-05	+1.10595000E-04	+7.45680000E-05	+5.40270000E-05
GEOD_POS	-17.532375836	-149.573147463	17.344
GEOD_COV	+6.40178239E-15	+7.01640564E-16	+3.25355422E-04	-4.25448810E-17	+2.60904326E-10	-7.39242969E-12
UTM__06S	8059700.514	226815.239	17.344
UTM__COV	+8.59442883E-06	+7.21761489E-05	+3.25355422E-04	-4.99971073E-07	-8.18160235E-07	+2.77030560E-05
MERC_POS	-1970020.748	-16650406.612	17.344
MERC_COV	+8.59442883E-06	+7.21761489E-05	+3.25355422E-04	-4.99971073E-07	-8.18160235E-07	+2.77030560E-05
VERT_I95	0.036
HORI_I95	0.018
3D___I95	0.040

