SOFT_NAM	Gins
SOFT_VER	21.2
SOFT_TYP	PPP

TIME_SYS	TAI

GEOD_SYS	ITRF2014	2022.891767155
GEOC_POS	-5245847.319	-3081023.756	-1909101.510
GEOC_COV	+1.22010684E-04	+8.51190173E-05	+2.01752229E-05	+6.48658214E-05	+4.12070253E-05	+3.08613809E-05
GEOD_POS	-17.532366438	-149.573166174	17.374
GEOD_COV	+3.36413345E-15	+3.51608369E-16	+1.85069522E-04	-6.90622264E-17	+1.55327345E-10	+8.42266384E-12
UTM__06S	8059701.527	226813.238	17.374
UTM__COV	+4.30686776E-06	+3.79285345E-05	+1.85069522E-04	-8.11592762E-07	+9.32181833E-07	+1.64927981E-05
MERC_POS	-1970019.658	-16650408.695	17.374
MERC_COV	+4.30686776E-06	+3.79285345E-05	+1.85069522E-04	-8.11592762E-07	+9.32181833E-07	+1.64927981E-05
VERT_I95	0.027
HORI_I95	0.013
3D___I95	0.030

GEOD_SYS	ITRF1992	1993.000000000	(RGPF)
GEOC_POS	-5245846.054	-3081025.283	-1909102.506
GEOC_COV	+1.22011000E-04	+8.51190000E-05	+2.01750000E-05	+6.48660000E-05	+4.12070000E-05	+3.08610000E-05
GEOD_POS	-17.532375878	-149.573147739	17.372
GEOD_COV	+3.36412513E-15	+3.51604772E-16	+1.85069740E-04	-6.90376361E-17	+1.55325507E-10	+8.42611567E-12
UTM__06S	8059700.509	226815.210	17.372
UTM__COV	+4.30682371E-06	+3.79284367E-05	+1.85069740E-04	-8.11303745E-07	+9.32563866E-07	+1.64926021E-05
MERC_POS	-1970020.753	-16650406.643	17.372
MERC_COV	+4.30682371E-06	+3.79284367E-05	+1.85069740E-04	-8.11303745E-07	+9.32563866E-07	+1.64926021E-05
VERT_I95	0.027
HORI_I95	0.013
3D___I95	0.030

