SOFT_NAM	Gins
SOFT_VER	21.2
SOFT_TYP	PPP

TIME_SYS	TAI

GEOD_SYS	ITRF2014	2022.894506881
GEOC_POS	-5245847.302	-3081023.736	-1909101.502
GEOC_COV	+7.18190707E-05	+5.51271116E-05	+1.56499407E-05	+3.57779421E-05	+2.47197017E-05	+2.39754135E-05
GEOD_POS	-17.532366434	-149.573166258	17.348
GEOD_COV	+2.49774690E-15	+3.24360234E-16	+1.10462460E-04	-4.01833263E-16	+1.14161588E-10	-3.16610950E-11
UTM__06S	8059701.528	226813.229	17.348
UTM__COV	+3.97310402E-06	+2.81605590E-05	+1.10462460E-04	-4.72219015E-06	-3.50410488E-06	+1.21217807E-05
MERC_POS	-1970019.657	-16650408.704	17.348
MERC_COV	+3.97310402E-06	+2.81605590E-05	+1.10462460E-04	-4.72219015E-06	-3.50410488E-06	+1.21217807E-05
VERT_I95	0.021
HORI_I95	0.011
3D___I95	0.024

GEOD_SYS	ITRF1992	1993.000000000	(RGPF)
GEOC_POS	-5245846.037	-3081025.263	-1909102.497
GEOC_COV	+7.18190000E-05	+5.51270000E-05	+1.56500000E-05	+3.57780000E-05	+2.47200000E-05	+2.39750000E-05
GEOD_POS	-17.532375875	-149.573147822	17.345
GEOD_COV	+2.49773313E-15	+3.24361997E-16	+1.10462473E-04	-4.01791369E-16	+1.14160019E-10	-3.16615258E-11
UTM__06S	8059700.509	226815.201	17.345
UTM__COV	+3.97312562E-06	+2.81604009E-05	+1.10462473E-04	-4.72169758E-06	-3.50415256E-06	+1.21216135E-05
MERC_POS	-1970020.753	-16650406.652	17.345
MERC_COV	+3.97312562E-06	+2.81604009E-05	+1.10462473E-04	-4.72169758E-06	-3.50415256E-06	+1.21216135E-05
VERT_I95	0.021
HORI_I95	0.011
3D___I95	0.024

