SOFT_NAM	Gins
SOFT_VER	21.2
SOFT_TYP	PPP

TIME_SYS	TAI

GEOD_SYS	ITRF2014	2022.889027429
GEOC_POS	-5245847.299	-3081023.743	-1909101.503
GEOC_COV	+1.77497297E-04	+9.33452264E-05	+3.31534774E-05	+1.68585176E-05	+7.04206962E-05	+1.45272498E-05
GEOD_POS	-17.532366436	-149.573166181	17.350
GEOD_COV	+8.88781147E-15	+5.32148138E-16	+1.97273089E-04	+1.14585298E-15	-3.21920442E-10	-1.46650476E-10
UTM__06S	8059701.528	226813.237	17.350
UTM__COV	+6.51830799E-06	+1.00204604E-04	+1.97273089E-04	+1.34656241E-05	-1.62306025E-05	-3.41818038E-05
MERC_POS	-1970019.658	-16650408.696	17.350
MERC_COV	+6.51830799E-06	+1.00204604E-04	+1.97273089E-04	+1.34656241E-05	-1.62306025E-05	-3.41818038E-05
VERT_I95	0.028
HORI_I95	0.021
3D___I95	0.035

GEOD_SYS	ITRF1992	1993.000000000	(RGPF)
GEOC_POS	-5245846.034	-3081025.270	-1909102.498
GEOC_COV	+1.77497000E-04	+9.33450000E-05	+3.31530000E-05	+1.68590000E-05	+7.04210000E-05	+1.45270000E-05
GEOD_POS	-17.532375875	-149.573147748	17.347
GEOD_COV	+8.88775496E-15	+5.32107179E-16	+1.97273237E-04	+1.14589053E-15	-3.21919405E-10	-1.46649578E-10
UTM__06S	8059700.509	226815.209	17.347
UTM__COV	+6.51780629E-06	+1.00203957E-04	+1.97273237E-04	+1.34660646E-05	-1.62305031E-05	-3.41816919E-05
MERC_POS	-1970020.753	-16650406.644	17.347
MERC_COV	+6.51780629E-06	+1.00203957E-04	+1.97273237E-04	+1.34660646E-05	-1.62305031E-05	-3.41816919E-05
VERT_I95	0.028
HORI_I95	0.021
3D___I95	0.035

