SOFT_NAM	Gins
SOFT_VER	21.2
SOFT_TYP	PPP

TIME_SYS	TAI

GEOD_SYS	ITRF2014	2022.264369895
GEOC_POS	-5814045.464	1312523.358	-2262990.600
GEOC_COV	+7.95993542E-04	+3.20610040E-04	+1.00626717E-04	-7.79092790E-06	+2.28397582E-04	-2.99435476E-05
GEOD_POS	-20.918481987	167.278697548	66.675
GEOD_COV	+3.14472253E-14	+2.75367457E-15	+8.43159694E-04	+1.23722903E-15	+9.26105173E-10	+4.91661667E-10
UTM__58S	7685190.873	736997.545	66.675
UTM__COV	+3.37553239E-05	+3.40315281E-04	+8.43159694E-04	+1.42499878E-05	+5.44353704E-05	+9.63407158E-05
MERC_POS	-2366911.999	18621379.432	66.675
MERC_COV	+3.37553239E-05	+3.40315281E-04	+8.43159694E-04	+1.42499878E-05	+5.44353704E-05	+9.63407158E-05
VERT_I95	0.058
HORI_I95	0.039
3D___I95	0.070

GEOD_SYS	ITRF1990	1989.000000000	(RGNC91-93)
GEOC_POS	-5814044.764	1312523.975	-2262992.057
GEOC_COV	+7.95994000E-04	+3.20610000E-04	+1.00627000E-04	-7.79100000E-06	+2.28398000E-04	-2.99440000E-05
GEOD_POS	-20.918496039	167.278690275	66.685
GEOD_COV	+3.14472290E-14	+2.75367399E-15	+8.43160425E-04	+1.23726016E-15	+9.26104999E-10	+4.91660536E-10
UTM__58S	7685189.327	736996.766	66.685
UTM__COV	+3.37553171E-05	+3.40315258E-04	+8.43160425E-04	+1.42503451E-05	+5.44352454E-05	+9.63406889E-05
MERC_POS	-2366913.664	18621378.622	66.685
MERC_COV	+3.37553171E-05	+3.40315258E-04	+8.43160425E-04	+1.42503451E-05	+5.44352454E-05	+9.63406889E-05
VERT_I95	0.058
HORI_I95	0.039
3D___I95	0.070

