SOFT_NAM	Gins
SOFT_VER	21.2
SOFT_TYP	PPP

TIME_SYS	TAI

GEOD_SYS	ITRF2014	2022.258890443
GEOC_POS	-5814045.465	1312523.344	-2262990.613
GEOC_COV	+2.10358470E-05	+1.23704118E-05	+3.86847303E-06	-3.06990640E-06	+7.61644596E-06	-2.00184473E-06
GEOD_POS	-20.918482100	167.278697674	66.679
GEOD_COV	+1.06006149E-15	+7.52044603E-17	+2.48810910E-05	-5.89159108E-18	-9.12391382E-12	+1.45775918E-12
UTM__58S	7685190.860	736997.558	66.679
UTM__COV	+9.21877607E-07	+1.14717632E-05	+2.48810910E-05	-6.78573645E-08	+1.61398918E-07	-9.49140998E-07
MERC_POS	-2366912.012	18621379.446	66.679
MERC_COV	+9.21877607E-07	+1.14717632E-05	+2.48810910E-05	-6.78573645E-08	+1.61398918E-07	-9.49140998E-07
VERT_I95	0.010
HORI_I95	0.007
3D___I95	0.012

GEOD_SYS	ITRF1990	1989.000000000	(RGNC91-93)
GEOC_POS	-5814044.765	1312523.962	-2262992.070
GEOC_COV	+2.10360000E-05	+1.23700000E-05	+3.86800000E-06	-3.07000000E-06	+7.61600000E-06	-2.00200000E-06
GEOD_POS	-20.918496149	167.278690403	66.688
GEOD_COV	+1.06002243E-15	+7.51943319E-17	+2.48809081E-05	-5.87026324E-18	-9.12442560E-12	+1.46243429E-12
UTM__58S	7685189.315	736996.780	66.688
UTM__COV	+9.21753456E-07	+1.14713384E-05	+2.48809081E-05	-6.76117116E-08	+1.61916533E-07	-9.49194151E-07
MERC_POS	-2366913.677	18621378.636	66.688
MERC_COV	+9.21753456E-07	+1.14713384E-05	+2.48809081E-05	-6.76117116E-08	+1.61916533E-07	-9.49194151E-07
VERT_I95	0.010
HORI_I95	0.007
3D___I95	0.012

