SOFT_NAM	Gins
SOFT_VER	21.2
SOFT_TYP	PPP

TIME_SYS	TAI

GEOD_SYS	ITRF2014	2022.261630169
GEOC_POS	-5814045.471	1312523.343	-2262990.611
GEOC_COV	+2.83918712E-05	+1.43143850E-05	+5.31687477E-06	-2.67283797E-06	+1.05428843E-05	-1.64667430E-06
GEOD_POS	-20.918482064	167.278697699	66.683
GEOD_COV	+1.27971067E-15	+9.92207235E-17	+3.29580946E-05	-3.90999477E-17	+7.93510888E-12	-7.34525015E-13
UTM__58S	7685190.864	736997.561	66.683
UTM__COV	+1.21627578E-06	+1.38487607E-05	+3.29580946E-05	-4.50340048E-07	-8.13245042E-08	+8.25472195E-07
MERC_POS	-2366912.008	18621379.448	66.683
MERC_COV	+1.21627578E-06	+1.38487607E-05	+3.29580946E-05	-4.50340048E-07	-8.13245042E-08	+8.25472195E-07
VERT_I95	0.011
HORI_I95	0.008
3D___I95	0.014

GEOD_SYS	ITRF1990	1989.000000000	(RGNC91-93)
GEOC_POS	-5814044.771	1312523.961	-2262992.068
GEOC_COV	+2.83920000E-05	+1.43140000E-05	+5.31700000E-06	-2.67300000E-06	+1.05430000E-05	-1.64700000E-06
GEOD_POS	-20.918496115	167.278690427	66.693
GEOD_COV	+1.27967121E-15	+9.92213975E-17	+3.29583848E-05	-3.90773980E-17	+7.93380667E-12	-7.35551294E-13
UTM__58S	7685189.319	736996.782	66.693
UTM__COV	+1.21628404E-06	+1.38483311E-05	+3.29583848E-05	-4.50080288E-07	-8.14381312E-08	+8.25336654E-07
MERC_POS	-2366913.673	18621378.639	66.693
MERC_COV	+1.21628404E-06	+1.38483311E-05	+3.29583848E-05	-4.50080288E-07	-8.14381312E-08	+8.25336654E-07
VERT_I95	0.011
HORI_I95	0.008
3D___I95	0.014

