SOFT_NAM	Gins
SOFT_VER	25.2
SOFT_TYP	IPPP

TIME_SYS	TAI

GEOD_SYS	ITRF2020	2025.078078038
GEOC_POS	-5034736.541	-3510865.329	-1727937.199
GEOC_COV	+5.02882018E-05	+2.27465871E-05	+8.04934602E-06	+2.79051622E-05	+1.51269867E-05	+9.29405777E-06
GEOD_POS	-15.823423358	-145.110837053	0.418
GEOD_COV	+4.85546459E-16	+2.58654045E-16	+7.23446121E-05	+8.14434244E-18	-3.20449598E-11	+4.49986455E-12
UTM__06S	8249686.602	702332.493	0.418
UTM__COV	+3.16720511E-06	+5.57231778E-06	+7.23446121E-05	+9.65466091E-08	+4.97941013E-07	-3.43290886E-06
MERC_POS	-1772638.739	-16153664.489	0.418
MERC_COV	+3.16720511E-06	+5.57231778E-06	+7.23446121E-05	+9.65466091E-08	+4.97941013E-07	-3.43290886E-06
VERT_I95	0.017
HORI_I95	0.006
3D___I95	0.018

GEOD_SYS	ITRF1992	1993.000000000	(RGPF)
GEOC_POS	-5034735.083	-3510866.896	-1727938.238
GEOC_COV	+5.02880000E-05	+2.27470000E-05	+8.04900000E-06	+2.79050000E-05	+1.51270000E-05	+9.29400000E-06
GEOD_POS	-15.823433129	-145.110817269	0.413
GEOD_COV	+4.85578421E-16	+2.58627922E-16	+7.23444307E-05	+8.15410691E-18	-3.20432223E-11	+4.50059648E-12
UTM__06S	8249685.502	702334.603	0.413
UTM__COV	+3.16688523E-06	+5.57268404E-06	+7.23444307E-05	+9.66623567E-08	+4.98022006E-07	-3.43272256E-06
MERC_POS	-1772639.863	-16153662.287	0.413
MERC_COV	+3.16688523E-06	+5.57268404E-06	+7.23444307E-05	+9.66623567E-08	+4.98022006E-07	-3.43272256E-06
VERT_I95	0.017
HORI_I95	0.006
3D___I95	0.018

