SOFT_NAM	Gins
SOFT_VER	25.2
SOFT_TYP	IPPP

TIME_SYS	TAI

GEOD_SYS	ITRF2020	2025.080817764
GEOC_POS	-5034736.504	-3510865.309	-1727937.190
GEOC_COV	+6.41173250E-05	+2.60885729E-05	+9.51791692E-06	+3.50354410E-05	+1.86946486E-05	+1.13254028E-05
GEOD_POS	-15.823423387	-145.110837007	0.375
GEOD_COV	+4.92718868E-16	+2.98252376E-16	+9.04170993E-05	-1.79532519E-17	-5.50530312E-11	+1.00796878E-11
UTM__06S	8249686.599	702332.498	0.375
UTM__COV	+3.65208453E-06	+5.65463102E-06	+9.04170993E-05	-2.12825723E-07	+1.11538689E-06	-5.89771491E-06
MERC_POS	-1772638.742	-16153664.484	0.375
MERC_COV	+3.65208453E-06	+5.65463102E-06	+9.04170993E-05	-2.12825723E-07	+1.11538689E-06	-5.89771491E-06
VERT_I95	0.019
HORI_I95	0.006
3D___I95	0.020

GEOD_SYS	ITRF1992	1993.000000000	(RGPF)
GEOC_POS	-5034735.045	-3510866.876	-1727938.229
GEOC_COV	+6.41170000E-05	+2.60890000E-05	+9.51800000E-06	+3.50350000E-05	+1.86950000E-05	+1.13250000E-05
GEOD_POS	-15.823433159	-145.110817221	0.370
GEOD_COV	+4.92771090E-16	+2.98253215E-16	+9.04166754E-05	-1.79056140E-17	-5.50528495E-11	+1.00780059E-11
UTM__06S	8249685.498	702334.608	0.370
UTM__COV	+3.65209480E-06	+5.65522979E-06	+9.04166754E-05	-2.12260992E-07	+1.11520078E-06	-5.89769516E-06
MERC_POS	-1772639.866	-16153662.282	0.370
MERC_COV	+3.65209480E-06	+5.65522979E-06	+9.04166754E-05	-2.12260992E-07	+1.11520078E-06	-5.89769516E-06
VERT_I95	0.019
HORI_I95	0.006
3D___I95	0.020

