SOFT_NAM	Gins
SOFT_VER	25.2
SOFT_TYP	IPPP

TIME_SYS	TAI

GEOD_SYS	ITRF2020	2025.083557490
GEOC_POS	-5034736.541	-3510865.273	-1727937.190
GEOC_COV	+1.38852104E-05	+6.23126437E-06	+2.50113945E-06	+7.79421693E-06	+4.47000718E-06	+2.83391253E-06
GEOD_POS	-15.823423358	-145.110837484	0.385
GEOD_COV	+1.23874586E-16	+7.60213850E-17	+2.02651040E-05	-1.78241200E-18	-8.64697016E-12	-2.28634904E-12
UTM__06S	8249686.602	702332.447	0.385
UTM__COV	+9.30877831E-07	+1.42163234E-06	+2.02651040E-05	-2.11294938E-08	-2.53000271E-07	-9.26331644E-07
MERC_POS	-1772638.739	-16153664.537	0.385
MERC_COV	+9.30877831E-07	+1.42163234E-06	+2.02651040E-05	-2.11294938E-08	-2.53000271E-07	-9.26331644E-07
VERT_I95	0.009
HORI_I95	0.003
3D___I95	0.010

GEOD_SYS	ITRF1992	1993.000000000	(RGPF)
GEOC_POS	-5034735.083	-3510866.840	-1727938.229
GEOC_COV	+1.38850000E-05	+6.23100000E-06	+2.50100000E-06	+7.79400000E-06	+4.47000000E-06	+2.83400000E-06
GEOD_POS	-15.823433132	-145.110817697	0.380
GEOD_COV	+1.23870891E-16	+7.60063238E-17	+2.02647168E-05	-1.79087805E-18	-8.64773652E-12	-2.28735237E-12
UTM__06S	8249685.502	702334.557	0.380
UTM__COV	+9.30693407E-07	+1.42158980E-06	+2.02647168E-05	-2.12298530E-08	-2.53111297E-07	-9.26413697E-07
MERC_POS	-1772639.863	-16153662.335	0.380
MERC_COV	+9.30693407E-07	+1.42158980E-06	+2.02647168E-05	-2.12298530E-08	-2.53111297E-07	-9.26413697E-07
VERT_I95	0.009
HORI_I95	0.003
3D___I95	0.010

