SOFT_NAM	Gins
SOFT_VER	25.2
SOFT_TYP	IPPP

TIME_SYS	TAI

GEOD_SYS	ITRF2020	2024.900269081
GEOC_POS	-5802653.279	1246237.546	-2328305.997
GEOC_COV	+2.22826800E-04	+3.16369242E-05	+4.48271560E-05	-4.40436401E-05	+8.24192406E-05	-2.06545333E-05
GEOD_POS	-21.551376764	167.878700156	63.093
GEOD_COV	+2.04873958E-15	+9.88778133E-16	+2.65185765E-04	+2.05064225E-16	-1.83950438E-11	+1.90660392E-11
UTM__58S	7614074.983	798159.586	63.093
UTM__COV	+1.21225263E-05	+2.19825894E-05	+2.65185765E-04	+2.35197709E-06	+2.11109425E-06	-1.90544699E-06
MERC_POS	-2442058.038	18688171.416	63.093
MERC_COV	+1.21225263E-05	+2.19825894E-05	+2.65185765E-04	+2.35197709E-06	+2.11109425E-06	-1.90544699E-06
VERT_I95	0.033
HORI_I95	0.012
3D___I95	0.035

GEOD_SYS	ITRF1990	1989.000000000	(RGNC91-93)
GEOC_POS	-5802652.525	1246238.209	-2328307.538
GEOC_COV	+2.22827000E-04	+3.16370000E-05	+4.48270000E-05	-4.40440000E-05	+8.24190000E-05	-2.06550000E-05
GEOD_POS	-21.551391690	167.878692370	63.103
GEOD_COV	+2.04873376E-15	+9.88778609E-16	+2.65185945E-04	+2.05095588E-16	-1.83992691E-11	+1.90690752E-11
UTM__58S	7614073.345	798158.748	63.103
UTM__COV	+1.21225322E-05	+2.19825225E-05	+2.65185945E-04	+2.35233658E-06	+2.11143042E-06	-1.90588447E-06
MERC_POS	-2442059.814	18688170.550	63.103
MERC_COV	+1.21225322E-05	+2.19825225E-05	+2.65185945E-04	+2.35233658E-06	+2.11143042E-06	-1.90588447E-06
VERT_I95	0.033
HORI_I95	0.012
3D___I95	0.035

GEOD_SYS	ITRF2005	2007.274000000	(RGTAAF)
GEOC_POS	-5802652.917	1246237.858	-2328306.741
GEOC_COV	+2.22827000E-04	+3.16370000E-05	+4.48270000E-05	-4.40440000E-05	+8.24190000E-05	-2.06550000E-05
GEOD_POS	-21.551383972	167.878696478	63.098
GEOD_COV	+2.04873356E-15	+9.88778577E-16	+2.65185946E-04	+2.05095610E-16	-1.83994222E-11	+1.90687683E-11
UTM__58S	7614074.192	798159.190	63.098
UTM__COV	+1.21225318E-05	+2.19825226E-05	+2.65185946E-04	+2.35233695E-06	+2.11139643E-06	-1.90590043E-06
MERC_POS	-2442058.896	18688171.007	63.098
MERC_COV	+1.21225318E-05	+2.19825226E-05	+2.65185946E-04	+2.35233695E-06	+2.11139643E-06	-1.90590043E-06
VERT_I95	0.033
HORI_I95	0.012
3D___I95	0.035

