SOFT_NAM	Gins
SOFT_VER	25.2
SOFT_TYP	IPPP

TIME_SYS	TAI

GEOD_SYS	ITRF2020	2024.903001322
GEOC_POS	-5802653.276	1246237.705	-2328306.003
GEOC_COV	+1.31802708E-05	+1.94691421E-06	+2.69081327E-06	-3.22800158E-06	+4.87011564E-06	-1.20667618E-06
GEOD_POS	-21.551376711	167.878698653	63.123
GEOD_COV	+1.04083797E-16	+6.45577564E-17	+1.59097137E-05	-7.66277148E-18	-6.27800053E-12	+1.85903895E-12
UTM__58S	7614074.992	798159.430	63.123
UTM__COV	+7.91485049E-07	+1.11679953E-06	+1.59097137E-05	-8.78878954E-08	+2.05842777E-07	-6.50305452E-07
MERC_POS	-2442058.032	18688171.249	63.123
MERC_COV	+7.91485049E-07	+1.11679953E-06	+1.59097137E-05	-8.78878954E-08	+2.05842777E-07	-6.50305452E-07
VERT_I95	0.008
HORI_I95	0.003
3D___I95	0.008

GEOD_SYS	ITRF1990	1989.000000000	(RGNC91-93)
GEOC_POS	-5802652.522	1246238.368	-2328307.544
GEOC_COV	+1.31800000E-05	+1.94700000E-06	+2.69100000E-06	-3.22800000E-06	+4.87000000E-06	-1.20700000E-06
GEOD_POS	-21.551391637	167.878690866	63.133
GEOD_COV	+1.04090392E-16	+6.45706386E-17	+1.59094869E-05	-7.63744162E-18	-6.27983598E-12	+1.85800690E-12
UTM__58S	7614073.354	798158.592	63.133
UTM__COV	+7.91642992E-07	+1.11687006E-06	+1.59094869E-05	-8.75973669E-08	+2.05728504E-07	-6.50495511E-07
MERC_POS	-2442059.808	18688170.382	63.133
MERC_COV	+7.91642992E-07	+1.11687006E-06	+1.59094869E-05	-8.75973669E-08	+2.05728504E-07	-6.50495511E-07
VERT_I95	0.008
HORI_I95	0.003
3D___I95	0.008

GEOD_SYS	ITRF2005	2007.274000000	(RGTAAF)
GEOC_POS	-5802652.914	1246238.017	-2328306.747
GEOC_COV	+1.31800000E-05	+1.94700000E-06	+2.69100000E-06	-3.22800000E-06	+4.87000000E-06	-1.20700000E-06
GEOD_POS	-21.551383919	167.878694974	63.128
GEOD_COV	+1.04090390E-16	+6.45706339E-17	+1.59094869E-05	-7.63743405E-18	-6.27984535E-12	+1.85798830E-12
UTM__58S	7614074.201	798159.034	63.128
UTM__COV	+7.91642931E-07	+1.11687016E-06	+1.59094869E-05	-8.75972845E-08	+2.05726444E-07	-6.50496516E-07
MERC_POS	-2442058.890	18688170.839	63.128
MERC_COV	+7.91642931E-07	+1.11687016E-06	+1.59094869E-05	-8.75972845E-08	+2.05726444E-07	-6.50496516E-07
VERT_I95	0.008
HORI_I95	0.003
3D___I95	0.008

