SOFT_NAM	Gins
SOFT_VER	25.2
SOFT_TYP	IPPP

TIME_SYS	TAI

GEOD_SYS	ITRF2020	2024.905733562
GEOC_POS	-5802653.306	1246237.654	-2328305.966
GEOC_COV	+1.13843093E-03	+6.08240407E-04	+5.34882224E-04	-2.88581323E-04	+5.63491418E-04	-4.53422660E-04
GEOD_POS	-21.551376338	167.878699194	63.126
GEOD_COV	+4.78224613E-14	+1.53052434E-14	+1.58078363E-03	+2.14130239E-14	-2.53781140E-09	-2.10488223E-09
UTM__58S	7614075.032	798159.487	63.126
UTM__COV	+1.87643933E-04	+5.13126000E-04	+1.58078363E-03	+2.45595946E-04	-2.33063866E-04	-2.62878696E-04
MERC_POS	-2442057.988	18688171.309	63.126
MERC_COV	+1.87643933E-04	+5.13126000E-04	+1.58078363E-03	+2.45595946E-04	-2.33063866E-04	-2.62878696E-04
VERT_I95	0.080
HORI_I95	0.053
3D___I95	0.096

GEOD_SYS	ITRF1990	1989.000000000	(RGNC91-93)
GEOC_POS	-5802652.552	1246238.317	-2328307.507
GEOC_COV	+1.13843100E-03	+6.08240000E-04	+5.34882000E-04	-2.88581000E-04	+5.63491000E-04	-4.53423000E-04
GEOD_POS	-21.551391266	167.878691406	63.137
GEOD_COV	+4.78224434E-14	+1.53052334E-14	+1.58078348E-03	+2.14130627E-14	-2.53780905E-09	-2.10487645E-09
UTM__58S	7614073.394	798158.649	63.137
UTM__COV	+1.87643812E-04	+5.13125705E-04	+1.58078348E-03	+2.45596367E-04	-2.33063226E-04	-2.62878426E-04
MERC_POS	-2442059.764	18688170.442	63.137
MERC_COV	+1.87643812E-04	+5.13125705E-04	+1.58078348E-03	+2.45596367E-04	-2.33063226E-04	-2.62878426E-04
VERT_I95	0.080
HORI_I95	0.053
3D___I95	0.096

GEOD_SYS	ITRF2005	2007.274000000	(RGTAAF)
GEOC_POS	-5802652.943	1246237.966	-2328306.710
GEOC_COV	+1.13843100E-03	+6.08240000E-04	+5.34882000E-04	-2.88581000E-04	+5.63491000E-04	-4.53423000E-04
GEOD_POS	-21.551383548	167.878695514	63.131
GEOD_COV	+4.78224405E-14	+1.53052396E-14	+1.58078338E-03	+2.14130668E-14	-2.53780922E-09	-2.10487807E-09
UTM__58S	7614074.241	798159.091	63.131
UTM__COV	+1.87643887E-04	+5.13125727E-04	+1.58078338E-03	+2.45596426E-04	-2.33063405E-04	-2.62878458E-04
MERC_POS	-2442058.846	18688170.900	63.131
MERC_COV	+1.87643887E-04	+5.13125727E-04	+1.58078338E-03	+2.45596426E-04	-2.33063405E-04	-2.62878458E-04
VERT_I95	0.080
HORI_I95	0.053
3D___I95	0.096

