SOFT_NAM	Gins
SOFT_VER	24.1
SOFT_TYP	PPP

TIME_SYS	TAI

GEOD_SYS	ITRF2020	2024.911188556
GEOC_POS	-5741235.506	1387243.026	-2399261.083
GEOC_COV	+2.64804158E-05	+1.26304808E-05	+4.90175100E-06	-4.67600757E-06	+9.31299201E-06	-2.34328586E-06
GEOD_POS	-22.241985440	166.416104141	66.296
GEOD_COV	+1.05951681E-15	+1.19155366E-16	+3.12921082E-05	-2.57686121E-17	-9.29447887E-12	+1.07412202E-11
UTM__58S	7539705.528	645932.852	66.296
UTM__COV	+1.46110406E-06	+1.12594352E-05	+3.12921082E-05	-2.94156992E-07	+1.18942590E-06	-9.58140993E-07
MERC_POS	-2524436.322	18525355.973	66.296
MERC_COV	+1.46110406E-06	+1.12594352E-05	+3.12921082E-05	-2.94156992E-07	+1.18942590E-06	-9.58140993E-07
VERT_I95	0.011
HORI_I95	0.007
3D___I95	0.013

GEOD_SYS	ITRF1990	1989.000000000	(RGNC91-93)
GEOC_POS	-5741234.708	1387243.658	-2399262.649
GEOC_COV	+2.64800000E-05	+1.26300000E-05	+4.90200000E-06	-4.67600000E-06	+9.31300000E-06	-2.34300000E-06
GEOD_POS	-22.242000671	166.416096364	66.308
GEOD_COV	+1.05947244E-15	+1.19171269E-16	+3.12917397E-05	-2.57906347E-17	-9.29323319E-12	+1.07395496E-11
UTM__58S	7539703.849	645932.035	66.308
UTM__COV	+1.46129908E-06	+1.12589613E-05	+3.12917397E-05	-2.94408357E-07	+1.18924091E-06	-9.58012478E-07
MERC_POS	-2524438.143	18525355.107	66.308
MERC_COV	+1.46129908E-06	+1.12589613E-05	+3.12917397E-05	-2.94408357E-07	+1.18924091E-06	-9.58012478E-07
VERT_I95	0.011
HORI_I95	0.007
3D___I95	0.013

GEOD_SYS	ITRF2005	2007.274000000	(RGTAAF)
GEOC_POS	-5741235.122	1387243.322	-2399261.839
GEOC_COV	+2.64800000E-05	+1.26300000E-05	+4.90200000E-06	-4.67600000E-06	+9.31300000E-06	-2.34300000E-06
GEOD_POS	-22.241992801	166.416100468	66.302
GEOD_COV	+1.05947233E-15	+1.19171241E-16	+3.12917399E-05	-2.57906054E-17	-9.29324627E-12	+1.07395122E-11
UTM__58S	7539704.717	645932.466	66.302
UTM__COV	+1.46129873E-06	+1.12589614E-05	+3.12917399E-05	-2.94408038E-07	+1.18923677E-06	-9.58013879E-07
MERC_POS	-2524437.202	18525355.564	66.302
MERC_COV	+1.46129873E-06	+1.12589614E-05	+3.12917399E-05	-2.94408038E-07	+1.18923677E-06	-9.58013879E-07
VERT_I95	0.011
HORI_I95	0.007
3D___I95	0.013

