SOFT_NAM	Gins
SOFT_VER	24.1
SOFT_TYP	PPP

TIME_SYS	TAI

GEOD_SYS	ITRF2020	2024.916653037
GEOC_POS	-5741235.511	1387243.041	-2399261.090
GEOC_COV	+4.88573465E-05	+1.70648944E-05	+8.86445346E-06	-7.11218414E-06	+1.59893006E-05	-3.64163807E-06
GEOD_POS	-22.241985469	166.416104014	66.307
GEOD_COV	+1.46526162E-15	+2.70647871E-16	+5.58966964E-05	+1.33766247E-17	+9.14791437E-12	+2.56141788E-11
UTM__58S	7539705.525	645932.839	66.307
UTM__COV	+3.31873182E-06	+1.55712662E-05	+5.58966964E-05	+1.52698472E-07	+2.83637866E-06	+9.43032084E-07
MERC_POS	-2524436.325	18525355.959	66.307
MERC_COV	+3.31873182E-06	+1.55712662E-05	+5.58966964E-05	+1.52698472E-07	+2.83637866E-06	+9.43032084E-07
VERT_I95	0.015
HORI_I95	0.009
3D___I95	0.017

GEOD_SYS	ITRF1990	1989.000000000	(RGNC91-93)
GEOC_POS	-5741234.713	1387243.672	-2399262.656
GEOC_COV	+4.88570000E-05	+1.70650000E-05	+8.86400000E-06	-7.11200000E-06	+1.59890000E-05	-3.64200000E-06
GEOD_POS	-22.242000702	166.416096235	66.318
GEOD_COV	+1.46527746E-15	+2.70623411E-16	+5.58961369E-05	+1.34128849E-17	+9.14695876E-12	+2.56157908E-11
UTM__58S	7539703.846	645932.022	66.318
UTM__COV	+3.31843191E-06	+1.55714312E-05	+5.58961369E-05	+1.53112379E-07	+2.83655717E-06	+9.42933472E-07
MERC_POS	-2524438.147	18525355.093	66.318
MERC_COV	+3.31843191E-06	+1.55714312E-05	+5.58961369E-05	+1.53112379E-07	+2.83655717E-06	+9.42933472E-07
VERT_I95	0.015
HORI_I95	0.009
3D___I95	0.017

GEOD_SYS	ITRF2005	2007.274000000	(RGTAAF)
GEOC_POS	-5741235.127	1387243.337	-2399261.847
GEOC_COV	+4.88570000E-05	+1.70650000E-05	+8.86400000E-06	-7.11200000E-06	+1.59890000E-05	-3.64200000E-06
GEOD_POS	-22.241992832	166.416100340	66.312
GEOD_COV	+1.46527728E-15	+2.70623349E-16	+5.58961378E-05	+1.34128855E-17	+9.14693178E-12	+2.56157260E-11
UTM__58S	7539704.713	645932.453	66.312
UTM__COV	+3.31843114E-06	+1.55714310E-05	+5.58961378E-05	+1.53112393E-07	+2.83654999E-06	+9.42930743E-07
MERC_POS	-2524437.206	18525355.550	66.312
MERC_COV	+3.31843114E-06	+1.55714310E-05	+5.58961378E-05	+1.53112393E-07	+2.83654999E-06	+9.42930743E-07
VERT_I95	0.015
HORI_I95	0.009
3D___I95	0.017

