SOFT_NAM	Gins
SOFT_VER	24.1
SOFT_TYP	PPP

TIME_SYS	TAI

GEOD_SYS	ITRF2020	2024.894795114
GEOC_POS	-5236755.464	-3241705.252	-1652280.689
GEOC_COV	+1.52158465E-05	+1.02476965E-05	+2.26250826E-06	+7.41301029E-06	+4.65232585E-06	+3.39987239E-06
GEOD_POS	-15.113984866	-148.241277285	4.675
GEOD_COV	+4.31758518E-16	+4.96817016E-17	+2.21288833E-05	-1.21591977E-17	+1.07919593E-11	-3.43137670E-12
UTM__06S	8328689.939	366615.298	4.675
UTM__COV	+6.08272824E-07	+4.98889515E-06	+2.21288833E-05	-1.44623087E-07	-3.79681445E-07	+1.16006421E-06
MERC_POS	-1691205.311	-16502143.502	4.675
MERC_COV	+6.08272824E-07	+4.98889515E-06	+2.21288833E-05	-1.44623087E-07	-3.79681445E-07	+1.16006421E-06
VERT_I95	0.009
HORI_I95	0.005
3D___I95	0.011

GEOD_SYS	ITRF1992	1993.000000000	(RGPF)
GEOC_POS	-5236754.115	-3241706.882	-1652281.737
GEOC_COV	+1.52160000E-05	+1.02480000E-05	+2.26300000E-06	+7.41300000E-06	+4.65200000E-06	+3.40000000E-06
GEOD_POS	-15.113994690	-148.241257792	4.670
GEOD_COV	+4.31781962E-16	+4.97287852E-17	+2.21289851E-05	-1.21804956E-17	+1.07931489E-11	-3.43039971E-12
UTM__06S	8328688.864	366617.399	4.670
UTM__COV	+6.08849287E-07	+4.98916557E-06	+2.21289851E-05	-1.44876400E-07	-3.79573341E-07	+1.16019203E-06
MERC_POS	-1691206.437	-16502141.332	4.670
MERC_COV	+6.08849287E-07	+4.98916557E-06	+2.21289851E-05	-1.44876400E-07	-3.79573341E-07	+1.16019203E-06
VERT_I95	0.009
HORI_I95	0.005
3D___I95	0.011

