SOFT_NAM	Gins
SOFT_VER	25.2
SOFT_TYP	IPPP

TIME_SYS	TAI

GEOD_SYS	ITRF2020	2022.130132832
GEOC_POS	4612813.342	543313.941	4356617.144
GEOC_COV	+2.56535961E-06	+3.14227858E-07	+2.58121793E-06	+3.37571347E-07	+2.15968079E-06	+3.60466063E-07
GEOD_POS	43.358971563	006.717555318	49.679
GEOD_COV	+4.05682698E-17	+3.34400226E-17	+4.78144594E-06	+3.41232943E-18	+1.49160419E-12	+9.84243791E-13
UTM__32N	4803209.198	315045.492	49.679
UTM__COV	+4.12761683E-07	+2.66597784E-07	+4.78144594E-06	+3.07328179E-08	+1.09350076E-07	+1.20917350E-07
MERC_POS	5337425.868	747794.837	49.679
MERC_COV	+4.12761683E-07	+2.66597784E-07	+4.78144594E-06	+3.07328179E-08	+1.09350076E-07	+1.20917350E-07
VERT_I95	0.004
HORI_I95	0.002
3D___I95	0.005

GEOD_SYS	ETRF2000	2019.000000000	(RGF93_v2b)
GEOC_POS	4612813.823	543313.354	4356616.708
GEOC_COV	+2.56500000E-06	+3.14000000E-07	+2.58100000E-06	+3.38000000E-07	+2.16000000E-06	+3.60000000E-07
GEOD_POS	43.358966192	006.717547425	49.677
GEOD_COV	+4.05181626E-17	+3.33995989E-17	+4.78146873E-06	+3.33900065E-18	+1.49124972E-12	+9.84563794E-13
UTM__32N	4803208.619	315044.836	49.677
UTM__COV	+4.12262718E-07	+2.66268547E-07	+4.78146873E-06	+3.00723919E-08	+1.09385629E-07	+1.20888625E-07
MERC_POS	5337425.048	747793.959	49.677
MERC_COV	+4.12262718E-07	+2.66268547E-07	+4.78146873E-06	+3.00723919E-08	+1.09385629E-07	+1.20888625E-07
VERT_I95	0.004
HORI_I95	0.002
3D___I95	0.005

