SOFT_NAM	Gins
SOFT_VER	25.2
SOFT_TYP	IPPP

TIME_SYS	TAI

GEOD_SYS	ITRF2020	2022.132872558
GEOC_POS	4612813.335	543313.941	4356617.138
GEOC_COV	+8.32561802E-06	+7.93287150E-07	+9.59038628E-06	+7.03240811E-07	+7.82799676E-06	+8.00491640E-07
GEOD_POS	43.358971572	006.717555326	49.670
GEOD_COV	+1.11534676E-16	+9.45979450E-17	+1.68086771E-05	+4.82139067E-18	-2.73561986E-12	+9.46601803E-12
UTM__32N	4803209.198	315045.492	49.670
UTM__COV	+1.16765492E-06	+7.32959466E-07	+1.68086771E-05	+4.34233927E-08	+1.05168029E-06	-2.21763860E-07
MERC_POS	5337425.869	747794.838	49.670
MERC_COV	+1.16765492E-06	+7.32959466E-07	+1.68086771E-05	+4.34233927E-08	+1.05168029E-06	-2.21763860E-07
VERT_I95	0.008
HORI_I95	0.003
3D___I95	0.009

GEOD_SYS	ETRF2000	2019.000000000	(RGF93_v2b)
GEOC_POS	4612813.815	543313.353	4356616.703
GEOC_COV	+8.32600000E-06	+7.93000000E-07	+9.59000000E-06	+7.03000000E-07	+7.82800000E-06	+8.00000000E-07
GEOD_POS	43.358966201	006.717547431	49.667
GEOD_COV	+1.11500861E-16	+9.45979114E-17	+1.68086081E-05	+4.80572867E-18	-2.74253740E-12	+9.46284373E-12
UTM__32N	4803208.620	315044.836	49.667
UTM__COV	+1.16765450E-06	+7.32737376E-07	+1.68086081E-05	+4.32823382E-08	+1.05132762E-06	-2.22324652E-07
MERC_POS	5337425.049	747793.959	49.667
MERC_COV	+1.16765450E-06	+7.32737376E-07	+1.68086081E-05	+4.32823382E-08	+1.05132762E-06	-2.22324652E-07
VERT_I95	0.008
HORI_I95	0.003
3D___I95	0.009

