SOFT_NAM	Gins
SOFT_VER	25.2
SOFT_TYP	IPPP

TIME_SYS	TAI

GEOD_SYS	ITRF2020	2022.127393106
GEOC_POS	4612813.336	543313.940	4356617.140
GEOC_COV	+2.50838663E-06	+3.09931235E-07	+2.50115637E-06	+3.41093338E-07	+2.08937524E-06	+3.68211034E-07
GEOD_POS	43.358971583	006.717555310	49.672
GEOD_COV	+3.96802474E-17	+3.34684733E-17	+4.64559931E-06	+3.96954117E-18	+1.71200922E-12	+8.38076873E-13
UTM__32N	4803209.200	315045.491	49.672
UTM__COV	+4.13112858E-07	+2.60762070E-07	+4.64559931E-06	+3.57512919E-08	+9.31108437E-08	+1.38784551E-07
MERC_POS	5337425.871	747794.836	49.672
MERC_COV	+4.13112858E-07	+2.60762070E-07	+4.64559931E-06	+3.57512919E-08	+9.31108437E-08	+1.38784551E-07
VERT_I95	0.004
HORI_I95	0.002
3D___I95	0.005

GEOD_SYS	ETRF2000	2019.000000000	(RGF93_v2b)
GEOC_POS	4612813.816	543313.352	4356616.705
GEOC_COV	+2.50800000E-06	+3.10000000E-07	+2.50100000E-06	+3.41000000E-07	+2.08900000E-06	+3.68000000E-07
GEOD_POS	43.358966212	006.717547417	49.670
GEOD_COV	+3.96930594E-17	+3.34785620E-17	+4.64491630E-06	+3.95905335E-18	+1.71027131E-12	+8.38979790E-13
UTM__32N	4803208.621	315044.835	49.670
UTM__COV	+4.13237386E-07	+2.60846310E-07	+4.64491630E-06	+3.56568374E-08	+9.32111582E-08	+1.38643678E-07
MERC_POS	5337425.051	747793.958	49.670
MERC_COV	+4.13237386E-07	+2.60846310E-07	+4.64491630E-06	+3.56568374E-08	+9.32111582E-08	+1.38643678E-07
VERT_I95	0.004
HORI_I95	0.002
3D___I95	0.005

