SOFT_NAM	Gins
SOFT_VER	25.2
SOFT_TYP	IPPP

TIME_SYS	TAI

GEOD_SYS	ITRF2020	2022.127393106
GEOC_POS	4612813.336	543313.940	4356617.140
GEOC_COV	+2.61106874E-06	+3.15307446E-07	+2.61409013E-06	+3.31538419E-07	+2.18565229E-06	+3.63027706E-07
GEOD_POS	43.358971581	006.717555307	49.672
GEOD_COV	+4.10387769E-17	+3.44060943E-17	+4.84609032E-06	+4.21499848E-18	+1.38829167E-12	+9.49054533E-13
UTM__32N	4803209.200	315045.491	49.672
UTM__COV	+4.24686237E-07	+2.69689760E-07	+4.84609032E-06	+3.79619796E-08	+1.05440528E-07	+1.12542288E-07
MERC_POS	5337425.870	747794.836	49.672
MERC_COV	+4.24686237E-07	+2.69689760E-07	+4.84609032E-06	+3.79619796E-08	+1.05440528E-07	+1.12542288E-07
VERT_I95	0.004
HORI_I95	0.002
3D___I95	0.005

GEOD_SYS	ETRF2000	2019.000000000	(RGF93_v2b)
GEOC_POS	4612813.816	543313.352	4356616.705
GEOC_COV	+2.61100000E-06	+3.15000000E-07	+2.61400000E-06	+3.32000000E-07	+2.18600000E-06	+3.63000000E-07
GEOD_POS	43.358966211	006.717547414	49.670
GEOD_COV	+4.09761653E-17	+3.43759141E-17	+4.84640794E-06	+4.17738422E-18	+1.39149739E-12	+9.48671332E-13
UTM__32N	4803208.621	315044.835	49.670
UTM__COV	+4.24313711E-07	+2.69278350E-07	+4.84640794E-06	+3.76232137E-08	+1.05397954E-07	+1.12802171E-07
MERC_POS	5337425.051	747793.958	49.670
MERC_COV	+4.24313711E-07	+2.69278350E-07	+4.84640794E-06	+3.76232137E-08	+1.05397954E-07	+1.12802171E-07
VERT_I95	0.004
HORI_I95	0.002
3D___I95	0.005

