SOFT_NAM	Gins
SOFT_VER	25.2
SOFT_TYP	IPPP

TIME_SYS	TAI

GEOD_SYS	ITRF2020	2022.132872558
GEOC_POS	4612813.333	543313.941	4356617.138
GEOC_COV	+8.46325954E-06	+7.86894007E-07	+9.52129546E-06	+6.56554850E-07	+7.82371680E-06	+7.82495247E-07
GEOD_POS	43.358971582	006.717555332	49.669
GEOD_COV	+1.12512357E-16	+9.69198997E-17	+1.68357490E-05	+8.15605246E-18	-3.44008785E-12	+8.59147738E-12
UTM__32N	4803209.200	315045.493	49.669
UTM__COV	+1.19631560E-06	+7.39384378E-07	+1.68357490E-05	+7.34567043E-08	+9.54518294E-07	-2.78871773E-07
MERC_POS	5337425.871	747794.839	49.669
MERC_COV	+1.19631560E-06	+7.39384378E-07	+1.68357490E-05	+7.34567043E-08	+9.54518294E-07	-2.78871773E-07
VERT_I95	0.008
HORI_I95	0.003
3D___I95	0.009

GEOD_SYS	ETRF2000	2019.000000000	(RGF93_v2b)
GEOC_POS	4612813.814	543313.354	4356616.703
GEOC_COV	+8.46300000E-06	+7.87000000E-07	+9.52100000E-06	+6.57000000E-07	+7.82400000E-06	+7.82000000E-07
GEOD_POS	43.358966211	006.717547438	49.667
GEOD_COV	+1.12511956E-16	+9.68834280E-17	+1.68357527E-05	+8.07743198E-18	-3.44025093E-12	+8.59095680E-12
UTM__32N	4803208.621	315044.837	49.667
UTM__COV	+1.19586542E-06	+7.39381872E-07	+1.68357527E-05	+7.27486228E-08	+9.54460456E-07	-2.78885017E-07
MERC_POS	5337425.051	747793.960	49.667
MERC_COV	+1.19586542E-06	+7.39381872E-07	+1.68357527E-05	+7.27486228E-08	+9.54460456E-07	-2.78885017E-07
VERT_I95	0.008
HORI_I95	0.003
3D___I95	0.009

