SOFT_NAM	Gins
SOFT_VER	25.2
SOFT_TYP	IPPP

TIME_SYS	TAI

GEOD_SYS	ITRF2020	2022.124653380
GEOC_POS	4612813.337	543313.940	4356617.139
GEOC_COV	+4.40950421E-06	+4.87187885E-07	+4.17551197E-06	+5.23954145E-07	+3.71234912E-06	+5.85913702E-07
GEOD_POS	43.358971561	006.717555311	49.672
GEOD_COV	+6.37776206E-17	+4.60697229E-17	+8.08442967E-06	+7.80574486E-18	+1.73429293E-12	+5.78030196E-13
UTM__32N	4803209.197	315045.491	49.672
UTM__COV	+5.68654409E-07	+4.19119976E-07	+8.08442967E-06	+7.03016926E-08	+6.42195018E-08	+1.40590986E-07
MERC_POS	5337425.867	747794.837	49.672
MERC_COV	+5.68654409E-07	+4.19119976E-07	+8.08442967E-06	+7.03016926E-08	+6.42195018E-08	+1.40590986E-07
VERT_I95	0.006
HORI_I95	0.002
3D___I95	0.006

GEOD_SYS	ETRF2000	2019.000000000	(RGF93_v2b)
GEOC_POS	4612813.818	543313.352	4356616.703
GEOC_COV	+4.41000000E-06	+4.87000000E-07	+4.17600000E-06	+5.24000000E-07	+3.71200000E-06	+5.86000000E-07
GEOD_POS	43.358966191	006.717547419	49.670
GEOD_COV	+6.37488234E-17	+4.61368363E-17	+8.08458638E-06	+7.81861505E-18	+1.73506149E-12	+5.77822405E-13
UTM__32N	4803208.618	315044.835	49.670
UTM__COV	+5.69482812E-07	+4.18930807E-07	+8.08458638E-06	+7.04176128E-08	+6.41964160E-08	+1.40653302E-07
MERC_POS	5337425.048	747793.958	49.670
MERC_COV	+5.69482812E-07	+4.18930807E-07	+8.08458638E-06	+7.04176128E-08	+6.41964160E-08	+1.40653302E-07
VERT_I95	0.006
HORI_I95	0.002
3D___I95	0.006

