SOFT_NAM	Gins
SOFT_VER	25.2
SOFT_TYP	IPPP

TIME_SYS	TAI

GEOD_SYS	ITRF2020	2022.124653380
GEOC_POS	4612813.337	543313.941	4356617.139
GEOC_COV	+4.11234885E-06	+4.77407952E-07	+3.90054712E-06	+5.64816100E-07	+3.44184372E-06	+6.11650629E-07
GEOD_POS	43.358971564	006.717555317	49.672
GEOD_COV	+6.02463310E-17	+4.49440926E-17	+7.53962974E-06	+6.84891016E-18	+2.87464330E-12	+4.80522371E-13
UTM__32N	4803209.198	315045.492	49.672
UTM__COV	+5.54760368E-07	+3.95913811E-07	+7.53962974E-06	+6.16840526E-08	+5.33863239E-08	+2.33033838E-07
MERC_POS	5337425.868	747794.837	49.672
MERC_COV	+5.54760368E-07	+3.95913811E-07	+7.53962974E-06	+6.16840526E-08	+5.33863239E-08	+2.33033838E-07
VERT_I95	0.005
HORI_I95	0.002
3D___I95	0.006

GEOD_SYS	ETRF2000	2019.000000000	(RGF93_v2b)
GEOC_POS	4612813.817	543313.353	4356616.703
GEOC_COV	+4.11200000E-06	+4.77000000E-07	+3.90100000E-06	+5.65000000E-07	+3.44200000E-06	+6.12000000E-07
GEOD_POS	43.358966194	006.717547425	49.669
GEOD_COV	+6.01778687E-17	+4.49359095E-17	+7.53987667E-06	+6.86233363E-18	+2.87897819E-12	+4.84043301E-13
UTM__32N	4803208.619	315044.836	49.669
UTM__COV	+5.54659360E-07	+3.95463975E-07	+7.53987667E-06	+6.18049552E-08	+5.37775012E-08	+2.33385267E-07
MERC_POS	5337425.048	747793.959	49.669
MERC_COV	+5.54659360E-07	+3.95463975E-07	+7.53987667E-06	+6.18049552E-08	+5.37775012E-08	+2.33385267E-07
VERT_I95	0.005
HORI_I95	0.002
3D___I95	0.006

