SOFT_NAM	Gins
SOFT_VER	25.2
SOFT_TYP	IPPP

TIME_SYS	TAI

GEOD_SYS	ITRF2020	2022.130132832
GEOC_POS	4612813.342	543313.941	4356617.143
GEOC_COV	+2.44234371E-06	+3.05883738E-07	+2.52176919E-06	+3.51563611E-07	+2.08507543E-06	+3.68099289E-07
GEOD_POS	43.358971564	006.717555318	49.679
GEOD_COV	+3.85650677E-17	+3.23009169E-17	+4.61786176E-06	+2.67584372E-18	+1.87126125E-12	+1.21047604E-12
UTM__32N	4803209.198	315045.492	49.679
UTM__COV	+3.98701310E-07	+2.53433573E-07	+4.61786176E-06	+2.40997299E-08	+1.34484615E-07	+1.51694365E-07
MERC_POS	5337425.868	747794.837	49.679
MERC_COV	+3.98701310E-07	+2.53433573E-07	+4.61786176E-06	+2.40997299E-08	+1.34484615E-07	+1.51694365E-07
VERT_I95	0.004
HORI_I95	0.002
3D___I95	0.005

GEOD_SYS	ETRF2000	2019.000000000	(RGF93_v2b)
GEOC_POS	4612813.822	543313.353	4356616.708
GEOC_COV	+2.44200000E-06	+3.06000000E-07	+2.52200000E-06	+3.52000000E-07	+2.08500000E-06	+3.68000000E-07
GEOD_POS	43.358966193	006.717547425	49.676
GEOD_COV	+3.85663699E-17	+3.23087888E-17	+4.61775935E-06	+2.63216750E-18	+1.87479196E-12	+1.21253261E-12
UTM__32N	4803208.619	315044.836	49.676
UTM__COV	+3.98798474E-07	+2.53442175E-07	+4.61775935E-06	+2.37063663E-08	+1.34713101E-07	+1.51980597E-07
MERC_POS	5337425.048	747793.959	49.676
MERC_COV	+3.98798474E-07	+2.53442175E-07	+4.61775935E-06	+2.37063663E-08	+1.34713101E-07	+1.51980597E-07
VERT_I95	0.004
HORI_I95	0.002
3D___I95	0.005

