SOFT_NAM	Gins
SOFT_VER	24.1
SOFT_TYP	PPP

TIME_SYS	TAI

GEOD_SYS	ITRF2020	2024.749986370
GEOC_POS	-5222897.726	-3101798.309	-1937945.075
GEOC_COV	+3.07377118E-05	+1.60091799E-05	+4.66466293E-06	+1.40100122E-05	+1.06004778E-05	+6.43683634E-06
GEOD_POS	-17.805902267	-149.294577675	9.717
GEOD_COV	+6.71478233E-16	+5.49331461E-17	+4.31910060E-05	-3.66626315E-18	+2.48597317E-12	-2.46698346E-13
UTM__06S	8029798.565	256772.409	9.717
UTM__COV	+6.72914453E-07	+7.54763421E-06	+4.31910060E-05	-4.30205322E-08	-2.73041669E-08	+2.63563878E-07
MERC_POS	-2001782.806	-16619396.365	9.717
MERC_COV	+6.72914453E-07	+7.54763421E-06	+4.31910060E-05	-4.30205322E-08	-2.73041669E-08	+2.63563878E-07
VERT_I95	0.013
HORI_I95	0.006
3D___I95	0.014

GEOD_SYS	ITRF1992	1993.000000000	(RGPF)
GEOC_POS	-5222896.385	-3101799.909	-1937946.107
GEOC_COV	+3.07380000E-05	+1.60090000E-05	+4.66500000E-06	+1.40100000E-05	+1.06000000E-05	+6.43700000E-06
GEOD_POS	-17.805912078	-149.294558242	9.713
GEOD_COV	+6.71474100E-16	+5.49748318E-17	+4.31909880E-05	-3.70292119E-18	+2.48507642E-12	-2.44706342E-13
UTM__06S	8029797.504	256774.484	9.713
UTM__COV	+6.73425091E-07	+7.54758692E-06	+4.31909880E-05	-4.34506812E-08	-2.70836952E-08	+2.63468790E-07
MERC_POS	-2001783.946	-16619394.202	9.713
MERC_COV	+6.73425091E-07	+7.54758692E-06	+4.31909880E-05	-4.34506812E-08	-2.70836952E-08	+2.63468790E-07
VERT_I95	0.013
HORI_I95	0.006
3D___I95	0.014

