SOFT_NAM	Gins
SOFT_VER	24.1
SOFT_TYP	PPP

TIME_SYS	TAI

GEOD_SYS	ITRF2020	2024.752718611
GEOC_POS	-5222897.734	-3101798.325	-1937945.082
GEOC_COV	+2.82136669E-05	+1.54870616E-05	+4.18490963E-06	+1.22526275E-05	+9.46089248E-06	+5.93607039E-06
GEOD_POS	-17.805902285	-149.294577581	9.733
GEOD_COV	+7.15873563E-16	+5.10990267E-17	+3.92130382E-05	-1.49563962E-17	+3.26342388E-12	+7.64989430E-13
UTM__06S	8029798.563	256772.419	9.733
UTM__COV	+6.25947652E-07	+8.04665223E-06	+3.92130382E-05	-1.75500803E-07	+8.46677712E-08	+3.45989517E-07
MERC_POS	-2001782.808	-16619396.354	9.733
MERC_COV	+6.25947652E-07	+8.04665223E-06	+3.92130382E-05	-1.75500803E-07	+8.46677712E-08	+3.45989517E-07
VERT_I95	0.013
HORI_I95	0.006
3D___I95	0.014

GEOD_SYS	ITRF1992	1993.000000000	(RGPF)
GEOC_POS	-5222896.393	-3101799.925	-1937946.115
GEOC_COV	+2.82140000E-05	+1.54870000E-05	+4.18500000E-06	+1.22530000E-05	+9.46100000E-06	+5.93600000E-06
GEOD_POS	-17.805912097	-149.294558147	9.729
GEOD_COV	+7.15848208E-16	+5.11072815E-17	+3.92135849E-05	-1.49468346E-17	+3.26304086E-12	+7.65862041E-13
UTM__06S	8029797.502	256774.494	9.729
UTM__COV	+6.26048771E-07	+8.04636634E-06	+3.92135849E-05	-1.75388596E-07	+8.47643504E-08	+3.45948890E-07
MERC_POS	-2001783.949	-16619394.191	9.729
MERC_COV	+6.26048771E-07	+8.04636634E-06	+3.92135849E-05	-1.75388596E-07	+8.47643504E-08	+3.45948890E-07
VERT_I95	0.013
HORI_I95	0.006
3D___I95	0.014

