SOFT_NAM	Gins
SOFT_VER	21.2
SOFT_TYP	PPP

TIME_SYS	TAI

GEOD_SYS	ITRF2014	2022.664369895
GEOC_POS	-5231467.176	-3089615.237	-1934314.191
GEOC_COV	+1.68676942E-04	+9.40990603E-05	+2.15157287E-05	+9.47488635E-05	+5.56643559E-05	+3.67952432E-05
GEOD_POS	-17.771448544	-149.434626087	9.971
GEOD_COV	+2.70445366E-15	+1.97495089E-16	+2.51461889E-04	+6.65246193E-17	+1.27280035E-10	+6.37916693E-11
UTM__06S	8033425.580	241870.479	9.971
UTM__COV	+2.41923839E-06	+3.04106041E-05	+2.51461889E-04	+7.80757801E-07	+7.06033243E-06	+1.34968692E-05
MERC_POS	-1997779.321	-16634986.483	9.971
MERC_COV	+2.41923839E-06	+3.04106041E-05	+2.51461889E-04	+7.80757801E-07	+7.06033243E-06	+1.34968692E-05
VERT_I95	0.032
HORI_I95	0.011
3D___I95	0.034

GEOD_SYS	ITRF1992	1993.000000000	(RGPF)
GEOC_POS	-5231465.914	-3089616.747	-1934315.177
GEOC_COV	+1.68677000E-04	+9.40990000E-05	+2.15160000E-05	+9.47490000E-05	+5.56640000E-05	+3.67950000E-05
GEOD_POS	-17.771457909	-149.434607778	9.968
GEOD_COV	+2.70443992E-15	+1.97536904E-16	+2.51461803E-04	+6.65275322E-17	+1.27279446E-10	+6.37948861E-11
UTM__06S	8033424.569	241872.435	9.968
UTM__COV	+2.41975061E-06	+3.04104464E-05	+2.51461803E-04	+7.80791948E-07	+7.06068846E-06	+1.34968060E-05
MERC_POS	-1997780.410	-16634984.445	9.968
MERC_COV	+2.41975061E-06	+3.04104464E-05	+2.51461803E-04	+7.80791948E-07	+7.06068846E-06	+1.34968060E-05
VERT_I95	0.032
HORI_I95	0.011
3D___I95	0.034

