SOFT_NAM	Gins
SOFT_VER	21.2
SOFT_TYP	PPP

TIME_SYS	TAI

GEOD_SYS	ITRF2014	2022.667109621
GEOC_POS	-5231467.334	-3089615.398	-1934314.280
GEOC_COV	+2.51657826E-03	+2.98762836E-03	+8.05356549E-04	+2.25274149E-03	+1.30997370E-03	+1.50010169E-03
GEOD_POS	-17.771448704	-149.434625539	10.205
GEOD_COV	+7.94190410E-14	+4.96080818E-15	+5.35575670E-03	-1.71038178E-14	+1.34201516E-08	-3.90604232E-09
UTM__06S	8033425.563	241870.537	10.205
UTM__COV	+6.07679845E-05	+8.93038481E-04	+5.35575670E-03	-2.00736814E-04	-4.32312849E-04	+1.42308286E-03
MERC_POS	-1997779.340	-16634986.422	10.205
MERC_COV	+6.07679845E-05	+8.93038481E-04	+5.35575670E-03	-2.00736814E-04	-4.32312849E-04	+1.42308286E-03
VERT_I95	0.146
HORI_I95	0.062
3D___I95	0.159

GEOD_SYS	ITRF1992	1993.000000000	(RGPF)
GEOC_POS	-5231466.071	-3089616.907	-1934315.266
GEOC_COV	+2.51657800E-03	+2.98762800E-03	+8.05357000E-04	+2.25274100E-03	+1.30997400E-03	+1.50010200E-03
GEOD_POS	-17.771458070	-149.434607228	10.202
GEOD_COV	+7.94189847E-14	+4.96080158E-15	+5.35575734E-03	-1.71037971E-14	+1.34201380E-08	-3.90603992E-09
UTM__06S	8033424.552	241872.493	10.202
UTM__COV	+6.07679037E-05	+8.93037754E-04	+5.35575734E-03	-2.00736561E-04	-4.32312583E-04	+1.42308135E-03
MERC_POS	-1997780.428	-16634984.384	10.202
MERC_COV	+6.07679037E-05	+8.93037754E-04	+5.35575734E-03	-2.00736561E-04	-4.32312583E-04	+1.42308135E-03
VERT_I95	0.146
HORI_I95	0.062
3D___I95	0.159

