SOFT_NAM	Gins
SOFT_VER	21.2
SOFT_TYP	PPP

TIME_SYS	TAI

GEOD_SYS	ITRF2014	2022.661630169
GEOC_POS	-5231467.911	-3089617.529	-1934314.511
GEOC_COV	+1.13434145E-02	+1.54465795E-01	+3.98882089E-03	+1.42581379E-02	+8.77900516E-04	+2.16581628E-02
GEOD_POS	-17.771446333	-149.434611004	11.781
GEOD_COV	+9.33502230E-12	+1.99458649E-13	+6.23857227E-02	+3.31868813E-13	+6.76991262E-07	+6.27725693E-08
UTM__06S	8033425.846	241872.076	11.781
UTM__COV	+2.44329264E-03	+1.04969015E-01	+6.23857227E-02	+3.89493872E-03	+6.94754249E-03	+7.17886760E-02
MERC_POS	-1997779.065	-16634984.804	11.781
MERC_COV	+2.44329264E-03	+1.04969015E-01	+6.23857227E-02	+3.89493872E-03	+6.94754249E-03	+7.17886760E-02
VERT_I95	0.500
HORI_I95	0.655
3D___I95	0.824

GEOD_SYS	ITRF1992	1993.000000000	(RGPF)
GEOC_POS	-5231466.649	-3089619.038	-1934315.497
GEOC_COV	+1.13434150E-02	+1.54465795E-01	+3.98882100E-03	+1.42581380E-02	+8.77901000E-04	+2.16581630E-02
GEOD_POS	-17.771455698	-149.434592697	11.778
GEOD_COV	+9.33501936E-12	+1.99458884E-13	+6.23857650E-02	+3.31870509E-13	+6.76991407E-07	+6.27727292E-08
UTM__06S	8033424.834	241874.031	11.778
UTM__COV	+2.44329552E-03	+1.04968970E-01	+6.23857650E-02	+3.89495842E-03	+6.94756019E-03	+7.17886876E-02
MERC_POS	-1997780.153	-16634982.766	11.778
MERC_COV	+2.44329552E-03	+1.04968970E-01	+6.23857650E-02	+3.89495842E-03	+6.94756019E-03	+7.17886876E-02
VERT_I95	0.500
HORI_I95	0.655
3D___I95	0.824

