SOFT_NAM	Gins
SOFT_VER	24.2
SOFT_TYP	PPP

TIME_SYS	TAI

GEOD_SYS	ITRF2020	2025.475328799
GEOC_POS	-5245815.966	-3081045.269	-1909126.492
GEOC_COV	+4.58263013E-05	+2.06599412E-05	+7.72509716E-06	+1.89886944E-05	+1.61462887E-05	+8.44014785E-06
GEOD_POS	-17.532625603	-149.572841931	9.510
GEOD_COV	+9.34005891E-16	+1.34522325E-16	+6.20332875E-05	+2.83311987E-17	-1.81943894E-11	-9.39377585E-12
UTM__06S	8059673.298	226848.069	9.510
UTM__COV	+1.64776640E-06	+1.05302858E-05	+6.20332875E-05	+3.32936079E-07	-1.03965880E-06	-1.93189161E-06
MERC_POS	-1970049.729	-16650372.600	9.510
MERC_COV	+1.64776640E-06	+1.05302858E-05	+6.20332875E-05	+3.32936079E-07	-1.03965880E-06	-1.93189161E-06
VERT_I95	0.016
HORI_I95	0.007
3D___I95	0.017

GEOD_SYS	ITRF1992	1993.000000000	(RGPF)
GEOC_POS	-5245814.607	-3081046.915	-1909127.550
GEOC_COV	+4.58260000E-05	+2.06600000E-05	+7.72500000E-06	+1.89890000E-05	+1.61460000E-05	+8.44000000E-06
GEOD_POS	-17.532635642	-149.572822078	9.506
GEOD_COV	+9.33979454E-16	+1.34530707E-16	+6.20331444E-05	+2.83376046E-17	-1.81917487E-11	-9.39088357E-12
UTM__06S	8059672.215	226850.193	9.506
UTM__COV	+1.64786908E-06	+1.05299866E-05	+6.20331444E-05	+3.33011340E-07	-1.03933869E-06	-1.93161111E-06
MERC_POS	-1970050.894	-16650370.390	9.506
MERC_COV	+1.64786908E-06	+1.05299866E-05	+6.20331444E-05	+3.33011340E-07	-1.03933869E-06	-1.93161111E-06
VERT_I95	0.016
HORI_I95	0.007
3D___I95	0.017

