SOFT_NAM	Gins
SOFT_VER	25.2
SOFT_TYP	IPPP

TIME_SYS	TAI

GEOD_SYS	ITRF2020	2023.809584887
GEOC_POS	-5758161.290	1363355.823	-2372413.823
GEOC_COV	+3.33798792E-05	+4.72873113E-06	+7.59198037E-06	-8.92900740E-06	+1.32528538E-05	-4.16758936E-06
GEOD_POS	-21.980299024	166.679418621	63.352
GEOD_COV	+2.10558506E-16	+1.57713490E-16	+4.15209407E-05	+3.02776994E-17	-1.76153287E-11	-1.46201063E-12
UTM__58S	7568402.336	673392.938	63.352
UTM__COV	+1.93378493E-06	+2.24586500E-06	+4.15209407E-05	+3.46256525E-07	-1.61890064E-07	-1.81926590E-06
MERC_POS	-2493173.847	18554668.007	63.352
MERC_COV	+1.93378493E-06	+2.24586500E-06	+4.15209407E-05	+3.46256525E-07	-1.61890064E-07	-1.81926590E-06
VERT_I95	0.013
HORI_I95	0.004
3D___I95	0.014

GEOD_SYS	ITRF1990	1989.000000000	(RGNC91-93)
GEOC_POS	-5758160.525	1363356.447	-2372415.338
GEOC_COV	+3.33800000E-05	+4.72900000E-06	+7.59200000E-06	-8.92900000E-06	+1.32530000E-05	-4.16800000E-06
GEOD_POS	-21.980313744	166.679411038	63.363
GEOD_COV	+2.10583292E-16	+1.57702878E-16	+4.15212162E-05	+3.03064593E-17	-1.76168495E-11	-1.46312670E-12
UTM__58S	7568400.715	673392.137	63.363
UTM__COV	+1.93365483E-06	+2.24612892E-06	+4.15212162E-05	+3.46585390E-07	-1.62013649E-07	-1.81942278E-06
MERC_POS	-2493175.604	18554667.163	63.363
MERC_COV	+1.93365483E-06	+2.24612892E-06	+4.15212162E-05	+3.46585390E-07	-1.62013649E-07	-1.81942278E-06
VERT_I95	0.013
HORI_I95	0.004
3D___I95	0.014

GEOD_SYS	ITRF2005	2007.274000000	(RGTAAF)
GEOC_POS	-5758160.934	1363356.107	-2372414.531
GEOC_COV	+3.33800000E-05	+4.72900000E-06	+7.59200000E-06	-8.92900000E-06	+1.32530000E-05	-4.16800000E-06
GEOD_POS	-21.980305901	166.679415160	63.357
GEOD_COV	+2.10583290E-16	+1.57702884E-16	+4.15212160E-05	+3.03064812E-17	-1.76168734E-11	-1.46317588E-12
UTM__58S	7568401.579	673392.572	63.357
UTM__COV	+1.93365490E-06	+2.24612914E-06	+4.15212160E-05	+3.46585659E-07	-1.62019094E-07	-1.81942535E-06
MERC_POS	-2493174.667	18554667.621	63.357
MERC_COV	+1.93365490E-06	+2.24612914E-06	+4.15212160E-05	+3.46585659E-07	-1.62019094E-07	-1.81942535E-06
VERT_I95	0.013
HORI_I95	0.004
3D___I95	0.014

