SOFT_NAM	Gins
SOFT_VER	25.2
SOFT_TYP	IPPP

TIME_SYS	TAI

GEOD_SYS	ITRF2020	2023.812324613
GEOC_POS	-5758161.272	1363355.822	-2372413.814
GEOC_COV	+2.08879498E-05	+2.77406239E-06	+4.09264109E-06	-5.14746256E-06	+7.75955504E-06	-2.23869058E-06
GEOD_POS	-21.980299008	166.679418598	63.333
GEOD_COV	+1.33832493E-16	+8.43813584E-17	+2.52925336E-05	+1.40100921E-17	-6.26279596E-12	+4.42737560E-12
UTM__58S	7568402.338	673392.935	63.333
UTM__COV	+1.03463184E-06	+1.42748786E-06	+2.52925336E-05	+1.60219762E-07	+4.90248226E-07	-6.46805479E-07
MERC_POS	-2493173.845	18554668.004	63.333
MERC_COV	+1.03463184E-06	+1.42748786E-06	+2.52925336E-05	+1.60219762E-07	+4.90248226E-07	-6.46805479E-07
VERT_I95	0.010
HORI_I95	0.003
3D___I95	0.011

GEOD_SYS	ITRF1990	1989.000000000	(RGNC91-93)
GEOC_POS	-5758160.508	1363356.445	-2372415.329
GEOC_COV	+2.08880000E-05	+2.77400000E-06	+4.09300000E-06	-5.14700000E-06	+7.76000000E-06	-2.23900000E-06
GEOD_POS	-21.980313729	166.679411014	63.344
GEOD_COV	+1.33846664E-16	+8.43761341E-17	+2.52927935E-05	+1.40405422E-17	-6.25954912E-12	+4.42251736E-12
UTM__58S	7568400.717	673392.134	63.344
UTM__COV	+1.03456779E-06	+1.42763872E-06	+2.52927935E-05	+1.60567974E-07	+4.89710270E-07	-6.46470088E-07
MERC_POS	-2493175.602	18554667.160	63.344
MERC_COV	+1.03456779E-06	+1.42763872E-06	+2.52927935E-05	+1.60567974E-07	+4.89710270E-07	-6.46470088E-07
VERT_I95	0.010
HORI_I95	0.003
3D___I95	0.011

GEOD_SYS	ITRF2005	2007.274000000	(RGTAAF)
GEOC_POS	-5758160.917	1363356.105	-2372414.522
GEOC_COV	+2.08880000E-05	+2.77400000E-06	+4.09300000E-06	-5.14700000E-06	+7.76000000E-06	-2.23900000E-06
GEOD_POS	-21.980305886	166.679415136	63.338
GEOD_COV	+1.33846657E-16	+8.43761242E-17	+2.52927935E-05	+1.40405473E-17	-6.25956411E-12	+4.42248732E-12
UTM__58S	7568401.581	673392.569	63.338
UTM__COV	+1.03456767E-06	+1.42763880E-06	+2.52927935E-05	+1.60568041E-07	+4.89706942E-07	-6.46471671E-07
MERC_POS	-2493174.666	18554667.619	63.338
MERC_COV	+1.03456767E-06	+1.42763880E-06	+2.52927935E-05	+1.60568041E-07	+4.89706942E-07	-6.46471671E-07
VERT_I95	0.010
HORI_I95	0.003
3D___I95	0.011

