SOFT_NAM	Gins
SOFT_VER	20.1.1
SOFT_TYP	PPP

TIME_SYS	TAI

GEOD_SYS	ITRF2014	2021.661630169
GEOC_POS	-5748250.468	1306144.765	-2427618.849
GEOC_COV	+3.74364205E-04	+4.61561302E-04	+1.28538911E-04	+8.53135852E-06	+1.89823249E-04	-3.87506401E-06
GEOD_POS	-22.518937699	167.198347939	64.044
GEOD_COV	+4.35492117E-14	+2.69925173E-15	+4.70396498E-04	-3.47858092E-15	+4.24211682E-11	-3.99400385E-10
UTM__58S	7508070.149	726119.961	64.044
UTM__COV	+3.31009408E-05	+4.60966978E-04	+4.70396498E-04	-3.96319411E-05	-4.42289831E-05	+4.36442850E-06
MERC_POS	-2557586.947	18612434.954	64.044
MERC_COV	+3.31009408E-05	+4.60966978E-04	+4.70396498E-04	-3.96319411E-05	-4.42289831E-05	+4.36442850E-06
VERT_I95	0.043
HORI_I95	0.044
3D___I95	0.062

GEOD_SYS	ITRF1990	1989.000000000	(RGNC91-93)
GEOC_POS	-5748249.750	1306145.320	-2427620.266
GEOC_COV	+3.74364000E-04	+4.61561000E-04	+1.28539000E-04	+8.53100000E-06	+1.89823000E-04	-3.87500000E-06
GEOD_POS	-22.518951513	167.198341135	64.055
GEOD_COV	+4.35491773E-14	+2.69927065E-15	+4.70396303E-04	-3.47859405E-15	+4.24185674E-11	-3.99398215E-10
UTM__58S	7508068.629	726119.239	64.055
UTM__COV	+3.31011731E-05	+4.60966524E-04	+4.70396303E-04	-3.96320870E-05	-4.42287429E-05	+4.36416049E-06
MERC_POS	-2557588.602	18612434.197	64.055
MERC_COV	+3.31011731E-05	+4.60966524E-04	+4.70396303E-04	-3.96320870E-05	-4.42287429E-05	+4.36416049E-06
VERT_I95	0.043
HORI_I95	0.044
3D___I95	0.062

GEOD_SYS	ITRF2005	2007.274000000	(RGTAAF)
GEOC_POS	-5748250.160	1306144.999	-2427619.465
GEOC_COV	+3.74364000E-04	+4.61561000E-04	+1.28539000E-04	+8.53100000E-06	+1.89823000E-04	-3.87500000E-06
GEOD_POS	-22.518943692	167.198345062	64.051
GEOD_COV	+4.35491726E-14	+2.69927147E-15	+4.70396292E-04	-3.47859268E-15	+4.24185180E-11	-3.99398777E-10
UTM__58S	7508069.489	726119.655	64.051
UTM__COV	+3.31011830E-05	+4.60966525E-04	+4.70396292E-04	-3.96320735E-05	-4.42288051E-05	+4.36415565E-06
MERC_POS	-2557587.665	18612434.634	64.051
MERC_COV	+3.31011830E-05	+4.60966525E-04	+4.70396292E-04	-3.96320735E-05	-4.42288051E-05	+4.36415565E-06
VERT_I95	0.043
HORI_I95	0.044
3D___I95	0.062

