SOFT_NAM	Gins
SOFT_VER	20.1.1
SOFT_TYP	IPPP

TIME_SYS	TAI

GEOD_SYS	ITRF2014	2021.664369895
GEOC_POS	-5748250.476	1306144.783	-2427618.848
GEOC_COV	+2.19395931E-05	+1.03458993E-05	+4.30836820E-06	-1.93355885E-07	+8.15998422E-06	-6.93248393E-07
GEOD_POS	-22.518937645	167.198347788	64.055
GEOD_COV	+1.02329549E-15	+8.84224847E-17	+2.46779859E-05	-1.34388987E-17	+2.51403455E-11	+3.02064832E-12
UTM__58S	7508070.155	726119.946	64.055
UTM__COV	+1.08432549E-06	+1.08315493E-05	+2.46779859E-05	-1.53111184E-07	+3.34501940E-07	+2.58652096E-06
MERC_POS	-2557586.941	18612434.937	64.055
MERC_COV	+1.08432549E-06	+1.08315493E-05	+2.46779859E-05	-1.53111184E-07	+3.34501940E-07	+2.58652096E-06
VERT_I95	0.010
HORI_I95	0.007
3D___I95	0.012

GEOD_SYS	ITRF1990	1989.000000000	(RGNC91-93)
GEOC_POS	-5748249.759	1306145.338	-2427620.265
GEOC_COV	+2.19400000E-05	+1.03460000E-05	+4.30800000E-06	-1.93000000E-07	+8.16000000E-06	-6.93000000E-07
GEOD_POS	-22.518951461	167.198340984	64.065
GEOD_COV	+1.02332120E-15	+8.84020132E-17	+2.46781063E-05	-1.34457904E-17	+2.51447536E-11	+3.02288878E-12
UTM__58S	7508068.635	726119.223	64.065
UTM__COV	+1.08407445E-06	+1.08318193E-05	+2.46781063E-05	-1.53189688E-07	+3.34750046E-07	+2.58697422E-06
MERC_POS	-2557588.596	18612434.180	64.065
MERC_COV	+1.08407445E-06	+1.08318193E-05	+2.46781063E-05	-1.53189688E-07	+3.34750046E-07	+2.58697422E-06
VERT_I95	0.010
HORI_I95	0.007
3D___I95	0.012

GEOD_SYS	ITRF2005	2007.274000000	(RGTAAF)
GEOC_POS	-5748250.168	1306145.017	-2427619.463
GEOC_COV	+2.19400000E-05	+1.03460000E-05	+4.30800000E-06	-1.93000000E-07	+8.16000000E-06	-6.93000000E-07
GEOD_POS	-22.518943641	167.198344911	64.061
GEOD_COV	+1.02332106E-15	+8.84020054E-17	+2.46781067E-05	-1.34458001E-17	+2.51447434E-11	+3.02286023E-12
UTM__58S	7508069.495	726119.640	64.061
UTM__COV	+1.08407435E-06	+1.08318190E-05	+2.46781067E-05	-1.53189807E-07	+3.34746884E-07	+2.58697332E-06
MERC_POS	-2557587.659	18612434.617	64.061
MERC_COV	+1.08407435E-06	+1.08318190E-05	+2.46781067E-05	-1.53189807E-07	+3.34746884E-07	+2.58697332E-06
VERT_I95	0.010
HORI_I95	0.007
3D___I95	0.012

