SOFT_NAM	Gins
SOFT_VER	20.1.1
SOFT_TYP	IPPP

TIME_SYS	TAI

GEOD_SYS	ITRF2014	2021.667109621
GEOC_POS	-5748250.478	1306144.785	-2427618.846
GEOC_COV	+3.22482298E-05	+1.54873305E-05	+6.64007023E-06	-1.43907699E-06	+1.23942118E-05	-1.59005982E-06
GEOD_POS	-22.518937621	167.198347770	64.057
GEOD_COV	+1.48213472E-15	+1.27674780E-16	+3.71216065E-05	-1.88354904E-17	+2.53152137E-11	+1.79903395E-12
UTM__58S	7508070.157	726119.944	64.057
UTM__COV	+1.56567663E-06	+1.56883475E-05	+3.71216065E-05	-2.14595281E-07	+1.99222247E-07	+2.60451197E-06
MERC_POS	-2557586.938	18612434.935	64.057
MERC_COV	+1.56567663E-06	+1.56883475E-05	+3.71216065E-05	-2.14595281E-07	+1.99222247E-07	+2.60451197E-06
VERT_I95	0.012
HORI_I95	0.008
3D___I95	0.015

GEOD_SYS	ITRF1990	1989.000000000	(RGNC91-93)
GEOC_POS	-5748249.761	1306145.341	-2427620.263
GEOC_COV	+3.22480000E-05	+1.54870000E-05	+6.64000000E-06	-1.43900000E-06	+1.23940000E-05	-1.59000000E-06
GEOD_POS	-22.518951438	167.198340964	64.067
GEOD_COV	+1.48210744E-15	+1.27679378E-16	+3.71212113E-05	-1.88333501E-17	+2.53161010E-11	+1.79988125E-12
UTM__58S	7508068.638	726119.221	64.067
UTM__COV	+1.56573303E-06	+1.56880557E-05	+3.71212113E-05	-2.14570876E-07	+1.99316077E-07	+2.60460300E-06
MERC_POS	-2557588.593	18612434.178	64.067
MERC_COV	+1.56573303E-06	+1.56880557E-05	+3.71212113E-05	-2.14570876E-07	+1.99316077E-07	+2.60460300E-06
VERT_I95	0.012
HORI_I95	0.008
3D___I95	0.015

GEOD_SYS	ITRF2005	2007.274000000	(RGTAAF)
GEOC_POS	-5748250.170	1306145.019	-2427619.462
GEOC_COV	+3.22480000E-05	+1.54870000E-05	+6.64000000E-06	-1.43900000E-06	+1.23940000E-05	-1.59000000E-06
GEOD_POS	-22.518943617	167.198344891	64.063
GEOD_COV	+1.48210725E-15	+1.27679374E-16	+3.71212117E-05	-1.88333489E-17	+2.53160860E-11	+1.79983792E-12
UTM__58S	7508069.498	726119.638	64.063
UTM__COV	+1.56573297E-06	+1.56880554E-05	+3.71212117E-05	-2.14570874E-07	+1.99311278E-07	+2.60460160E-06
MERC_POS	-2557587.656	18612434.615	64.063
MERC_COV	+1.56573297E-06	+1.56880554E-05	+3.71212117E-05	-2.14570874E-07	+1.99311278E-07	+2.60460160E-06
VERT_I95	0.012
HORI_I95	0.008
3D___I95	0.015

