SOFT_NAM	Gins
SOFT_VER	24.2
SOFT_TYP	PPP

TIME_SYS	TAI

GEOD_SYS	ITRF2020	2025.354780854
GEOC_POS	-5210325.226	-3293061.690	-1634312.864
GEOC_COV	+3.80605131E-05	+2.36384908E-05	+5.01262759E-06	+1.66853896E-05	+1.15194709E-05	+6.80945100E-06
GEOD_POS	-14.945841064	-147.706043678	7.231
GEOD_COV	+1.09601129E-15	+1.04021677E-16	+5.27540087E-05	+4.63419861E-17	+4.85436803E-12	-5.70951587E-12
UTM__06S	8347543.556	424074.283	7.231
UTM__COV	+1.27354216E-06	+1.26840807E-05	+5.27540087E-05	+5.51621728E-07	-6.31748213E-07	+5.22221422E-07
MERC_POS	-1671945.690	-16442561.569	7.231
MERC_COV	+1.27354216E-06	+1.26840807E-05	+5.27540087E-05	+5.51621728E-07	-6.31748213E-07	+5.22221422E-07
VERT_I95	0.015
HORI_I95	0.007
3D___I95	0.016

GEOD_SYS	ITRF1992	1993.000000000	(RGPF)
GEOC_POS	-5210323.844	-3293063.336	-1634313.926
GEOC_COV	+3.80610000E-05	+2.36380000E-05	+5.01300000E-06	+1.66850000E-05	+1.15190000E-05	+6.80900000E-06
GEOD_POS	-14.945851010	-147.706023883	7.225
GEOD_COV	+1.09602347E-15	+1.04075290E-16	+5.27535811E-05	+4.63394343E-17	+4.84846580E-12	-5.70558932E-12
UTM__06S	8347542.463	424076.415	7.225
UTM__COV	+1.27419854E-06	+1.26842205E-05	+5.27535811E-05	+5.51591327E-07	-6.31313747E-07	+5.21586450E-07
MERC_POS	-1671946.828	-16442559.366	7.225
MERC_COV	+1.27419854E-06	+1.26842205E-05	+5.27535811E-05	+5.51591327E-07	-6.31313747E-07	+5.21586450E-07
VERT_I95	0.015
HORI_I95	0.007
3D___I95	0.016

