SOFT_NAM	Gins
SOFT_VER	24.2
SOFT_TYP	PPP

TIME_SYS	TAI

GEOD_SYS	ITRF2020	2025.357520580
GEOC_POS	-5210325.226	-3293061.690	-1634312.866
GEOC_COV	+2.56567350E-05	+1.86427842E-05	+3.49788051E-06	+1.18753707E-05	+7.56312083E-06	+5.32868862E-06
GEOD_POS	-14.945841080	-147.706043677	7.231
GEOD_COV	+8.57038366E-16	+7.73616735E-17	+3.69317975E-05	+4.14051839E-18	+1.84307289E-11	-2.85082239E-12
UTM__06S	8347543.554	424074.283	7.231
UTM__COV	+9.47142514E-07	+9.91845968E-06	+3.69317975E-05	+4.92857579E-08	-3.15438645E-07	+1.98273419E-06
MERC_POS	-1671945.691	-16442561.569	7.231
MERC_COV	+9.47142514E-07	+9.91845968E-06	+3.69317975E-05	+4.92857579E-08	-3.15438645E-07	+1.98273419E-06
VERT_I95	0.012
HORI_I95	0.007
3D___I95	0.014

GEOD_SYS	ITRF1992	1993.000000000	(RGPF)
GEOC_POS	-5210323.844	-3293063.336	-1634313.928
GEOC_COV	+2.56570000E-05	+1.86430000E-05	+3.49800000E-06	+1.18750000E-05	+7.56300000E-06	+5.32900000E-06
GEOD_POS	-14.945851027	-147.706023880	7.226
GEOD_COV	+8.57087127E-16	+7.73677061E-17	+3.69317606E-05	+4.11009058E-18	+1.84298038E-11	-2.85172550E-12
UTM__06S	8347542.461	424076.416	7.226
UTM__COV	+9.47216371E-07	+9.91902306E-06	+3.69317606E-05	+4.89235648E-08	-3.15538573E-07	+1.98263458E-06
MERC_POS	-1671946.830	-16442559.365	7.226
MERC_COV	+9.47216371E-07	+9.91902306E-06	+3.69317606E-05	+4.89235648E-08	-3.15538573E-07	+1.98263458E-06
VERT_I95	0.012
HORI_I95	0.007
3D___I95	0.014

