SOFT_NAM	Gins
SOFT_VER	24.2
SOFT_TYP	PPP

TIME_SYS	TAI

GEOD_SYS	ITRF2020	2025.352041128
GEOC_POS	-5210325.219	-3293061.691	-1634312.860
GEOC_COV	+4.79518705E-05	+2.73865956E-05	+6.23489346E-06	+2.23897755E-05	+1.45329746E-05	+8.74732424E-06
GEOD_POS	-14.945841042	-147.706043634	7.224
GEOD_COV	+1.12618170E-15	+1.23583283E-16	+6.70270825E-05	+3.69850052E-17	+1.98914206E-12	-6.60396282E-12
UTM__06S	8347543.558	424074.288	7.224
UTM__COV	+1.51303579E-06	+1.30332412E-05	+6.70270825E-05	+4.40242945E-07	-7.30717244E-07	+2.13987194E-07
MERC_POS	-1671945.687	-16442561.564	7.224
MERC_COV	+1.51303579E-06	+1.30332412E-05	+6.70270825E-05	+4.40242945E-07	-7.30717244E-07	+2.13987194E-07
VERT_I95	0.016
HORI_I95	0.008
3D___I95	0.018

GEOD_SYS	ITRF1992	1993.000000000	(RGPF)
GEOC_POS	-5210323.837	-3293063.337	-1634313.922
GEOC_COV	+4.79520000E-05	+2.73870000E-05	+6.23500000E-06	+2.23900000E-05	+1.45330000E-05	+8.74700000E-06
GEOD_POS	-14.945850987	-147.706023840	7.219
GEOD_COV	+1.12619243E-15	+1.23599800E-16	+6.70273979E-05	+3.70132454E-17	+1.99026550E-12	-6.60198457E-12
UTM__06S	8347542.465	424076.420	7.219
UTM__COV	+1.51323801E-06	+1.30333642E-05	+6.70273979E-05	+4.40579075E-07	-7.30498354E-07	+2.14108041E-07
MERC_POS	-1671946.826	-16442559.361	7.219
MERC_COV	+1.51323801E-06	+1.30333642E-05	+6.70273979E-05	+4.40579075E-07	-7.30498354E-07	+2.14108041E-07
VERT_I95	0.016
HORI_I95	0.008
3D___I95	0.018

