SOFT_NAM	Gins
SOFT_VER	24.1
SOFT_TYP	PPP

TIME_SYS	TAI

GEOD_SYS	ITRF2020	2025.067109621
GEOC_POS	-5035888.794	-3502583.887	-1741245.076
GEOC_COV	+7.82551511E-06	+5.13905449E-06	+1.18204768E-06	+4.06900832E-06	+2.53899779E-06	+1.83552141E-06
GEOD_POS	-15.948460365	-145.180441866	0.499
GEOD_COV	+1.91948419E-16	+2.04438909E-17	+1.16961209E-05	-1.00822187E-18	+1.55152759E-12	-1.15530120E-12
UTM__06S	8235915.711	694755.192	0.499
UTM__COV	+2.50340150E-07	+2.20015625E-06	+1.16961209E-05	-1.19446680E-08	-1.27843514E-07	+1.66109318E-07
MERC_POS	-1787020.831	-16161412.862	0.499
MERC_COV	+2.50340150E-07	+2.20015625E-06	+1.16961209E-05	-1.19446680E-08	-1.27843514E-07	+1.66109318E-07
VERT_I95	0.007
HORI_I95	0.003
3D___I95	0.008

GEOD_SYS	ITRF1992	1993.000000000	(RGPF)
GEOC_POS	-5035887.337	-3502585.453	-1741246.114
GEOC_COV	+7.82600000E-06	+5.13900000E-06	+1.18200000E-06	+4.06900000E-06	+2.53900000E-06	+1.83600000E-06
GEOD_POS	-15.948470136	-145.180422086	0.494
GEOD_COV	+1.91959698E-16	+2.04302747E-17	+1.16965413E-05	-1.04591638E-18	+1.55020676E-12	-1.15656092E-12
UTM__06S	8235914.612	694757.301	0.494
UTM__COV	+2.50173416E-07	+2.20028531E-06	+1.16965413E-05	-1.23912441E-08	-1.27982913E-07	+1.65967899E-07
MERC_POS	-1787021.955	-16161410.660	0.494
MERC_COV	+2.50173416E-07	+2.20028531E-06	+1.16965413E-05	-1.23912441E-08	-1.27982913E-07	+1.65967899E-07
VERT_I95	0.007
HORI_I95	0.003
3D___I95	0.008

