SOFT_NAM	Gins
SOFT_VER	24.1
SOFT_TYP	PPP

TIME_SYS	TAI

GEOD_SYS	ITRF2020	2025.075328799
GEOC_POS	-5035888.793	-3502583.895	-1741245.082
GEOC_COV	+1.36432715E-05	+8.58481117E-06	+2.08107073E-06	+6.10605245E-06	+4.44203465E-06	+2.94394674E-06
GEOD_POS	-15.948460410	-145.180441803	0.504
GEOD_COV	+3.93422368E-16	+3.64708204E-17	+1.93530635E-05	+3.97882657E-18	-2.52245693E-12	-3.54089351E-12
UTM__06S	8235915.706	694755.199	0.504
UTM__COV	+4.46593591E-07	+4.50949628E-06	+1.93530635E-05	+4.71381983E-08	-3.91828790E-07	-2.70058749E-07
MERC_POS	-1787020.836	-16161412.855	0.504
MERC_COV	+4.46593591E-07	+4.50949628E-06	+1.93530635E-05	+4.71381983E-08	-3.91828790E-07	-2.70058749E-07
VERT_I95	0.009
HORI_I95	0.004
3D___I95	0.010

GEOD_SYS	ITRF1992	1993.000000000	(RGPF)
GEOC_POS	-5035887.335	-3502585.461	-1741246.120
GEOC_COV	+1.36430000E-05	+8.58500000E-06	+2.08100000E-06	+6.10600000E-06	+4.44200000E-06	+2.94400000E-06
GEOD_POS	-15.948470183	-145.180422018	0.499
GEOD_COV	+3.93430094E-16	+3.64643334E-17	+1.93529015E-05	+3.97829281E-18	-2.52056595E-12	-3.54111788E-12
UTM__06S	8235914.606	694757.308	0.499
UTM__COV	+4.46514156E-07	+4.50958440E-06	+1.93529015E-05	+4.71318724E-08	-3.91853618E-07	-2.69856284E-07
MERC_POS	-1787021.960	-16161410.652	0.499
MERC_COV	+4.46514156E-07	+4.50958440E-06	+1.93529015E-05	+4.71318724E-08	-3.91853618E-07	-2.69856284E-07
VERT_I95	0.009
HORI_I95	0.004
3D___I95	0.010

