SOFT_NAM	Gins
SOFT_VER	25.2
SOFT_TYP	IPPP

TIME_SYS	TAI

GEOD_SYS	ITRF2020	2025.913694476
GEOC_POS	-4147748.104	-4152264.586	-2488713.839
GEOC_COV	+1.22373659E-05	+1.44763902E-05	+5.44698750E-06	+1.16349601E-05	+6.60877398E-06	+7.16145869E-06
GEOD_POS	-23.117735800	-134.968822299	-6.041
GEOD_COV	+1.63992655E-16	+1.16427106E-16	+2.90121079E-05	+7.05400300E-18	+1.14155080E-11	+2.91444951E-12
UTM__08S	7443446.479	503192.361	-6.041
UTM__COV	+1.42792925E-06	+1.72070642E-06	+2.90121079E-05	+8.00208433E-08	+3.22762321E-07	+1.16932823E-06
MERC_POS	-2629493.206	-15024660.571	-6.041
MERC_COV	+1.42792925E-06	+1.72070642E-06	+2.90121079E-05	+8.00208433E-08	+3.22762321E-07	+1.16932823E-06
VERT_I95	0.011
HORI_I95	0.004
3D___I95	0.011

GEOD_SYS	ITRF1992	1993.000000000	(RGPF)
GEOC_POS	-4147746.263	-4152265.841	-2488714.802
GEOC_COV	+1.22370000E-05	+1.44760000E-05	+5.44700000E-06	+1.16350000E-05	+6.60900000E-06	+7.16100000E-06
GEOD_POS	-23.117745258	-134.968800928	-6.043
GEOD_COV	+1.63952773E-16	+1.16433431E-16	+2.90117055E-05	+7.09283727E-18	+1.14134517E-11	+2.91437820E-12
UTM__08S	7443445.432	503194.549	-6.043
UTM__COV	+1.42800683E-06	+1.72028771E-06	+2.90117055E-05	+8.04613750E-08	+3.22754424E-07	+1.16911751E-06
MERC_POS	-2629494.344	-15024658.192	-6.043
MERC_COV	+1.42800683E-06	+1.72028771E-06	+2.90117055E-05	+8.04613750E-08	+3.22754424E-07	+1.16911751E-06
VERT_I95	0.011
HORI_I95	0.004
3D___I95	0.011

GEOD_SYS	ITRF2005	2007.274000000	(RGTAAF)
GEOC_POS	-4147747.068	-4152265.303	-2488714.376
GEOC_COV	+1.22370000E-05	+1.44760000E-05	+5.44700000E-06	+1.16350000E-05	+6.60900000E-06	+7.16100000E-06
GEOD_POS	-23.117741061	-134.968810191	-6.037
GEOD_COV	+1.63952796E-16	+1.16433426E-16	+2.90117052E-05	+7.09283208E-18	+1.14134912E-11	+2.91435918E-12
UTM__08S	7443445.897	503193.600	-6.037
UTM__COV	+1.42800677E-06	+1.72028806E-06	+2.90117052E-05	+8.04613187E-08	+3.22752318E-07	+1.16912159E-06
MERC_POS	-2629493.839	-15024659.223	-6.037
MERC_COV	+1.42800677E-06	+1.72028806E-06	+2.90117052E-05	+8.04613187E-08	+3.22752318E-07	+1.16912159E-06
VERT_I95	0.011
HORI_I95	0.004
3D___I95	0.011

