SOFT_NAM	Gins
SOFT_VER	25.2
SOFT_TYP	IPPP

TIME_SYS	TAI

GEOD_SYS	ITRF2020	2025.910954750
GEOC_POS	-4147748.098	-4152264.586	-2488713.825
GEOC_COV	+1.18275594E-05	+1.47742389E-05	+5.28110756E-06	+1.14335997E-05	+6.44548371E-06	+7.05660597E-06
GEOD_POS	-23.117735695	-134.968822256	-6.050
GEOD_COV	+1.77811596E-16	+1.12920718E-16	+2.86322782E-05	+1.59492564E-17	+1.47531025E-11	+3.80159623E-12
UTM__08S	7443446.491	503192.365	-6.050
UTM__COV	+1.38492488E-06	+1.86570279E-06	+2.86322782E-05	+1.80928892E-07	+4.21009874E-07	+1.51120906E-06
MERC_POS	-2629493.193	-15024660.567	-6.050
MERC_COV	+1.38492488E-06	+1.86570279E-06	+2.86322782E-05	+1.80928892E-07	+4.21009874E-07	+1.51120906E-06
VERT_I95	0.011
HORI_I95	0.004
3D___I95	0.011

GEOD_SYS	ITRF1992	1993.000000000	(RGPF)
GEOC_POS	-4147746.257	-4152265.841	-2488714.787
GEOC_COV	+1.18280000E-05	+1.47740000E-05	+5.28100000E-06	+1.14340000E-05	+6.44500000E-06	+7.05700000E-06
GEOD_POS	-23.117745152	-134.968800886	-6.052
GEOD_COV	+1.77783012E-16	+1.12923324E-16	+2.86326406E-05	+1.58871764E-17	+1.47523375E-11	+3.80401703E-12
UTM__08S	7443445.444	503194.553	-6.052
UTM__COV	+1.38495684E-06	+1.86540260E-06	+2.86326406E-05	+1.80224642E-07	+4.21277967E-07	+1.51113060E-06
MERC_POS	-2629494.331	-15024658.188	-6.052
MERC_COV	+1.38495684E-06	+1.86540260E-06	+2.86326406E-05	+1.80224642E-07	+4.21277967E-07	+1.51113060E-06
VERT_I95	0.011
HORI_I95	0.004
3D___I95	0.011

GEOD_SYS	ITRF2005	2007.274000000	(RGTAAF)
GEOC_POS	-4147747.062	-4152265.303	-2488714.362
GEOC_COV	+1.18280000E-05	+1.47740000E-05	+5.28100000E-06	+1.14340000E-05	+6.44500000E-06	+7.05700000E-06
GEOD_POS	-23.117740955	-134.968810149	-6.046
GEOD_COV	+1.77783046E-16	+1.12923317E-16	+2.86326402E-05	+1.58871690E-17	+1.47523763E-11	+3.80399790E-12
UTM__08S	7443445.908	503193.605	-6.046
UTM__COV	+1.38495676E-06	+1.86540308E-06	+2.86326402E-05	+1.80224563E-07	+4.21275849E-07	+1.51113462E-06
MERC_POS	-2629493.826	-15024659.219	-6.046
MERC_COV	+1.38495676E-06	+1.86540308E-06	+2.86326402E-05	+1.80224563E-07	+4.21275849E-07	+1.51113462E-06
VERT_I95	0.011
HORI_I95	0.004
3D___I95	0.011

