SOFT_NAM	Gins
SOFT_VER	25.2
SOFT_TYP	IPPP

TIME_SYS	TAI

GEOD_SYS	ITRF2020	2025.916434202
GEOC_POS	-4147748.105	-4152264.581	-2488713.817
GEOC_COV	+1.25016321E-05	+1.45383245E-05	+5.54903849E-06	+1.18651735E-05	+6.72856351E-06	+7.30540947E-06
GEOD_POS	-23.117735622	-134.968822337	-6.051
GEOD_COV	+1.57606916E-16	+1.17425363E-16	+2.94951191E-05	+2.16705649E-18	+1.05700331E-11	+2.69891749E-12
UTM__08S	7443446.499	503192.357	-6.051
UTM__COV	+1.44017244E-06	+1.65370352E-06	+2.94951191E-05	+2.45831604E-08	+2.98893108E-07	+1.08272344E-06
MERC_POS	-2629493.184	-15024660.576	-6.051
MERC_COV	+1.44017244E-06	+1.65370352E-06	+2.94951191E-05	+2.45831604E-08	+2.98893108E-07	+1.08272344E-06
VERT_I95	0.011
HORI_I95	0.004
3D___I95	0.011

GEOD_SYS	ITRF1992	1993.000000000	(RGPF)
GEOC_POS	-4147746.264	-4152265.836	-2488714.779
GEOC_COV	+1.25020000E-05	+1.45380000E-05	+5.54900000E-06	+1.18650000E-05	+6.72900000E-06	+7.30500000E-06
GEOD_POS	-23.117745081	-134.968800964	-6.053
GEOD_COV	+1.57625509E-16	+1.17419698E-16	+2.94949987E-05	+2.20358895E-18	+1.05645408E-11	+2.69847273E-12
UTM__08S	7443445.451	503194.545	-6.053
UTM__COV	+1.44010297E-06	+1.65389838E-06	+2.94949987E-05	+2.49975841E-08	+2.98843853E-07	+1.08216077E-06
MERC_POS	-2629494.323	-15024658.196	-6.053
MERC_COV	+1.44010297E-06	+1.65389838E-06	+2.94949987E-05	+2.49975841E-08	+2.98843853E-07	+1.08216077E-06
VERT_I95	0.011
HORI_I95	0.004
3D___I95	0.011

GEOD_SYS	ITRF2005	2007.274000000	(RGTAAF)
GEOC_POS	-4147747.069	-4152265.299	-2488714.354
GEOC_COV	+1.25020000E-05	+1.45380000E-05	+5.54900000E-06	+1.18650000E-05	+6.72900000E-06	+7.30500000E-06
GEOD_POS	-23.117740883	-134.968810227	-6.047
GEOD_COV	+1.57625530E-16	+1.17419694E-16	+2.94949984E-05	+2.20358461E-18	+1.05645811E-11	+2.69845352E-12
UTM__08S	7443445.916	503193.597	-6.047
UTM__COV	+1.44010292E-06	+1.65389870E-06	+2.94949984E-05	+2.49975357E-08	+2.98841725E-07	+1.08216493E-06
MERC_POS	-2629493.817	-15024659.227	-6.047
MERC_COV	+1.44010292E-06	+1.65389870E-06	+2.94949984E-05	+2.49975357E-08	+2.98841725E-07	+1.08216493E-06
VERT_I95	0.011
HORI_I95	0.004
3D___I95	0.011

