SOFT_NAM	Gins
SOFT_VER	25.2
SOFT_TYP	IPPP

TIME_SYS	TAI

GEOD_SYS	ITRF2020	2023.236982147
GEOC_POS	-5765756.820	1565443.232	-2225650.010
GEOC_COV	+4.15936831E-05	+4.95472651E-06	+5.82519451E-06	-1.02614899E-05	+1.25688050E-05	-3.28859430E-06
GEOD_POS	-20.557851317	164.809978511	65.417
GEOD_COV	+2.09745249E-16	+1.65013454E-16	+4.80703935E-05	+2.84095313E-18	+4.10481245E-12	+2.57614118E-11
UTM__58S	7726773.372	480193.692	65.417
UTM__COV	+2.02261144E-06	+2.28059912E-06	+4.80703935E-05	+3.27973709E-08	+2.85210961E-06	+4.28027555E-07
MERC_POS	-2324236.952	18346562.885	65.417
MERC_COV	+2.02261144E-06	+2.28059912E-06	+4.80703935E-05	+3.27973709E-08	+2.85210961E-06	+4.28027555E-07
VERT_I95	0.014
HORI_I95	0.004
3D___I95	0.014

GEOD_SYS	ITRF1990	1989.000000000	(RGNC91-93)
GEOC_POS	-5765756.056	1565443.884	-2225651.553
GEOC_COV	+4.15940000E-05	+4.95500000E-06	+5.82500000E-06	-1.02610000E-05	+1.25690000E-05	-3.28900000E-06
GEOD_POS	-20.557866158	164.809970555	65.428
GEOD_COV	+2.09793513E-16	+1.64984526E-16	+4.80706197E-05	+2.88179482E-18	+4.10761855E-12	+2.57602893E-11
UTM__58S	7726771.729	480192.865	65.428
UTM__COV	+2.02225688E-06	+2.28112347E-06	+4.80706197E-05	+3.32688645E-08	+2.85198535E-06	+4.28320119E-07
MERC_POS	-2324238.706	18346562.000	65.428
MERC_COV	+2.02225688E-06	+2.28112347E-06	+4.80706197E-05	+3.32688645E-08	+2.85198535E-06	+4.28320119E-07
VERT_I95	0.014
HORI_I95	0.004
3D___I95	0.014

