SOFT_NAM	Gins
SOFT_VER	25.2
SOFT_TYP	IPPP

TIME_SYS	TAI

GEOD_SYS	ITRF2020	2023.239721873
GEOC_POS	-5765756.808	1565443.236	-2225650.016
GEOC_COV	+1.68699773E-05	+2.13809570E-06	+2.49706183E-06	-4.17328917E-06	+5.18102304E-06	-1.44614359E-06
GEOD_POS	-20.557851396	164.809978444	65.409
GEOD_COV	+9.55508911E-17	+7.07998920E-17	+1.95983801E-05	+6.88913269E-18	+9.93704929E-13	+9.34564923E-12
UTM__58S	7726773.364	480193.685	65.409
UTM__COV	+8.67812095E-07	+1.03894261E-06	+1.95983801E-05	+7.95315617E-08	+1.03467994E-06	+1.03618154E-07
MERC_POS	-2324236.962	18346562.878	65.409
MERC_COV	+8.67812095E-07	+1.03894261E-06	+1.95983801E-05	+7.95315617E-08	+1.03467994E-06	+1.03618154E-07
VERT_I95	0.009
HORI_I95	0.003
3D___I95	0.009

GEOD_SYS	ITRF1990	1989.000000000	(RGNC91-93)
GEOC_POS	-5765756.044	1565443.888	-2225651.558
GEOC_COV	+1.68700000E-05	+2.13800000E-06	+2.49700000E-06	-4.17300000E-06	+5.18100000E-06	-1.44600000E-06
GEOD_POS	-20.557866239	164.809970487	65.420
GEOD_COV	+9.55563083E-17	+7.07973990E-17	+1.95982171E-05	+6.88689585E-18	+9.96683635E-13	+9.34589276E-12
UTM__58S	7726771.720	480192.858	65.420
UTM__COV	+8.67781543E-07	+1.03900132E-06	+1.95982171E-05	+7.95057312E-08	+1.03470690E-06	+1.03928748E-07
MERC_POS	-2324238.716	18346561.992	65.420
MERC_COV	+8.67781543E-07	+1.03900132E-06	+1.95982171E-05	+7.95057312E-08	+1.03470690E-06	+1.03928748E-07
VERT_I95	0.009
HORI_I95	0.003
3D___I95	0.009

