SOFT_NAM	Gins
SOFT_VER	25.2
SOFT_TYP	IPPP

TIME_SYS	TAI

GEOD_SYS	ITRF2020	2023.152050641
GEOC_POS	-4711777.013	-3819958.107	-1965104.999
GEOC_COV	+5.72130210E-05	+5.49017634E-05	+1.52179004E-05	+4.85612143E-05	+2.34231924E-05	+2.22604719E-05
GEOD_POS	-18.063866856	-140.967433923	-3.596
GEOD_COV	+7.41176013E-16	+3.87162483E-16	+1.14282903E-04	+2.96934844E-17	+8.74716313E-11	+8.73156022E-13
UTM__07S	8002748.150	503446.287	-3.596
UTM__COV	+4.74285504E-06	+8.30692668E-06	+1.14282903E-04	+3.47931674E-07	+9.66418302E-08	+9.26033583E-06
MERC_POS	-2031782.998	-15692422.963	-3.596
MERC_COV	+4.74285504E-06	+8.30692668E-06	+1.14282903E-04	+3.47931674E-07	+9.66418302E-08	+9.26033583E-06
VERT_I95	0.021
HORI_I95	0.007
3D___I95	0.023

GEOD_SYS	ITRF1992	1993.000000000	(RGPF)
GEOC_POS	-4711775.509	-3819959.464	-1965105.947
GEOC_COV	+5.72130000E-05	+5.49020000E-05	+1.52180000E-05	+4.85610000E-05	+2.34230000E-05	+2.22600000E-05
GEOD_POS	-18.063875878	-140.967415020	-3.600
GEOD_COV	+7.41206268E-16	+3.87190331E-16	+1.14282539E-04	+2.97157136E-17	+8.74713363E-11	+8.75973110E-13
UTM__07S	8002747.151	503448.287	-3.600
UTM__COV	+4.74319619E-06	+8.30726491E-06	+1.14282539E-04	+3.48192125E-07	+9.69536285E-08	+9.26030412E-06
MERC_POS	-2031784.048	-15692420.859	-3.600
MERC_COV	+4.74319619E-06	+8.30726491E-06	+1.14282539E-04	+3.48192125E-07	+9.69536285E-08	+9.26030412E-06
VERT_I95	0.021
HORI_I95	0.007
3D___I95	0.023

