SOFT_NAM	Gins
SOFT_VER	25.2
SOFT_TYP	IPPP

TIME_SYS	TAI

GEOD_SYS	ITRF2020	2023.157530093
GEOC_POS	-4711777.022	-3819958.182	-1965104.999
GEOC_COV	+7.84523163E-06	+7.10036184E-06	+2.10252835E-06	+6.34969872E-06	+3.28664896E-06	+2.91698220E-06
GEOD_POS	-18.063866711	-140.967433429	-3.544
GEOD_COV	+1.05581978E-16	+5.18579585E-17	+1.52295084E-05	+9.19767103E-18	+9.09413625E-12	-9.81532192E-13
UTM__07S	8002748.166	503446.340	-3.544
UTM__COV	+6.35275355E-07	+1.18333803E-06	+1.52295084E-05	+1.07773176E-07	-1.08637020E-07	+9.62766502E-07
MERC_POS	-2031782.981	-15692422.908	-3.544
MERC_COV	+6.35275355E-07	+1.18333803E-06	+1.52295084E-05	+1.07773176E-07	-1.08637020E-07	+9.62766502E-07
VERT_I95	0.008
HORI_I95	0.003
3D___I95	0.008

GEOD_SYS	ITRF1992	1993.000000000	(RGPF)
GEOC_POS	-4711775.517	-3819959.539	-1965105.947
GEOC_COV	+7.84500000E-06	+7.10000000E-06	+2.10300000E-06	+6.35000000E-06	+3.28700000E-06	+2.91700000E-06
GEOD_POS	-18.063875734	-140.967414522	-3.548
GEOD_COV	+1.05527955E-16	+5.18791833E-17	+1.52297322E-05	+9.21447008E-18	+9.09347555E-12	-9.84807568E-13
UTM__07S	8002747.167	503448.340	-3.548
UTM__COV	+6.35535366E-07	+1.18273243E-06	+1.52297322E-05	+1.07970013E-07	-1.08999542E-07	+9.62696506E-07
MERC_POS	-2031784.032	-15692420.803	-3.548
MERC_COV	+6.35535366E-07	+1.18273243E-06	+1.52297322E-05	+1.07970013E-07	-1.08999542E-07	+9.62696506E-07
VERT_I95	0.008
HORI_I95	0.003
3D___I95	0.008

