SOFT_NAM	Gins
SOFT_VER	25.2
SOFT_TYP	IPPP

TIME_SYS	TAI

GEOD_SYS	ITRF2020	2024.804640666
GEOC_POS	-6194724.889	-414874.782	-1456082.671
GEOC_COV	+7.98746203E-05	+7.31404684E-06	+5.90005033E-06	+1.04331858E-05	+1.44109170E-05	+1.31556525E-06
GEOD_POS	-13.284656459	-176.168493274	44.803
GEOD_COV	+5.32006142E-16	+2.77116470E-16	+8.34500420E-05	+7.70786234E-17	+5.01591726E-11	+3.47407518E-11
UTM__01S	8531234.656	590068.695	44.803
UTM__COV	+3.39185528E-06	+6.24682023E-06	+8.34500420E-05	+9.24043930E-07	+3.84349836E-06	+5.43527528E-06
MERC_POS	-1482459.786	-19610986.965	44.803
MERC_COV	+3.39185528E-06	+6.24682023E-06	+8.34500420E-05	+9.24043930E-07	+3.84349836E-06	+5.43527528E-06
VERT_I95	0.018
HORI_I95	0.006
3D___I95	0.019

GEOD_SYS	ITRF1994	1993.000000000	(RGWF)
GEOC_POS	-6194724.526	-414876.737	-1456083.683
GEOC_COV	+7.98750000E-05	+7.31400000E-06	+5.90000000E-06	+1.04330000E-05	+1.44110000E-05	+1.31600000E-06
GEOD_POS	-13.284665850	-176.168475043	44.810
GEOD_COV	+5.32004167E-16	+2.77110122E-16	+8.34504258E-05	+7.70397791E-17	+5.01579487E-11	+3.47407872E-11
UTM__01S	8531233.611	590070.667	44.810
UTM__COV	+3.39177760E-06	+6.24679658E-06	+8.34504258E-05	+9.23578219E-07	+3.84350229E-06	+5.43514246E-06
MERC_POS	-1482460.853	-19610984.936	44.810
MERC_COV	+3.39177760E-06	+6.24679658E-06	+8.34504258E-05	+9.23578219E-07	+3.84350229E-06	+5.43514246E-06
VERT_I95	0.018
HORI_I95	0.006
3D___I95	0.019

