SOFT_NAM	Gins
SOFT_VER	25.2
SOFT_TYP	IPPP

TIME_SYS	TAI

GEOD_SYS	ITRF2020	2024.807372907
GEOC_POS	-6194724.877	-414874.774	-1456082.680
GEOC_COV	+5.64002561E-05	+4.23299769E-06	+4.49284637E-06	+7.34094758E-06	+1.13115264E-05	+1.30257065E-06
GEOD_POS	-13.284656570	-176.168493333	44.793
GEOD_COV	+2.96972100E-16	+1.78602275E-16	+5.94529920E-05	+2.86378462E-17	+3.52579973E-11	+1.44910946E-11
UTM__01S	8531234.644	590068.689	44.793
UTM__COV	+2.18605941E-06	+3.48704868E-06	+5.94529920E-05	+3.43319934E-07	+1.60320360E-06	+3.82057580E-06
MERC_POS	-1482459.799	-19610986.972	44.793
MERC_COV	+2.18605941E-06	+3.48704868E-06	+5.94529920E-05	+3.43319934E-07	+1.60320360E-06	+3.82057580E-06
VERT_I95	0.015
HORI_I95	0.005
3D___I95	0.016

GEOD_SYS	ITRF1994	1993.000000000	(RGWF)
GEOC_POS	-6194724.514	-414876.730	-1456083.693
GEOC_COV	+5.64000000E-05	+4.23300000E-06	+4.49300000E-06	+7.34100000E-06	+1.13120000E-05	+1.30300000E-06
GEOD_POS	-13.284665961	-176.168475101	44.800
GEOD_COV	+2.96971419E-16	+1.78594826E-16	+5.94529913E-05	+2.86069833E-17	+3.52592998E-11	+1.44863194E-11
UTM__01S	8531233.599	590070.660	44.800
UTM__COV	+2.18596825E-06	+3.48704042E-06	+5.94529913E-05	+3.42949927E-07	+1.60267530E-06	+3.82071680E-06
MERC_POS	-1482460.866	-19610984.942	44.800
MERC_COV	+2.18596825E-06	+3.48704042E-06	+5.94529913E-05	+3.42949927E-07	+1.60267530E-06	+3.82071680E-06
VERT_I95	0.015
HORI_I95	0.005
3D___I95	0.016

