SOFT_NAM	Gins
SOFT_VER	25.2
SOFT_TYP	IPPP

TIME_SYS	TAI

GEOD_SYS	ITRF2020	2021.856160230
GEOC_POS	-5756645.493	1338370.887	-2390141.876
GEOC_COV	+7.79079477E-06	+1.09277973E-06	+1.74641044E-06	-1.44942232E-06	+2.92597935E-06	-7.30942429E-07
GEOD_POS	-22.153039573	166.911731695	66.744
GEOD_COV	+7.48905120E-17	+4.41731658E-17	+9.29147641E-06	+9.83265424E-18	+1.40527742E-12	+5.09152876E-13
UTM__58S	7548993.024	697144.490	66.744
UTM__COV	+5.41647381E-07	+7.96861155E-07	+9.29147641E-06	+1.12312413E-07	+5.63802844E-08	+1.44957268E-07
MERC_POS	-2513803.779	18580528.980	66.744
MERC_COV	+5.41647381E-07	+7.96861155E-07	+9.29147641E-06	+1.12312413E-07	+5.63802844E-08	+1.44957268E-07
VERT_I95	0.006
HORI_I95	0.002
3D___I95	0.007

GEOD_SYS	ITRF1990	1989.000000000	(RGNC91-93)
GEOC_POS	-5756644.773	1338371.473	-2390143.302
GEOC_COV	+7.79100000E-06	+1.09300000E-06	+1.74600000E-06	-1.44900000E-06	+2.92600000E-06	-7.31000000E-07
GEOD_POS	-22.153053438	166.911724581	66.754
GEOD_COV	+7.49286686E-17	+4.41427935E-17	+9.29145804E-06	+9.84922782E-18	+1.40847211E-12	+5.10314225E-13
UTM__58S	7548991.498	697143.737	66.754
UTM__COV	+5.41274962E-07	+7.97267001E-07	+9.29145804E-06	+1.12501712E-07	+5.65088849E-08	+1.45286793E-07
MERC_POS	-2513805.436	18580528.188	66.754
MERC_COV	+5.41274962E-07	+7.97267001E-07	+9.29145804E-06	+1.12501712E-07	+5.65088849E-08	+1.45286793E-07
VERT_I95	0.006
HORI_I95	0.002
3D___I95	0.007

GEOD_SYS	ITRF2005	2007.274000000	(RGTAAF)
GEOC_POS	-5756645.181	1338371.134	-2390142.498
GEOC_COV	+7.79100000E-06	+1.09300000E-06	+1.74600000E-06	-1.44900000E-06	+2.92600000E-06	-7.31000000E-07
GEOD_POS	-22.153045620	166.911728669	66.749
GEOD_COV	+7.49286581E-17	+4.41427929E-17	+9.29145807E-06	+9.84922584E-18	+1.40846672E-12	+5.10303545E-13
UTM__58S	7548992.359	697144.169	66.749
UTM__COV	+5.41274953E-07	+7.97266976E-07	+9.29145807E-06	+1.12501696E-07	+5.65077021E-08	+1.45286245E-07
MERC_POS	-2513804.502	18580528.643	66.749
MERC_COV	+5.41274953E-07	+7.97266976E-07	+9.29145807E-06	+1.12501696E-07	+5.65077021E-08	+1.45286245E-07
VERT_I95	0.006
HORI_I95	0.002
3D___I95	0.007

