SOFT_NAM	Gins
SOFT_VER	25.2
SOFT_TYP	IPPP

TIME_SYS	TAI

GEOD_SYS	ITRF2020	2021.853420504
GEOC_POS	-5756645.484	1338370.888	-2390141.873
GEOC_COV	+7.89454630E-06	+8.31256350E-07	+1.72585976E-06	-1.37517637E-06	+2.94041903E-06	-6.73320751E-07
GEOD_POS	-22.153039577	166.911731665	66.734
GEOD_COV	+5.51506345E-17	+4.32837186E-17	+9.33409938E-06	+9.87608799E-18	+2.94407344E-12	+7.32249588E-13
UTM__58S	7548993.024	697144.487	66.734
UTM__COV	+5.30741058E-07	+5.86821975E-07	+9.33409938E-06	+1.12808530E-07	+8.10845660E-08	+3.03687256E-07
MERC_POS	-2513803.780	18580528.976	66.734
MERC_COV	+5.30741058E-07	+5.86821975E-07	+9.33409938E-06	+1.12808530E-07	+8.10845660E-08	+3.03687256E-07
VERT_I95	0.006
HORI_I95	0.002
3D___I95	0.006

GEOD_SYS	ITRF1990	1989.000000000	(RGNC91-93)
GEOC_POS	-5756644.763	1338371.473	-2390143.299
GEOC_COV	+7.89500000E-06	+8.31000000E-07	+1.72600000E-06	-1.37500000E-06	+2.94000000E-06	-6.73000000E-07
GEOD_POS	-22.153053442	166.911724552	66.745
GEOD_COV	+5.51372948E-17	+4.33248548E-17	+9.33407461E-06	+9.86885327E-18	+2.94770584E-12	+7.36004009E-13
UTM__58S	7548991.498	697143.734	66.745
UTM__COV	+5.31245470E-07	+5.86679923E-07	+9.33407461E-06	+1.12725881E-07	+8.15003065E-08	+3.04061916E-07
MERC_POS	-2513805.436	18580528.185	66.745
MERC_COV	+5.31245470E-07	+5.86679923E-07	+9.33407461E-06	+1.12725881E-07	+8.15003065E-08	+3.04061916E-07
VERT_I95	0.006
HORI_I95	0.002
3D___I95	0.006

GEOD_SYS	ITRF2005	2007.274000000	(RGTAAF)
GEOC_POS	-5756645.171	1338371.135	-2390142.495
GEOC_COV	+7.89500000E-06	+8.31000000E-07	+1.72600000E-06	-1.37500000E-06	+2.94000000E-06	-6.73000000E-07
GEOD_POS	-22.153045623	166.911728640	66.739
GEOD_COV	+5.51372844E-17	+4.33248537E-17	+9.33407467E-06	+9.86884877E-18	+2.94770021E-12	+7.35993304E-13
UTM__58S	7548992.358	697144.166	66.739
UTM__COV	+5.31245455E-07	+5.86679876E-07	+9.33407467E-06	+1.12725836E-07	+8.14991209E-08	+3.04061352E-07
MERC_POS	-2513804.502	18580528.640	66.739
MERC_COV	+5.31245455E-07	+5.86679876E-07	+9.33407467E-06	+1.12725836E-07	+8.14991209E-08	+3.04061352E-07
VERT_I95	0.006
HORI_I95	0.002
3D___I95	0.006

