SOFT_NAM	Gins
SOFT_VER	25.2
SOFT_TYP	IPPP

TIME_SYS	TAI

GEOD_SYS	ITRF2020	2024.083329191
GEOC_POS	-5018418.116	-3519935.762	-1756524.815
GEOC_COV	+5.22345622E-05	+2.57782814E-05	+8.19806776E-06	+3.03232032E-05	+1.52679535E-05	+9.78137314E-06
GEOD_POS	-16.092118426	-144.954047892	0.775
GEOD_COV	+5.23420551E-16	+2.81898364E-16	+7.67679219E-05	+1.21813939E-17	-2.09369185E-11	+1.50453788E-11
UTM__06S	8219791.611	718838.687	0.775
UTM__COV	+3.45200291E-06	+5.99098659E-06	+7.67679219E-05	+1.44214881E-07	+1.66491638E-06	-2.23994086E-06
MERC_POS	-1803555.984	-16136210.800	0.775
MERC_COV	+3.45200291E-06	+5.99098659E-06	+7.67679219E-05	+1.44214881E-07	+1.66491638E-06	-2.23994086E-06
VERT_I95	0.018
HORI_I95	0.006
3D___I95	0.019

GEOD_SYS	ITRF1992	1993.000000000	(RGPF)
GEOC_POS	-5018416.695	-3519937.273	-1756525.821
GEOC_COV	+5.22350000E-05	+2.57780000E-05	+8.19800000E-06	+3.03230000E-05	+1.52680000E-05	+9.78100000E-06
GEOD_POS	-16.092127895	-144.954028704	0.770
GEOD_COV	+5.23433552E-16	+2.81901027E-16	+7.67678297E-05	+1.21987620E-17	-2.09416529E-11	+1.50470203E-11
UTM__06S	8219790.542	718840.730	0.770
UTM__COV	+3.45203553E-06	+5.99113482E-06	+7.67678297E-05	+1.44420494E-07	+1.66509803E-06	-2.24044726E-06
MERC_POS	-1803557.074	-16136208.664	0.770
MERC_COV	+3.45203553E-06	+5.99113482E-06	+7.67678297E-05	+1.44420494E-07	+1.66509803E-06	-2.24044726E-06
VERT_I95	0.018
HORI_I95	0.006
3D___I95	0.019

