SOFT_NAM	Gins
SOFT_VER	25.2
SOFT_TYP	IPPP

TIME_SYS	TAI

GEOD_SYS	ITRF2020	2024.088793672
GEOC_POS	-5018417.998	-3519935.776	-1756524.790
GEOC_COV	+8.33187181E-06	+4.41097125E-06	+1.77791866E-06	+5.19499077E-06	+3.00641635E-06	+2.07155532E-06
GEOD_POS	-16.092118424	-144.954047153	0.684
GEOD_COV	+7.15828497E-17	+5.00415553E-17	+1.30886493E-05	+7.28327489E-19	-7.46402960E-13	-3.50529760E-12
UTM__06S	8219791.610	718838.766	0.684
UTM__COV	+6.12786776E-07	+8.19325645E-07	+1.30886493E-05	+8.62263052E-09	-3.87895006E-07	-7.98540846E-08
MERC_POS	-1803555.984	-16136210.717	0.684
MERC_COV	+6.12786776E-07	+8.19325645E-07	+1.30886493E-05	+8.62263052E-09	-3.87895006E-07	-7.98540846E-08
VERT_I95	0.007
HORI_I95	0.002
3D___I95	0.008

GEOD_SYS	ITRF1992	1993.000000000	(RGPF)
GEOC_POS	-5018416.578	-3519937.287	-1756525.795
GEOC_COV	+8.33200000E-06	+4.41100000E-06	+1.77800000E-06	+5.19500000E-06	+3.00600000E-06	+2.07200000E-06
GEOD_POS	-16.092127895	-144.954027962	0.679
GEOD_COV	+7.15874796E-17	+5.00520497E-17	+1.30887062E-05	+6.78368353E-19	-7.45268555E-13	-3.50457024E-12
UTM__06S	8219790.542	718840.809	0.679
UTM__COV	+6.12915286E-07	+8.19378559E-07	+1.30887062E-05	+8.03116657E-09	-3.87814517E-07	-7.97327162E-08
MERC_POS	-1803557.074	-16136208.581	0.679
MERC_COV	+6.12915286E-07	+8.19378559E-07	+1.30887062E-05	+8.03116657E-09	-3.87814517E-07	-7.97327162E-08
VERT_I95	0.007
HORI_I95	0.002
3D___I95	0.008

