SOFT_NAM	Gins
SOFT_VER	25.2
SOFT_TYP	IPPP

TIME_SYS	TAI

GEOD_SYS	ITRF2020	2024.091525912
GEOC_POS	-5018418.029	-3519935.791	-1756524.793
GEOC_COV	+7.53160478E-05	+5.35796057E-05	+3.20994684E-05	+5.50915859E-05	+3.94842316E-05	+3.29438536E-05
GEOD_POS	-16.092118369	-144.954047204	0.717
GEOD_COV	+7.81746949E-16	+9.43582612E-16	+1.40492678E-04	-1.48830334E-16	+8.78367483E-11	-1.80489730E-10
UTM__06S	8219791.616	718838.761	0.717
UTM__COV	+1.15546959E-05	+8.94774842E-06	+1.40492678E-04	-1.76199445E-06	-1.99729305E-05	+9.39723386E-06
MERC_POS	-1803555.977	-16136210.723	0.717
MERC_COV	+1.15546959E-05	+8.94774842E-06	+1.40492678E-04	-1.76199445E-06	-1.99729305E-05	+9.39723386E-06
VERT_I95	0.024
HORI_I95	0.009
3D___I95	0.025

GEOD_SYS	ITRF1992	1993.000000000	(RGPF)
GEOC_POS	-5018416.609	-3519937.303	-1756525.799
GEOC_COV	+7.53160000E-05	+5.35800000E-05	+3.20990000E-05	+5.50920000E-05	+3.94840000E-05	+3.29440000E-05
GEOD_POS	-16.092127840	-144.954028010	0.712
GEOD_COV	+7.81734223E-16	+9.43554380E-16	+1.40493048E-04	-1.48842039E-16	+8.78401651E-11	-1.80486427E-10
UTM__06S	8219790.548	718840.804	0.712
UTM__COV	+1.15543502E-05	+8.94760190E-06	+1.40493048E-04	-1.76213294E-06	-1.99725650E-05	+9.39759895E-06
MERC_POS	-1803557.068	-16136208.587	0.712
MERC_COV	+1.15543502E-05	+8.94760190E-06	+1.40493048E-04	-1.76213294E-06	-1.99725650E-05	+9.39759895E-06
VERT_I95	0.024
HORI_I95	0.009
3D___I95	0.025

