SOFT_NAM	Gins
SOFT_VER	24.1
SOFT_TYP	PPP

TIME_SYS	TAI

GEOD_SYS	ITRF2020	2024.900259594
GEOC_POS	-5802653.201	1246237.565	-2328305.974
GEOC_COV	+7.71197357E-04	+1.97961994E-04	+1.35364438E-04	-1.08552590E-04	+2.96759518E-04	-4.54841652E-05
GEOD_POS	-21.551376808	167.878699823	63.017
GEOD_COV	+1.66513219E-14	+1.54817603E-15	+9.06877446E-04	-8.47930938E-16	+2.31237238E-10	+4.52678620E-11
UTM__58S	7614074.979	798159.551	63.017
UTM__COV	+1.89808043E-05	+1.78665540E-04	+9.06877446E-04	-9.72531456E-06	+5.01230072E-06	+2.39526635E-05
MERC_POS	-2442058.044	18688171.379	63.017
MERC_COV	+1.89808043E-05	+1.78665540E-04	+9.06877446E-04	-9.72531456E-06	+5.01230072E-06	+2.39526635E-05
VERT_I95	0.060
HORI_I95	0.028
3D___I95	0.066

GEOD_SYS	ITRF1990	1989.000000000	(RGNC91-93)
GEOC_POS	-5802652.448	1246238.228	-2328307.515
GEOC_COV	+7.71197000E-04	+1.97962000E-04	+1.35364000E-04	-1.08553000E-04	+2.96760000E-04	-4.54840000E-05
GEOD_POS	-21.551391733	167.878692037	63.027
GEOD_COV	+1.66513090E-14	+1.54811920E-15	+9.06877527E-04	-8.47966782E-16	+2.31235081E-10	+4.52678895E-11
UTM__58S	7614073.341	798158.713	63.027
UTM__COV	+1.89801077E-05	+1.78665365E-04	+9.06877527E-04	-9.72572472E-06	+5.01230378E-06	+2.39524376E-05
MERC_POS	-2442059.820	18688170.513	63.027
MERC_COV	+1.89801077E-05	+1.78665365E-04	+9.06877527E-04	-9.72572472E-06	+5.01230378E-06	+2.39524376E-05
VERT_I95	0.060
HORI_I95	0.028
3D___I95	0.066

GEOD_SYS	ITRF2005	2007.274000000	(RGTAAF)
GEOC_POS	-5802652.839	1246237.876	-2328306.718
GEOC_COV	+7.71197000E-04	+1.97962000E-04	+1.35364000E-04	-1.08553000E-04	+2.96760000E-04	-4.54840000E-05
GEOD_POS	-21.551384015	167.878696145	63.022
GEOD_COV	+1.66513070E-14	+1.54811905E-15	+9.06877531E-04	-8.47966683E-16	+2.31234586E-10	+4.52668093E-11
UTM__58S	7614074.188	798159.155	63.022
UTM__COV	+1.89801058E-05	+1.78665362E-04	+9.06877531E-04	-9.72572408E-06	+5.01218417E-06	+2.39523876E-05
MERC_POS	-2442058.901	18688170.970	63.022
MERC_COV	+1.89801058E-05	+1.78665362E-04	+9.06877531E-04	-9.72572408E-06	+5.01218417E-06	+2.39523876E-05
VERT_I95	0.060
HORI_I95	0.028
3D___I95	0.066

