SOFT_NAM	Gins
SOFT_VER	25.1
SOFT_TYP	PPP

TIME_SYS	TAI

GEOD_SYS	ITRF2020	2025.897246607
GEOC_POS	-4147754.159	-4152259.132	-2488718.247
GEOC_COV	+1.89420997E-05	+1.94195301E-05	+5.14868864E-06	+6.00118147E-06	+6.75903268E-06	+6.19357337E-06
GEOD_POS	-23.117770918	-134.968901750	-3.923
GEOD_COV	+1.25606602E-15	+1.32301560E-16	+2.87083168E-05	+4.08559909E-17	+5.33194528E-13	+8.11782798E-12
UTM__08S	7443442.594	503184.225	-3.923
UTM__COV	+1.62262382E-06	+1.31793779E-05	+2.87083168E-05	+4.63471902E-07	+8.99013648E-07	+5.46168823E-08
MERC_POS	-2629497.432	-15024669.416	-3.923
MERC_COV	+1.62262382E-06	+1.31793779E-05	+2.87083168E-05	+4.63471902E-07	+8.99013648E-07	+5.46168823E-08
VERT_I95	0.011
HORI_I95	0.008
3D___I95	0.013

GEOD_SYS	ITRF1992	1993.000000000	(RGPF)
GEOC_POS	-4147752.319	-4152260.386	-2488719.209
GEOC_COV	+1.89420000E-05	+1.94200000E-05	+5.14900000E-06	+6.00100000E-06	+6.75900000E-06	+6.19400000E-06
GEOD_POS	-23.117780372	-134.968880389	-3.925
GEOD_COV	+1.25610108E-15	+1.32306704E-16	+2.87085692E-05	+4.08396613E-17	+5.36943665E-13	+8.11512655E-12
UTM__08S	7443441.546	503186.412	-3.925
UTM__COV	+1.62268691E-06	+1.31797439E-05	+2.87085692E-05	+4.63286626E-07	+8.98714477E-07	+5.50009149E-08
MERC_POS	-2629498.570	-15024667.038	-3.925
MERC_COV	+1.62268691E-06	+1.31797439E-05	+2.87085692E-05	+4.63286626E-07	+8.98714477E-07	+5.50009149E-08
VERT_I95	0.011
HORI_I95	0.008
3D___I95	0.013

GEOD_SYS	ITRF2005	2007.274000000	(RGTAAF)
GEOC_POS	-4147753.123	-4152259.848	-2488718.784
GEOC_COV	+1.89420000E-05	+1.94200000E-05	+5.14900000E-06	+6.00100000E-06	+6.75900000E-06	+6.19400000E-06
GEOD_POS	-23.117776174	-134.968889652	-3.919
GEOD_COV	+1.25610101E-15	+1.32306689E-16	+2.87085693E-05	+4.08396067E-17	+5.36967077E-13	+8.11510797E-12
UTM__08S	7443442.011	503185.463	-3.919
UTM__COV	+1.62268673E-06	+1.31797440E-05	+2.87085693E-05	+4.63286022E-07	+8.98712420E-07	+5.50033148E-08
MERC_POS	-2629498.065	-15024668.069	-3.919
MERC_COV	+1.62268673E-06	+1.31797440E-05	+2.87085693E-05	+4.63286022E-07	+8.98712420E-07	+5.50033148E-08
VERT_I95	0.011
HORI_I95	0.008
3D___I95	0.013

