SOFT_NAM	Gins
SOFT_VER	25.2
SOFT_TYP	IPPP

TIME_SYS	TAI

GEOD_SYS	ITRF2020	2024.741799136
GEOC_POS	-5222939.026	-3101730.281	-1937949.257
GEOC_COV	+4.21628680E-06	+1.64126814E-06	+8.81688308E-07	+2.17448770E-06	+1.52450943E-06	+8.40463296E-07
GEOD_POS	-17.805936108	-149.295328277	11.732
GEOD_COV	+3.58805060E-17	+2.41732505E-17	+6.03981936E-06	+2.18399401E-18	-9.68382226E-13	-7.52240048E-13
UTM__06S	8029793.843	256692.856	11.732
UTM__COV	+2.96115210E-07	+4.03308685E-07	+6.03981936E-06	+2.56273549E-08	-8.32567171E-08	-1.02668287E-07
MERC_POS	-2001786.739	-16619479.922	11.732
MERC_COV	+2.96115210E-07	+4.03308685E-07	+6.03981936E-06	+2.56273549E-08	-8.32567171E-08	-1.02668287E-07
VERT_I95	0.005
HORI_I95	0.002
3D___I95	0.005

GEOD_SYS	ITRF1992	1993.000000000	(RGPF)
GEOC_POS	-5222937.685	-3101731.881	-1937950.290
GEOC_COV	+4.21600000E-06	+1.64100000E-06	+8.82000000E-07	+2.17400000E-06	+1.52500000E-06	+8.40000000E-07
GEOD_POS	-17.805945917	-149.295308850	11.729
GEOD_COV	+3.58943250E-17	+2.41820878E-17	+6.03931256E-06	+2.23077331E-18	-9.72293199E-13	-7.56279876E-13
UTM__06S	8029792.782	256694.929	11.729
UTM__COV	+2.96223465E-07	+4.03463971E-07	+6.03931256E-06	+2.61762696E-08	-8.37038388E-08	-1.03082925E-07
MERC_POS	-2001787.879	-16619477.759	11.729
MERC_COV	+2.96223465E-07	+4.03463971E-07	+6.03931256E-06	+2.61762696E-08	-8.37038388E-08	-1.03082925E-07
VERT_I95	0.005
HORI_I95	0.002
3D___I95	0.005

