SOFT_NAM	Gins
SOFT_VER	25.2
SOFT_TYP	IPPP

TIME_SYS	TAI

GEOD_SYS	ITRF2020	2024.744531376
GEOC_POS	-5222939.018	-3101730.272	-1937949.252
GEOC_COV	+3.52470430E-06	+1.40341150E-06	+7.41685546E-07	+1.86094951E-06	+1.27648148E-06	+7.20291364E-07
GEOD_POS	-17.805936092	-149.295328314	11.720
GEOD_COV	+2.86877491E-17	+2.03890965E-17	+5.09758117E-06	+1.57275485E-18	-4.59678341E-13	-5.99029328E-13
UTM__06S	8029793.845	256692.852	11.720
UTM__COV	+2.49760435E-07	+3.22459732E-07	+5.09758117E-06	+1.84549712E-08	-6.62996013E-08	-4.87352893E-08
MERC_POS	-2001786.737	-16619479.926	11.720
MERC_COV	+2.49760435E-07	+3.22459732E-07	+5.09758117E-06	+1.84549712E-08	-6.62996013E-08	-4.87352893E-08
VERT_I95	0.005
HORI_I95	0.002
3D___I95	0.005

GEOD_SYS	ITRF1992	1993.000000000	(RGPF)
GEOC_POS	-5222937.678	-3101731.872	-1937950.284
GEOC_COV	+3.52500000E-06	+1.40300000E-06	+7.42000000E-07	+1.86100000E-06	+1.27600000E-06	+7.20000000E-07
GEOD_POS	-17.805945902	-149.295308885	11.716
GEOD_COV	+2.86636055E-17	+2.04403039E-17	+5.09742397E-06	+1.56567373E-18	-4.62277593E-13	-5.95305858E-13
UTM__06S	8029792.784	256694.926	11.716
UTM__COV	+2.50387711E-07	+3.22188314E-07	+5.09742397E-06	+1.83718791E-08	-6.58874936E-08	-4.90108604E-08
MERC_POS	-2001787.877	-16619477.763	11.716
MERC_COV	+2.50387711E-07	+3.22188314E-07	+5.09742397E-06	+1.83718791E-08	-6.58874936E-08	-4.90108604E-08
VERT_I95	0.005
HORI_I95	0.002
3D___I95	0.005

