SOFT_NAM	Gins
SOFT_VER	22.2
SOFT_TYP	PPP

TIME_SYS	TAI

GEOD_SYS	ITRF2020	2024.088784185
GEOC_POS	-5018417.990	-3519935.785	-1756524.800
GEOC_COV	+1.59524810E-05	+1.09173168E-05	+2.39631168E-06	+8.38725173E-06	+5.05878453E-06	+3.89228061E-06
GEOD_POS	-16.092118517	-144.954047039	0.685
GEOD_COV	+4.09895852E-16	+4.24373618E-17	+2.40548391E-05	-1.14135348E-17	+5.11984656E-12	-1.16100798E-12
UTM__06S	8219791.600	718838.778	0.685
UTM__COV	+5.19669183E-07	+4.69160119E-06	+2.40548391E-05	-1.35124233E-07	-1.28476737E-07	+5.47747908E-07
MERC_POS	-1803555.994	-16136210.705	0.685
MERC_COV	+5.19669183E-07	+4.69160119E-06	+2.40548391E-05	-1.35124233E-07	-1.28476737E-07	+5.47747908E-07
VERT_I95	0.010
HORI_I95	0.005
3D___I95	0.011

GEOD_SYS	ITRF1992	1993.000000000	(RGPF)
GEOC_POS	-5018416.555	-3519937.307	-1756525.828
GEOC_COV	+1.59520000E-05	+1.09170000E-05	+2.39600000E-06	+8.38700000E-06	+5.05900000E-06	+3.89200000E-06
GEOD_POS	-16.092128195	-144.954027691	0.680
GEOD_COV	+4.09884133E-16	+4.24090320E-17	+2.40542111E-05	-1.13850051E-17	+5.11879591E-12	-1.16193557E-12
UTM__06S	8219790.508	718840.838	0.680
UTM__COV	+5.19322269E-07	+4.69146660E-06	+2.40542111E-05	-1.34786465E-07	-1.28579384E-07	+5.47635477E-07
MERC_POS	-1803557.109	-16136208.551	0.680
MERC_COV	+5.19322269E-07	+4.69146660E-06	+2.40542111E-05	-1.34786465E-07	-1.28579384E-07	+5.47635477E-07
VERT_I95	0.010
HORI_I95	0.005
3D___I95	0.011

