SOFT_NAM	Gins
SOFT_VER	22.2
SOFT_TYP	PPP

TIME_SYS	TAI

GEOD_SYS	ITRF2020	2024.083319704
GEOC_POS	-5018417.991	-3519935.791	-1756524.797
GEOC_COV	+8.00807031E-05	+4.32319302E-05	+1.04548799E-05	+4.25097465E-05	+2.35113893E-05	+1.53601849E-05
GEOD_POS	-16.092118480	-144.954046995	0.688
GEOD_COV	+1.34662229E-15	+2.44238394E-16	+1.15363458E-04	+8.44714091E-18	-2.79782044E-11	+1.98424928E-11
UTM__06S	8219791.604	718838.783	0.688
UTM__COV	+2.99083547E-06	+1.54132195E-05	+1.15363458E-04	+1.00005253E-07	+2.19576331E-06	-2.99325434E-06
MERC_POS	-1803555.990	-16136210.700	0.688
MERC_COV	+2.99083547E-06	+1.54132195E-05	+1.15363458E-04	+1.00005253E-07	+2.19576331E-06	-2.99325434E-06
VERT_I95	0.021
HORI_I95	0.009
3D___I95	0.023

GEOD_SYS	ITRF1992	1993.000000000	(RGPF)
GEOC_POS	-5018416.555	-3519937.312	-1756525.824
GEOC_COV	+8.00810000E-05	+4.32320000E-05	+1.04550000E-05	+4.25100000E-05	+2.35110000E-05	+1.53600000E-05
GEOD_POS	-16.092128157	-144.954027651	0.683
GEOD_COV	+1.34661441E-15	+2.44268879E-16	+1.15363663E-04	+8.44080040E-18	-2.79785077E-11	+1.98467300E-11
UTM__06S	8219790.512	718840.842	0.683
UTM__COV	+2.99120877E-06	+1.54131278E-05	+1.15363663E-04	+9.99301835E-08	+2.19623220E-06	-2.99328664E-06
MERC_POS	-1803557.104	-16136208.546	0.683
MERC_COV	+2.99120877E-06	+1.54131278E-05	+1.15363663E-04	+9.99301835E-08	+2.19623220E-06	-2.99328664E-06
VERT_I95	0.021
HORI_I95	0.009
3D___I95	0.023

