SOFT_NAM	Gins
SOFT_VER	22.2
SOFT_TYP	PPP

TIME_SYS	TAI

GEOD_SYS	ITRF2020	2024.091516425
GEOC_POS	-5018418.015	-3519935.835	-1756524.810
GEOC_COV	+2.81405183E-04	+6.87462380E-04	+8.26797976E-05	+2.80432468E-04	+1.27579552E-04	+1.94063538E-04
GEOD_POS	-16.092118478	-144.954046790	0.735
GEOD_COV	+2.53274346E-14	+1.10267345E-15	+7.48150812E-04	-2.43415477E-16	+2.79381304E-09	-2.16039773E-10
UTM__06S	8219791.604	718838.805	0.735
UTM__COV	+1.35028521E-05	+2.89893698E-04	+7.48150812E-04	-2.88178297E-06	-2.39068859E-05	+2.98896704E-04
MERC_POS	-1803555.990	-16136210.677	0.735
MERC_COV	+1.35028521E-05	+2.89893698E-04	+7.48150812E-04	-2.88178297E-06	-2.39068859E-05	+2.98896704E-04
VERT_I95	0.055
HORI_I95	0.035
3D___I95	0.065

GEOD_SYS	ITRF1992	1993.000000000	(RGPF)
GEOC_POS	-5018416.579	-3519937.357	-1756525.837
GEOC_COV	+2.81405000E-04	+6.87462000E-04	+8.26800000E-05	+2.80432000E-04	+1.27580000E-04	+1.94064000E-04
GEOD_POS	-16.092128157	-144.954027440	0.730
GEOD_COV	+2.53274311E-14	+1.10265617E-15	+7.48150731E-04	-2.43424091E-16	+2.79380986E-09	-2.16045389E-10
UTM__06S	8219790.512	718840.865	0.730
UTM__COV	+1.35026405E-05	+2.89893629E-04	+7.48150731E-04	-2.88188481E-06	-2.39075074E-05	+2.98896349E-04
MERC_POS	-1803557.104	-16136208.523	0.730
MERC_COV	+1.35026405E-05	+2.89893629E-04	+7.48150731E-04	-2.88188481E-06	-2.39075074E-05	+2.98896349E-04
VERT_I95	0.055
HORI_I95	0.035
3D___I95	0.065

