SOFT_NAM	Gins
SOFT_VER	22.2
SOFT_TYP	PPP

TIME_SYS	TAI

GEOD_SYS	ITRF2020	2023.932863045
GEOC_POS	-4918478.671	-3630275.914	-1813321.521
GEOC_COV	+8.30411326E-05	+3.05625058E-05	+1.15949455E-05	+2.01246996E-05	+2.47293049E-05	+1.14721732E-05
GEOD_POS	-16.627021917	-143.569366386	-0.049
GEOD_COV	+2.62116232E-15	+2.33354412E-16	+9.25023317E-05	-2.12266786E-17	-1.86553503E-10	-2.30267553E-11
UTM__07S	8159945.458	225895.774	-0.049
UTM__COV	+2.85784413E-06	+2.98384081E-05	+9.25023317E-05	-2.50630645E-07	-2.54826158E-06	-1.99041793E-05
MERC_POS	-1865231.284	-15982068.760	-0.049
MERC_COV	+2.85784413E-06	+2.98384081E-05	+9.25023317E-05	-2.50630645E-07	-2.54826158E-06	-1.99041793E-05
VERT_I95	0.019
HORI_I95	0.011
3D___I95	0.022

GEOD_SYS	ITRF1992	1993.000000000	(RGPF)
GEOC_POS	-4918477.198	-3630277.392	-1813322.535
GEOC_COV	+8.30410000E-05	+3.05630000E-05	+1.15950000E-05	+2.01250000E-05	+2.47290000E-05	+1.14720000E-05
GEOD_POS	-16.627031489	-143.569347041	-0.054
GEOD_COV	+2.62116250E-15	+2.33376524E-16	+9.25024779E-05	-2.12206523E-17	-1.86550104E-10	-2.30232112E-11
UTM__07S	8159944.425	225897.853	-0.054
UTM__COV	+2.85811493E-06	+2.98384072E-05	+9.25024779E-05	-2.50559478E-07	-2.54786937E-06	-1.99038156E-05
MERC_POS	-1865232.389	-15982066.606	-0.054
MERC_COV	+2.85811493E-06	+2.98384072E-05	+9.25024779E-05	-2.50559478E-07	-2.54786937E-06	-1.99038156E-05
VERT_I95	0.019
HORI_I95	0.011
3D___I95	0.022

