SOFT_NAM	Gins
SOFT_VER	22.2
SOFT_TYP	PPP

TIME_SYS	TAI

GEOD_SYS	ITRF2020	2024.066926261
GEOC_POS	-5079255.487	-3440582.496	-1738917.308
GEOC_COV	+1.96254590E-05	+1.11360035E-05	+2.83186183E-06	+9.16583254E-06	+6.51123697E-06	+3.72107320E-06
GEOD_POS	-15.926579986	-145.887100407	1.971
GEOD_COV	+4.61788411E-16	+4.81761718E-17	+2.77091249E-05	+3.37825514E-17	-6.32898424E-12	-3.42310445E-12
UTM__06S	8238868.424	619120.666	1.971
UTM__COV	+5.89926196E-07	+5.29427323E-06	+2.77091249E-05	+4.00273468E-07	-3.78793788E-07	-6.77665966E-07
MERC_POS	-1784503.438	-16240077.731	1.971
MERC_COV	+5.89926196E-07	+5.29427323E-06	+2.77091249E-05	+4.00273468E-07	-3.78793788E-07	-6.77665966E-07
VERT_I95	0.011
HORI_I95	0.005
3D___I95	0.012

GEOD_SYS	ITRF1992	1993.000000000	(RGPF)
GEOC_POS	-5079254.081	-3440584.037	-1738918.339
GEOC_COV	+1.96250000E-05	+1.11360000E-05	+2.83200000E-06	+9.16600000E-06	+6.51100000E-06	+3.72100000E-06
GEOD_POS	-15.926589695	-145.887081126	1.965
GEOD_COV	+4.61762123E-16	+4.81958414E-17	+2.77088616E-05	+3.37830608E-17	-6.32640980E-12	-3.42195276E-12
UTM__06S	8238867.339	619122.724	1.965
UTM__COV	+5.90167054E-07	+5.29397133E-06	+2.77088616E-05	+4.00279484E-07	-3.78666344E-07	-6.77390279E-07
MERC_POS	-1784504.555	-16240075.584	1.965
MERC_COV	+5.90167054E-07	+5.29397133E-06	+2.77088616E-05	+4.00279484E-07	-3.78666344E-07	-6.77390279E-07
VERT_I95	0.011
HORI_I95	0.005
3D___I95	0.012

