SOFT_NAM	Gins
SOFT_VER	25.2
SOFT_TYP	IPPP

TIME_SYS	TAI

GEOD_SYS	ITRF2020	2025.231502695
GEOC_POS	-5747140.491	1603623.632	-2246402.248
GEOC_COV	+2.59674215E-05	+4.69209702E-06	+5.68330605E-06	-7.18716019E-06	+9.94811309E-06	-3.07891818E-06
GEOD_POS	-20.758145396	164.409312022	73.166
GEOD_COV	+2.31240602E-16	+1.31009642E-16	+3.22291802E-05	+3.96657802E-18	-6.75122072E-12	-3.14263269E-12
UTM__58S	7704506.355	438511.332	73.166
UTM__COV	+1.60589658E-06	+2.50774782E-06	+3.22291802E-05	+4.57333528E-08	-3.47937132E-07	-7.03059679E-07
MERC_POS	-2347925.941	18301960.896	73.166
MERC_COV	+1.60589658E-06	+2.50774782E-06	+3.22291802E-05	+4.57333528E-08	-3.47937132E-07	-7.03059679E-07
VERT_I95	0.011
HORI_I95	0.004
3D___I95	0.012

GEOD_SYS	ITRF1990	1989.000000000	(RGNC91-93)
GEOC_POS	-5747139.671	1603624.311	-2246403.885
GEOC_COV	+2.59670000E-05	+4.69200000E-06	+5.68300000E-06	-7.18700000E-06	+9.94800000E-06	-3.07900000E-06
GEOD_POS	-20.758161164	164.409303624	73.178
GEOD_COV	+2.31237172E-16	+1.30987566E-16	+3.22286639E-05	+3.97704128E-18	-6.75107789E-12	-3.14249192E-12
UTM__58S	7704504.606	438510.464	73.178
UTM__COV	+1.60562598E-06	+2.50771011E-06	+3.22286639E-05	+4.58539863E-08	-3.47921548E-07	-7.03044733E-07
MERC_POS	-2347927.807	18301959.961	73.178
MERC_COV	+1.60562598E-06	+2.50771011E-06	+3.22286639E-05	+4.58539863E-08	-3.47921548E-07	-7.03044733E-07
VERT_I95	0.011
HORI_I95	0.004
3D___I95	0.012

