SOFT_NAM	Gins
SOFT_VER	25.2
SOFT_TYP	IPPP

TIME_SYS	TAI

GEOD_SYS	ITRF2020	2025.226023243
GEOC_POS	-5747140.368	1603623.710	-2246402.196
GEOC_COV	+1.93450090E-04	+8.56309311E-05	+4.83702170E-05	+6.20205823E-05	+8.52472247E-05	+3.11011668E-05
GEOD_POS	-20.758145266	164.409310975	73.056
GEOD_COV	+1.15751992E-14	+1.03586609E-15	+1.89223545E-04	-1.79863787E-15	+9.07003545E-10	-1.83934644E-10
UTM__58S	7704506.369	438511.223	73.056
UTM__COV	+1.26974910E-05	+1.25530202E-04	+1.89223545E-04	-2.07377082E-05	-2.03643562E-05	+9.44536754E-05
MERC_POS	-2347925.926	18301960.779	73.056
MERC_COV	+1.26974910E-05	+1.25530202E-04	+1.89223545E-04	-2.07377082E-05	-2.03643562E-05	+9.44536754E-05
VERT_I95	0.028
HORI_I95	0.024
3D___I95	0.036

GEOD_SYS	ITRF1990	1989.000000000	(RGNC91-93)
GEOC_POS	-5747139.547	1603624.389	-2246403.832
GEOC_COV	+1.93450000E-04	+8.56310000E-05	+4.83700000E-05	+6.20210000E-05	+8.52470000E-05	+3.11010000E-05
GEOD_POS	-20.758161032	164.409302578	73.067
GEOD_COV	+1.15752289E-14	+1.03585613E-15	+1.89223132E-04	-1.79860889E-15	+9.07005853E-10	-1.83933296E-10
UTM__58S	7704504.621	438510.355	73.067
UTM__COV	+1.26973690E-05	+1.25530499E-04	+1.89223132E-04	-2.07373720E-05	-2.03642070E-05	+9.44539062E-05
MERC_POS	-2347927.792	18301959.845	73.067
MERC_COV	+1.26973690E-05	+1.25530499E-04	+1.89223132E-04	-2.07373720E-05	-2.03642070E-05	+9.44539062E-05
VERT_I95	0.028
HORI_I95	0.024
3D___I95	0.036

