SOFT_NAM	Gins
SOFT_VER	25.2
SOFT_TYP	IPPP

TIME_SYS	TAI

GEOD_SYS	ITRF2020	2025.228762969
GEOC_POS	-5747140.499	1603623.676	-2246402.250
GEOC_COV	+6.58426899E-05	+1.12786543E-05	+1.32692230E-05	-1.96982293E-05	+2.44732717E-05	-7.95064793E-06
GEOD_POS	-20.758145349	164.409311635	73.185
GEOD_COV	+4.63014493E-16	+2.95168792E-16	+8.17511534E-05	+3.80325196E-18	-2.81663433E-11	+2.23063756E-12
UTM__58S	7704506.360	438511.292	73.185
UTM__COV	+3.61813488E-06	+5.02127905E-06	+8.17511534E-05	+4.38502568E-08	+2.46965432E-07	-2.93319107E-06
MERC_POS	-2347925.936	18301960.853	73.185
MERC_COV	+3.61813488E-06	+5.02127905E-06	+8.17511534E-05	+4.38502568E-08	+2.46965432E-07	-2.93319107E-06
VERT_I95	0.018
HORI_I95	0.006
3D___I95	0.019

GEOD_SYS	ITRF1990	1989.000000000	(RGNC91-93)
GEOC_POS	-5747139.678	1603624.354	-2246403.886
GEOC_COV	+6.58430000E-05	+1.12790000E-05	+1.32690000E-05	-1.96980000E-05	+2.44730000E-05	-7.95100000E-06
GEOD_POS	-20.758161116	164.409303238	73.196
GEOD_COV	+4.63057096E-16	+2.95163911E-16	+8.17511849E-05	+3.84234973E-18	-2.81659694E-11	+2.23321090E-12
UTM__58S	7704504.612	438510.424	73.196
UTM__COV	+3.61807507E-06	+5.02174005E-06	+8.17511849E-05	+4.43010370E-08	+2.47250340E-07	-2.93315184E-06
MERC_POS	-2347927.802	18301959.918	73.196
MERC_COV	+3.61807507E-06	+5.02174005E-06	+8.17511849E-05	+4.43010370E-08	+2.47250340E-07	-2.93315184E-06
VERT_I95	0.018
HORI_I95	0.006
3D___I95	0.019

