SOFT_NAM	Gins
SOFT_VER	25.2
SOFT_TYP	IPPP

TIME_SYS	TAI

GEOD_SYS	ITRF2020	2024.064203508
GEOC_POS	-4981209.311	-3530926.158	-1837927.643
GEOC_COV	+8.21336950E-06	+4.51354577E-06	+1.71715627E-06	+5.20545210E-06	+2.76667073E-06	+1.97510545E-06
GEOD_POS	-16.859210591	-144.669110063	-0.154
GEOD_COV	+7.38905555E-17	+5.59817948E-17	+1.29193343E-05	-1.45952892E-18	-1.64677306E-13	-4.10927099E-14
UTM__06S	8134554.023	748349.342	-0.154
UTM__COV	+6.85628461E-07	+8.39108729E-07	+1.29193343E-05	-1.72126750E-08	-4.54763700E-09	-1.75488397E-08
MERC_POS	-1892056.918	-16104491.666	-0.154
MERC_COV	+6.85628461E-07	+8.39108729E-07	+1.29193343E-05	-1.72126750E-08	-4.54763700E-09	-1.75488397E-08
VERT_I95	0.007
HORI_I95	0.002
3D___I95	0.008

GEOD_SYS	ITRF1992	1993.000000000	(RGPF)
GEOC_POS	-4981207.875	-3530927.651	-1837928.643
GEOC_COV	+8.21300000E-06	+4.51400000E-06	+1.71700000E-06	+5.20500000E-06	+2.76700000E-06	+1.97500000E-06
GEOD_POS	-16.859220042	-144.669090841	-0.159
GEOD_COV	+7.39438700E-17	+5.59571212E-17	+1.29189596E-05	-1.43121913E-18	-1.63320409E-13	-4.35489998E-14
UTM__06S	8134552.952	748351.378	-0.159
UTM__COV	+6.85326275E-07	+8.39714090E-07	+1.29189596E-05	-1.68788080E-08	-4.81946904E-09	-1.74042411E-08
MERC_POS	-1892058.010	-16104489.526	-0.159
MERC_COV	+6.85326275E-07	+8.39714090E-07	+1.29189596E-05	-1.68788080E-08	-4.81946904E-09	-1.74042411E-08
VERT_I95	0.007
HORI_I95	0.002
3D___I95	0.008

