SOFT_NAM	Gins
SOFT_VER	25.2
SOFT_TYP	IPPP

TIME_SYS	TAI

GEOD_SYS	ITRF2020	2024.056006786
GEOC_POS	-4981209.299	-3530926.161	-1837927.643
GEOC_COV	+7.10610932E-06	+3.93276091E-06	+1.53548252E-06	+4.49907678E-06	+2.49490575E-06	+1.74130471E-06
GEOD_POS	-16.859210606	-144.669109978	-0.161
GEOD_COV	+6.59361397E-17	+4.76004052E-17	+1.12425965E-05	+1.62138753E-18	-1.26080452E-13	-9.09941614E-13
UTM__06S	8134554.021	748349.351	-0.161
UTM__COV	+5.82978673E-07	+7.48777566E-07	+1.12425965E-05	+1.91215235E-08	-1.00701174E-07	-1.34357653E-08
MERC_POS	-1892056.920	-16104491.656	-0.161
MERC_COV	+5.82978673E-07	+7.48777566E-07	+1.12425965E-05	+1.91215235E-08	-1.00701174E-07	-1.34357653E-08
VERT_I95	0.007
HORI_I95	0.002
3D___I95	0.007

GEOD_SYS	ITRF1992	1993.000000000	(RGPF)
GEOC_POS	-4981207.864	-3530927.654	-1837928.642
GEOC_COV	+7.10600000E-06	+3.93300000E-06	+1.53500000E-06	+4.49900000E-06	+2.49500000E-06	+1.74100000E-06
GEOD_POS	-16.859220054	-144.669090760	-0.166
GEOD_COV	+6.59533201E-17	+4.75683725E-17	+1.12424410E-05	+1.64940458E-18	-1.25689069E-13	-9.08132706E-13
UTM__06S	8134552.951	748351.387	-0.166
UTM__COV	+5.82586358E-07	+7.48972593E-07	+1.12424410E-05	+1.94519362E-08	-1.00500987E-07	-1.33940569E-08
MERC_POS	-1892058.012	-16104489.517	-0.166
MERC_COV	+5.82586358E-07	+7.48972593E-07	+1.12424410E-05	+1.94519362E-08	-1.00500987E-07	-1.33940569E-08
VERT_I95	0.007
HORI_I95	0.002
3D___I95	0.007

