SOFT_NAM	Gins
SOFT_VER	25.2
SOFT_TYP	IPPP

TIME_SYS	TAI

GEOD_SYS	ITRF2020	2024.066935748
GEOC_POS	-4981209.289	-3530926.156	-1837927.653
GEOC_COV	+1.20739376E-05	+6.71912457E-06	+2.44345097E-06	+7.73591571E-06	+4.06166139E-06	+2.81349964E-06
GEOD_POS	-16.859210726	-144.669109958	-0.169
GEOD_COV	+1.06591750E-16	+7.95457402E-17	+1.90518220E-05	+5.21275817E-18	+1.71830132E-13	+8.35365995E-13
UTM__06S	8134554.008	748349.353	-0.169
UTM__COV	+9.74224270E-07	+1.21046684E-06	+1.90518220E-05	+6.14756655E-08	+9.24480598E-08	+1.83110807E-08
MERC_POS	-1892056.933	-16104491.654	-0.169
MERC_COV	+9.74224270E-07	+1.21046684E-06	+1.90518220E-05	+6.14756655E-08	+9.24480598E-08	+1.83110807E-08
VERT_I95	0.009
HORI_I95	0.003
3D___I95	0.009

GEOD_SYS	ITRF1992	1993.000000000	(RGPF)
GEOC_POS	-4981207.853	-3530927.650	-1837928.653
GEOC_COV	+1.20740000E-05	+6.71900000E-06	+2.44300000E-06	+7.73600000E-06	+4.06200000E-06	+2.81300000E-06
GEOD_POS	-16.859220177	-144.669090733	-0.174
GEOD_COV	+1.06579292E-16	+7.95131400E-17	+1.90518497E-05	+5.26024337E-18	+1.69592322E-13	+8.36818817E-13
UTM__06S	8134552.937	748351.390	-0.174
UTM__COV	+9.73825004E-07	+1.21032525E-06	+1.90518497E-05	+6.20356700E-08	+9.26088403E-08	+1.80726075E-08
MERC_POS	-1892058.026	-16104489.514	-0.174
MERC_COV	+9.73825004E-07	+1.21032525E-06	+1.90518497E-05	+6.20356700E-08	+9.26088403E-08	+1.80726075E-08
VERT_I95	0.009
HORI_I95	0.003
3D___I95	0.009

