SOFT_NAM	Gins
SOFT_VER	25.2
SOFT_TYP	IPPP

TIME_SYS	TAI

GEOD_SYS	ITRF2020	2024.061471267
GEOC_POS	-4981209.298	-3530926.153	-1837927.640
GEOC_COV	+1.02183016E-05	+5.66573071E-06	+2.09527173E-06	+6.57225703E-06	+3.47545081E-06	+2.46165216E-06
GEOD_POS	-16.859210599	-144.669110034	-0.167
GEOD_COV	+8.68947845E-17	+6.59645383E-17	+1.61846274E-05	+8.27988916E-19	+2.51731390E-13	+9.74935154E-14
UTM__06S	8134554.022	748349.345	-0.167
UTM__COV	+8.07890580E-07	+9.86786084E-07	+1.61846274E-05	+9.76472877E-09	+1.07893862E-08	+2.68257595E-08
MERC_POS	-1892056.919	-16104491.662	-0.167
MERC_COV	+8.07890580E-07	+9.86786084E-07	+1.61846274E-05	+9.76472877E-09	+1.07893862E-08	+2.68257595E-08
VERT_I95	0.008
HORI_I95	0.003
3D___I95	0.008

GEOD_SYS	ITRF1992	1993.000000000	(RGPF)
GEOC_POS	-4981207.863	-3530927.646	-1837928.640
GEOC_COV	+1.02180000E-05	+5.66600000E-06	+2.09500000E-06	+6.57200000E-06	+3.47500000E-06	+2.46200000E-06
GEOD_POS	-16.859220049	-144.669090814	-0.172
GEOD_COV	+8.69230490E-17	+6.59493450E-17	+1.61841885E-05	+7.88336926E-19	+2.54821915E-13	+9.85644893E-14
UTM__06S	8134552.952	748351.381	-0.172
UTM__COV	+8.07704502E-07	+9.87106959E-07	+1.61841885E-05	+9.29710015E-09	+1.09079085E-08	+2.71551000E-08
MERC_POS	-1892058.011	-16104489.523	-0.172
MERC_COV	+8.07704502E-07	+9.87106959E-07	+1.61841885E-05	+9.29710015E-09	+1.09079085E-08	+2.71551000E-08
VERT_I95	0.008
HORI_I95	0.003
3D___I95	0.008

