SOFT_NAM	Gins
SOFT_VER	25.2
SOFT_TYP	IPPP

TIME_SYS	TAI

GEOD_SYS	ITRF2020	2024.058739027
GEOC_POS	-4981209.306	-3530926.160	-1837927.651
GEOC_COV	+9.41419397E-06	+4.79609833E-06	+1.95849475E-06	+5.77217068E-06	+3.19553683E-06	+2.18601957E-06
GEOD_POS	-16.859210664	-144.669110023	-0.155
GEOD_COV	+7.87253114E-17	+6.24534593E-17	+1.45098852E-05	-1.33576056E-18	-2.57669719E-12	-6.10166364E-13
UTM__06S	8134554.015	748349.346	-0.155
UTM__COV	+7.64889181E-07	+8.94012713E-07	+1.45098852E-05	-1.57530365E-08	-6.75257276E-08	-2.74585777E-07
MERC_POS	-1892056.926	-16104491.661	-0.155
MERC_COV	+7.64889181E-07	+8.94012713E-07	+1.45098852E-05	-1.57530365E-08	-6.75257276E-08	-2.74585777E-07
VERT_I95	0.008
HORI_I95	0.003
3D___I95	0.008

GEOD_SYS	ITRF1992	1993.000000000	(RGPF)
GEOC_POS	-4981207.870	-3530927.653	-1837928.650
GEOC_COV	+9.41400000E-06	+4.79600000E-06	+1.95800000E-06	+5.77200000E-06	+3.19600000E-06	+2.18600000E-06
GEOD_POS	-16.859220114	-144.669090804	-0.160
GEOD_COV	+7.87280412E-17	+6.23976260E-17	+1.45097510E-05	-1.31300992E-18	-2.57761301E-12	-6.12470494E-13
UTM__06S	8134552.944	748351.382	-0.160
UTM__COV	+7.64205371E-07	+8.94043622E-07	+1.45097510E-05	-1.54847304E-08	-6.77807205E-08	-2.74683357E-07
MERC_POS	-1892058.019	-16104489.522	-0.160
MERC_COV	+7.64205371E-07	+8.94043622E-07	+1.45097510E-05	-1.54847304E-08	-6.77807205E-08	-2.74683357E-07
VERT_I95	0.008
HORI_I95	0.003
3D___I95	0.008

