SOFT_NAM	Gins
SOFT_VER	25.2
SOFT_TYP	IPPP

TIME_SYS	TAI

GEOD_SYS	ITRF2020	2024.069667989
GEOC_POS	-4981209.297	-3530926.163	-1837927.646
GEOC_COV	+7.96981397E-06	+4.61028435E-06	+1.66872329E-06	+5.20393541E-06	+2.73575947E-06	+1.96708409E-06
GEOD_POS	-16.859210640	-144.669109948	-0.161
GEOD_COV	+7.25138342E-17	+5.28121860E-17	+1.27785379E-05	+1.55672517E-18	+1.30346798E-12	-2.42260888E-14
UTM__06S	8134554.017	748349.354	-0.161
UTM__COV	+6.46809161E-07	+8.23474539E-07	+1.27785379E-05	+1.83589403E-08	-2.68104630E-09	+1.38904086E-07
MERC_POS	-1892056.923	-16104491.653	-0.161
MERC_COV	+6.46809161E-07	+8.23474539E-07	+1.27785379E-05	+1.83589403E-08	-2.68104630E-09	+1.38904086E-07
VERT_I95	0.007
HORI_I95	0.002
3D___I95	0.008

GEOD_SYS	ITRF1992	1993.000000000	(RGPF)
GEOC_POS	-4981207.861	-3530927.657	-1837928.646
GEOC_COV	+7.97000000E-06	+4.61000000E-06	+1.66900000E-06	+5.20400000E-06	+2.73600000E-06	+1.96700000E-06
GEOD_POS	-16.859220092	-144.669090722	-0.166
GEOD_COV	+7.24972789E-17	+5.28268051E-17	+1.27787253E-05	+1.56865224E-18	+1.30106581E-12	-2.57862710E-14
UTM__06S	8134552.947	748351.391	-0.166
UTM__COV	+6.46988206E-07	+8.23286452E-07	+1.27787253E-05	+1.84995990E-08	-2.85370812E-09	+1.38648091E-07
MERC_POS	-1892058.016	-16104489.513	-0.166
MERC_COV	+6.46988206E-07	+8.23286452E-07	+1.27787253E-05	+1.84995990E-08	-2.85370812E-09	+1.38648091E-07
VERT_I95	0.007
HORI_I95	0.002
3D___I95	0.008

