SOFT_NAM	Gins
SOFT_VER	24.1
SOFT_TYP	PPP

TIME_SYS	TAI

GEOD_SYS	ITRF2020	2025.072589073
GEOC_POS	-5035888.810	-3502583.902	-1741245.089
GEOC_COV	+1.83114456E-05	+1.12040287E-05	+2.63695616E-06	+8.56811207E-06	+5.71587175E-06	+3.93482942E-06
GEOD_POS	-15.948460421	-145.180441836	0.524
GEOD_COV	+4.78834873E-16	+4.77949693E-17	+2.60786563E-05	-5.41860021E-18	-3.23400748E-12	-2.17108517E-12
UTM__06S	8235915.705	694755.196	0.524
UTM__COV	+5.85260404E-07	+5.48851379E-06	+2.60786563E-05	-6.41955733E-08	-2.40248309E-07	-3.46238625E-07
MERC_POS	-1787020.837	-16161412.858	0.524
MERC_COV	+5.85260404E-07	+5.48851379E-06	+2.60786563E-05	-6.41955733E-08	-2.40248309E-07	-3.46238625E-07
VERT_I95	0.010
HORI_I95	0.005
3D___I95	0.011

GEOD_SYS	ITRF1992	1993.000000000	(RGPF)
GEOC_POS	-5035887.353	-3502585.469	-1741246.127
GEOC_COV	+1.83110000E-05	+1.12040000E-05	+2.63700000E-06	+8.56800000E-06	+5.71600000E-06	+3.93500000E-06
GEOD_POS	-15.948470193	-145.180422052	0.519
GEOD_COV	+4.78829742E-16	+4.77869678E-17	+2.60783831E-05	-5.42035353E-18	-3.23249478E-12	-2.17369638E-12
UTM__06S	8235914.605	694757.304	0.519
UTM__COV	+5.85162424E-07	+5.48845444E-06	+2.60783831E-05	-6.42163422E-08	-2.40537260E-07	-3.46076655E-07
MERC_POS	-1787021.961	-16161410.656	0.519
MERC_COV	+5.85162424E-07	+5.48845444E-06	+2.60783831E-05	-6.42163422E-08	-2.40537260E-07	-3.46076655E-07
VERT_I95	0.010
HORI_I95	0.005
3D___I95	0.011

