SOFT_NAM	Gins
SOFT_VER	24.1
SOFT_TYP	PPP

TIME_SYS	TAI

GEOD_SYS	ITRF2020	2025.069849347
GEOC_POS	-5035888.806	-3502583.901	-1741245.085
GEOC_COV	+1.43846375E-05	+9.05807357E-06	+2.09135090E-06	+7.11170377E-06	+4.53424564E-06	+3.16471384E-06
GEOD_POS	-15.948460398	-145.180441825	0.519
GEOD_COV	+3.60082887E-16	+3.83860995E-17	+2.09366637E-05	-1.25683769E-18	-1.78725872E-13	-1.30108250E-12
UTM__06S	8235915.708	694755.197	0.519
UTM__COV	+4.70046626E-07	+4.12735162E-06	+2.09366637E-05	-1.48900847E-08	-1.43975406E-07	-1.91347115E-08
MERC_POS	-1787020.835	-16161412.857	0.519
MERC_COV	+4.70046626E-07	+4.12735162E-06	+2.09366637E-05	-1.48900847E-08	-1.43975406E-07	-1.91347115E-08
VERT_I95	0.009
HORI_I95	0.004
3D___I95	0.010

GEOD_SYS	ITRF1992	1993.000000000	(RGPF)
GEOC_POS	-5035887.349	-3502585.467	-1741246.123
GEOC_COV	+1.43850000E-05	+9.05800000E-06	+2.09100000E-06	+7.11200000E-06	+4.53400000E-06	+3.16500000E-06
GEOD_POS	-15.948470170	-145.180422044	0.514
GEOD_COV	+3.60064679E-16	+3.83643247E-17	+2.09370775E-05	-1.28960439E-18	-1.78724992E-13	-1.29873068E-12
UTM__06S	8235914.608	694757.305	0.514
UTM__COV	+4.69779989E-07	+4.12714251E-06	+2.09370775E-05	-1.52782796E-08	-1.43715158E-07	-1.91346163E-08
MERC_POS	-1787021.959	-16161410.655	0.514
MERC_COV	+4.69779989E-07	+4.12714251E-06	+2.09370775E-05	-1.52782796E-08	-1.43715158E-07	-1.91346163E-08
VERT_I95	0.009
HORI_I95	0.004
3D___I95	0.010

