SOFT_NAM	Gins
SOFT_VER	24.1
SOFT_TYP	PPP

TIME_SYS	TAI

GEOD_SYS	ITRF2020	2025.042452087
GEOC_POS	4379317.684	4418548.135	-1401868.053
GEOC_COV	+1.40052948E-04	+1.59713401E-04	+1.93480117E-05	+1.21419642E-04	-4.65712412E-05	-4.90647331E-05
GEOD_POS	-12.781768618	045.255485186	-12.687
GEOD_COV	+2.40732645E-15	+2.04296612E-16	+2.88233351E-04	+4.24403009E-17	+8.15412118E-11	-5.99552417E-11
UTM__38S	8586983.785	527729.252	-12.687
UTM__COV	+2.50031435E-06	+2.83806953E-05	+2.88233351E-04	+5.09787521E-07	-6.63275388E-06	+8.85362621E-06
MERC_POS	-1425363.356	5037817.566	-12.687
MERC_COV	+2.50031435E-06	+2.83806953E-05	+2.88233351E-04	+5.09787521E-07	-6.63275388E-06	+8.85362621E-06
VERT_I95	0.034
HORI_I95	0.011
3D___I95	0.036

GEOD_SYS	ITRF2000	2004.000000000	(RGM04)
GEOC_POS	4379317.974	4418547.766	-1401868.355
GEOC_COV	+1.40053000E-04	+1.59713000E-04	+1.93480000E-05	+1.21420000E-04	-4.65710000E-05	-4.90650000E-05
GEOD_POS	-12.781771393	045.255480898	-12.677
GEOD_COV	+2.40728158E-15	+2.04295676E-16	+2.88233531E-04	+4.24068586E-17	+8.15400505E-11	-5.99549021E-11
UTM__38S	8586983.479	527728.787	-12.677
UTM__COV	+2.50030290E-06	+2.83801657E-05	+2.88233531E-04	+5.09385812E-07	-6.63271632E-06	+8.85350004E-06
MERC_POS	-1425363.671	5037817.089	-12.677
MERC_COV	+2.50030290E-06	+2.83801657E-05	+2.88233531E-04	+5.09385812E-07	-6.63271632E-06	+8.85350004E-06
VERT_I95	0.034
HORI_I95	0.011
3D___I95	0.036

