SOFT_NAM	Gins
SOFT_VER	25.2
SOFT_TYP	PPP

TIME_SYS	TAI

GEOD_SYS	ITRF2020	2026.280808251
GEOC_POS	-5210325.330	-3293061.677	-1634312.855
GEOC_COV	+1.78145947E-05	+1.61086827E-05	+2.92333616E-06	+7.82816984E-06	+5.00921811E-06	+3.53525377E-06
GEOD_POS	-14.945840796	-147.706044297	7.306
GEOD_COV	+8.23028010E-16	+1.06200827E-16	+2.60215321E-05	+3.07532447E-17	+2.39991516E-11	+3.85079726E-13
UTM__06S	8347543.585	424074.216	7.306
UTM__COV	+1.30022162E-06	+9.52485988E-06	+2.60215321E-05	+3.66064552E-07	+4.26084167E-08	+2.58177196E-06
MERC_POS	-1671945.659	-16442561.638	7.306
MERC_COV	+1.30022162E-06	+9.52485988E-06	+2.60215321E-05	+3.66064552E-07	+4.26084167E-08	+2.58177196E-06
VERT_I95	0.010
HORI_I95	0.007
3D___I95	0.012

GEOD_SYS	ITRF1992	1993.000000000	(RGPF)
GEOC_POS	-5210323.908	-3293063.370	-1634313.947
GEOC_COV	+1.78150000E-05	+1.61090000E-05	+2.92300000E-06	+7.82800000E-06	+5.00900000E-06	+3.53500000E-06
GEOD_POS	-14.945851021	-147.706023934	7.301
GEOD_COV	+8.23070772E-16	+1.06189459E-16	+2.60215637E-05	+3.07588605E-17	+2.39978530E-11	+3.88897498E-13
UTM__06S	8347542.461	424076.410	7.301
UTM__COV	+1.30008244E-06	+9.52535384E-06	+2.60215637E-05	+3.66131381E-07	+4.30308467E-08	+2.58163213E-06
MERC_POS	-1671946.830	-16442559.371	7.301
MERC_COV	+1.30008244E-06	+9.52535384E-06	+2.60215637E-05	+3.66131381E-07	+4.30308467E-08	+2.58163213E-06
VERT_I95	0.010
HORI_I95	0.007
3D___I95	0.012

