SOFT_NAM	Gins
SOFT_VER	25.2
SOFT_TYP	PPP

TIME_SYS	TAI

GEOD_SYS	ITRF2020	2026.283547977
GEOC_POS	-5210325.322	-3293061.665	-1634312.850
GEOC_COV	+1.30003725E-05	+9.66259076E-06	+1.99265294E-06	+4.53450088E-06	+3.33694701E-06	+1.96869024E-06
GEOD_POS	-14.945840785	-147.706044355	7.292
GEOD_COV	+5.63344256E-16	+8.20016692E-17	+1.71321125E-05	+1.91295606E-17	+3.65339529E-12	+1.52456911E-12
UTM__06S	8347543.587	424074.210	7.292
UTM__COV	+1.00395021E-06	+6.51955342E-06	+1.71321125E-05	+2.27704559E-07	+1.68690979E-07	+3.93023622E-07
MERC_POS	-1671945.658	-16442561.645	7.292
MERC_COV	+1.00395021E-06	+6.51955342E-06	+1.71321125E-05	+2.27704559E-07	+1.68690979E-07	+3.93023622E-07
VERT_I95	0.008
HORI_I95	0.005
3D___I95	0.010

GEOD_SYS	ITRF1992	1993.000000000	(RGPF)
GEOC_POS	-5210323.900	-3293063.358	-1634313.942
GEOC_COV	+1.30000000E-05	+9.66300000E-06	+1.99300000E-06	+4.53500000E-06	+3.33700000E-06	+1.96900000E-06
GEOD_POS	-14.945851012	-147.706023990	7.287
GEOD_COV	+5.63321409E-16	+8.20212179E-17	+1.71325221E-05	+1.91229394E-17	+3.65901528E-12	+1.52284586E-12
UTM__06S	8347542.462	424076.404	7.287
UTM__COV	+1.00418955E-06	+6.51928839E-06	+1.71325221E-05	+2.27625734E-07	+1.68500304E-07	+3.93628188E-07
MERC_POS	-1671946.829	-16442559.378	7.287
MERC_COV	+1.00418955E-06	+6.51928839E-06	+1.71325221E-05	+2.27625734E-07	+1.68500304E-07	+3.93628188E-07
VERT_I95	0.008
HORI_I95	0.005
3D___I95	0.010

