SOFT_NAM	Gins
SOFT_VER	25.2
SOFT_TYP	IPPP

TIME_SYS	TAI

GEOD_SYS	ITRF2020	2024.913930284
GEOC_POS	-5741235.525	1387243.037	-2399261.085
GEOC_COV	+5.35019928E-06	+6.06046465E-07	+1.29398503E-06	-1.14350689E-06	+2.21644487E-06	-5.45901353E-07
GEOD_POS	-22.241985384	166.416104074	66.316
GEOD_COV	+3.25236482E-17	+2.55237310E-17	+6.59162701E-06	+2.99523219E-18	+5.53314651E-13	-1.04937377E-12
UTM__58S	7539705.534	645932.845	66.316
UTM__COV	+3.12976482E-07	+3.45627279E-07	+6.59162701E-06	+3.41915387E-08	-1.16202100E-07	+5.70396102E-08
MERC_POS	-2524436.315	18525355.965	66.316
MERC_COV	+3.12976482E-07	+3.45627279E-07	+6.59162701E-06	+3.41915387E-08	-1.16202100E-07	+5.70396102E-08
VERT_I95	0.005
HORI_I95	0.002
3D___I95	0.005

GEOD_SYS	ITRF1990	1989.000000000	(RGNC91-93)
GEOC_POS	-5741234.726	1387243.669	-2399262.651
GEOC_COV	+5.35000000E-06	+6.06000000E-07	+1.29400000E-06	-1.14400000E-06	+2.21600000E-06	-5.46000000E-07
GEOD_POS	-22.242000616	166.416096297	66.328
GEOD_COV	+3.24973041E-17	+2.55485587E-17	+6.59137183E-06	+2.99577555E-18	+5.48334146E-13	-1.04666079E-12
UTM__58S	7539703.855	645932.028	66.328
UTM__COV	+3.13280926E-07	+3.45347248E-07	+6.59137183E-06	+3.41977378E-08	-1.15901679E-07	+5.65261783E-08
MERC_POS	-2524438.136	18525355.100	66.328
MERC_COV	+3.13280926E-07	+3.45347248E-07	+6.59137183E-06	+3.41977378E-08	-1.15901679E-07	+5.65261783E-08
VERT_I95	0.005
HORI_I95	0.002
3D___I95	0.005

GEOD_SYS	ITRF2005	2007.274000000	(RGTAAF)
GEOC_POS	-5741235.141	1387243.334	-2399261.841
GEOC_COV	+5.35000000E-06	+6.06000000E-07	+1.29400000E-06	-1.14400000E-06	+2.21600000E-06	-5.46000000E-07
GEOD_POS	-22.241992746	166.416100401	66.322
GEOD_COV	+3.24972997E-17	+2.55485615E-17	+6.59137180E-06	+2.99577546E-18	+5.48330174E-13	-1.04666855E-12
UTM__58S	7539704.723	645932.459	66.322
UTM__COV	+3.13280959E-07	+3.45347239E-07	+6.59137180E-06	+3.41977386E-08	-1.15902539E-07	+5.65257719E-08
MERC_POS	-2524437.195	18525355.556	66.322
MERC_COV	+3.13280959E-07	+3.45347239E-07	+6.59137180E-06	+3.41977386E-08	-1.15902539E-07	+5.65257719E-08
VERT_I95	0.005
HORI_I95	0.002
3D___I95	0.005

