SOFT_NAM	Gins
SOFT_VER	25.2
SOFT_TYP	IPPP

TIME_SYS	TAI

GEOD_SYS	ITRF2020	2024.916662524
GEOC_POS	-5741235.515	1387243.035	-2399261.082
GEOC_COV	+4.79156158E-06	+5.89716616E-07	+1.01773815E-06	-1.10991373E-06	+1.87802988E-06	-4.56842903E-07
GEOD_POS	-22.241985394	166.416104074	66.306
GEOD_COV	+2.96153047E-17	+1.98588172E-17	+5.84078359E-06	-6.93494192E-19	-2.63970361E-13	+3.57416467E-13
UTM__58S	7539705.533	645932.845	66.306
UTM__COV	+2.43512311E-07	+3.14720448E-07	+5.84078359E-06	-7.91645921E-09	+3.95784088E-08	-2.72119425E-08
MERC_POS	-2524436.316	18525355.965	66.306
MERC_COV	+2.43512311E-07	+3.14720448E-07	+5.84078359E-06	-7.91645921E-09	+3.95784088E-08	-2.72119425E-08
VERT_I95	0.005
HORI_I95	0.001
3D___I95	0.005

GEOD_SYS	ITRF1990	1989.000000000	(RGNC91-93)
GEOC_POS	-5741234.717	1387243.667	-2399262.648
GEOC_COV	+4.79200000E-06	+5.90000000E-07	+1.01800000E-06	-1.11000000E-06	+1.87800000E-06	-4.57000000E-07
GEOD_POS	-22.242000627	166.416096296	66.318
GEOD_COV	+2.96390747E-17	+1.98821481E-17	+5.84122862E-06	-6.81915539E-19	-2.64921465E-13	+3.58035556E-13
UTM__58S	7539703.854	645932.028	66.318
UTM__COV	+2.43798400E-07	+3.14972984E-07	+5.84122862E-06	-7.78428436E-09	+3.96469636E-08	-2.73099861E-08
MERC_POS	-2524438.138	18525355.100	66.318
MERC_COV	+2.43798400E-07	+3.14972984E-07	+5.84122862E-06	-7.78428436E-09	+3.96469636E-08	-2.73099861E-08
VERT_I95	0.005
HORI_I95	0.001
3D___I95	0.005

GEOD_SYS	ITRF2005	2007.274000000	(RGTAAF)
GEOC_POS	-5741235.131	1387243.332	-2399261.839
GEOC_COV	+4.79200000E-06	+5.90000000E-07	+1.01800000E-06	-1.11000000E-06	+1.87800000E-06	-4.57000000E-07
GEOD_POS	-22.241992757	166.416100400	66.312
GEOD_COV	+2.96390718E-17	+1.98821473E-17	+5.84122862E-06	-6.81915236E-19	-2.64925026E-13	+3.58028602E-13
UTM__58S	7539704.721	645932.459	66.312
UTM__COV	+2.43798390E-07	+3.14972988E-07	+5.84122862E-06	-7.78428131E-09	+3.96461934E-08	-2.73103547E-08
MERC_POS	-2524437.197	18525355.556	66.312
MERC_COV	+2.43798390E-07	+3.14972988E-07	+5.84122862E-06	-7.78428131E-09	+3.96461934E-08	-2.73103547E-08
VERT_I95	0.005
HORI_I95	0.001
3D___I95	0.005

