SOFT_NAM	Gins
SOFT_VER	25.2
SOFT_TYP	IPPP

TIME_SYS	TAI

GEOD_SYS	ITRF2020	2024.911198043
GEOC_POS	-5741235.516	1387243.035	-2399261.082
GEOC_COV	+4.80999687E-06	+6.85830162E-07	+1.11251494E-06	-1.17634683E-06	+1.96981585E-06	-4.71110433E-07
GEOD_POS	-22.241985392	166.416104073	66.307
GEOD_COV	+3.54020369E-17	+2.18107143E-17	+5.96467937E-06	-3.86481311E-18	-9.25642521E-13	-3.71002863E-13
UTM__58S	7539705.533	645932.845	66.307
UTM__COV	+2.67446817E-07	+3.76215779E-07	+5.96467937E-06	-4.41180845E-08	-4.10828944E-08	-9.54218153E-08
MERC_POS	-2524436.316	18525355.965	66.307
MERC_COV	+2.67446817E-07	+3.76215779E-07	+5.96467937E-06	-4.41180845E-08	-4.10828944E-08	-9.54218153E-08
VERT_I95	0.005
HORI_I95	0.002
3D___I95	0.005

GEOD_SYS	ITRF1990	1989.000000000	(RGNC91-93)
GEOC_POS	-5741234.717	1387243.667	-2399262.648
GEOC_COV	+4.81000000E-06	+6.86000000E-07	+1.11300000E-06	-1.17600000E-06	+1.97000000E-06	-4.71000000E-07
GEOD_POS	-22.242000623	166.416096295	66.318
GEOD_COV	+3.54320604E-17	+2.18341498E-17	+5.96473105E-06	-3.86805762E-18	-9.22653902E-13	-3.73971985E-13
UTM__58S	7539703.855	645932.028	66.318
UTM__COV	+2.67734189E-07	+3.76534757E-07	+5.96473105E-06	-4.41551170E-08	-4.14116794E-08	-9.51137171E-08
MERC_POS	-2524438.137	18525355.099	66.318
MERC_COV	+2.67734189E-07	+3.76534757E-07	+5.96473105E-06	-4.41551170E-08	-4.14116794E-08	-9.51137171E-08
VERT_I95	0.005
HORI_I95	0.002
3D___I95	0.005

GEOD_SYS	ITRF2005	2007.274000000	(RGTAAF)
GEOC_POS	-5741235.132	1387243.332	-2399261.838
GEOC_COV	+4.81000000E-06	+6.86000000E-07	+1.11300000E-06	-1.17600000E-06	+1.97000000E-06	-4.71000000E-07
GEOD_POS	-22.241992753	166.416100400	66.312
GEOD_COV	+3.54320579E-17	+2.18341507E-17	+5.96473103E-06	-3.86805577E-18	-9.22657494E-13	-3.73979102E-13
UTM__58S	7539704.722	645932.459	66.312
UTM__COV	+2.67734199E-07	+3.76534772E-07	+5.96473103E-06	-4.41550983E-08	-4.14124674E-08	-9.51140926E-08
MERC_POS	-2524437.196	18525355.556	66.312
MERC_COV	+2.67734199E-07	+3.76534772E-07	+5.96473103E-06	-4.41550983E-08	-4.14124674E-08	-9.51140926E-08
VERT_I95	0.005
HORI_I95	0.002
3D___I95	0.005

