SOFT_NAM	Gins
SOFT_VER	21.2
SOFT_TYP	PPP

TIME_SYS	TAI

GEOD_SYS	ITRF2014	2019.606835648
GEOC_POS	-6178749.638	-198466.537	-1564755.996
GEOC_COV	+9.29187926E-05	+6.07645326E-05	+9.03449493E-06	-8.53097260E-06	+2.35774368E-05	+2.92019751E-06
GEOD_POS	-14.296046947	-178.160244826	52.292
GEOD_COV	+5.26958564E-15	+2.28025609E-16	+9.85812109E-05	-3.72916491E-16	-8.07798212E-11	-7.59598349E-12
UTM__01S	8419219.060	374858.759	52.292
UTM__COV	+2.79145694E-06	+6.13451523E-05	+9.85812109E-05	-4.45181527E-06	-8.40441843E-07	-8.71575028E-06
MERC_POS	-1597658.425	-19832707.734	52.292
MERC_COV	+2.79145694E-06	+6.13451523E-05	+9.85812109E-05	-4.45181527E-06	-8.40441843E-07	-8.71575028E-06
VERT_I95	0.020
HORI_I95	0.016
3D___I95	0.026

GEOD_SYS	ITRF1994	1993.000000000	(RGWF)
GEOC_POS	-6178749.376	-198468.173	-1564756.851
GEOC_COV	+9.29190000E-05	+6.07650000E-05	+9.03400000E-06	-8.53100000E-06	+2.35770000E-05	+2.92000000E-06
GEOD_POS	-14.296054897	-178.160229593	52.300
GEOD_COV	+5.26962671E-15	+2.28005918E-16	+9.85811578E-05	-3.72901771E-16	-8.07804969E-11	-7.59084811E-12
UTM__01S	8419218.189	374860.406	52.300
UTM__COV	+2.79121590E-06	+6.13456263E-05	+9.85811578E-05	-4.45163940E-06	-8.39873651E-07	-8.71582289E-06
MERC_POS	-1597659.332	-19832706.038	52.300
MERC_COV	+2.79121590E-06	+6.13456263E-05	+9.85811578E-05	-4.45163940E-06	-8.39873651E-07	-8.71582289E-06
VERT_I95	0.020
HORI_I95	0.016
3D___I95	0.026

