SOFT_NAM	Gins
SOFT_VER	22.1
SOFT_TYP	PPP

TIME_SYS	TAI

GEOD_SYS	ITRF2020	2023.524643867
GEOC_POS	-5747690.587	1280573.267	-2442434.548
GEOC_COV	+1.16080721E-05	+3.50114684E-06	+2.30295331E-06	-1.41515744E-06	+4.68061715E-06	-7.92968123E-07
GEOD_POS	-22.663828805	167.439765596	68.504
GEOD_COV	+3.10878757E-16	+2.81533941E-17	+1.37831461E-05	-4.89475924E-18	+4.86027085E-12	+4.75990596E-13
UTM__58S	7491635.937	750699.411	68.504
UTM__COV	+3.45258183E-07	+3.28376794E-06	+1.37831461E-05	-5.57094219E-08	+5.27114524E-08	+4.99518041E-07
MERC_POS	-2574956.853	18639309.445	68.504
MERC_COV	+3.45258183E-07	+3.28376794E-06	+1.37831461E-05	-5.57094219E-08	+5.27114524E-08	+4.99518041E-07
VERT_I95	0.007
HORI_I95	0.004
3D___I95	0.008

GEOD_SYS	ITRF1990	1989.000000000	(RGNC91-93)
GEOC_POS	-5747689.831	1280573.849	-2442436.041
GEOC_COV	+1.16080000E-05	+3.50100000E-06	+2.30300000E-06	-1.41500000E-06	+4.68100000E-06	-7.93000000E-07
GEOD_POS	-22.663843369	167.439758467	68.515
GEOD_COV	+3.10871593E-16	+2.81328416E-17	+1.37833023E-05	-4.89362514E-18	+4.86190100E-12	+4.72997420E-13
UTM__58S	7491634.336	750698.652	68.515
UTM__COV	+3.45006141E-07	+3.28369159E-06	+1.37833023E-05	-5.56965086E-08	+5.23799867E-08	+4.99685529E-07
MERC_POS	-2574958.600	18639308.651	68.515
MERC_COV	+3.45006141E-07	+3.28369159E-06	+1.37833023E-05	-5.56965086E-08	+5.23799867E-08	+4.99685529E-07
VERT_I95	0.007
HORI_I95	0.004
3D___I95	0.008

GEOD_SYS	ITRF2005	2007.274000000	(RGTAAF)
GEOC_POS	-5747690.239	1280573.528	-2442435.239
GEOC_COV	+1.16080000E-05	+3.50100000E-06	+2.30300000E-06	-1.41500000E-06	+4.68100000E-06	-7.93000000E-07
GEOD_POS	-22.663835545	167.439762380	68.509
GEOD_COV	+3.10871552E-16	+2.81328403E-17	+1.37833024E-05	-4.89362436E-18	+4.86189421E-12	+4.72980938E-13
UTM__58S	7491635.196	750699.069	68.509
UTM__COV	+3.45006124E-07	+3.28369152E-06	+1.37833024E-05	-5.56965027E-08	+5.23781614E-08	+4.99684859E-07
MERC_POS	-2574957.662	18639309.087	68.509
MERC_COV	+3.45006124E-07	+3.28369152E-06	+1.37833024E-05	-5.56965027E-08	+5.23781614E-08	+4.99684859E-07
VERT_I95	0.007
HORI_I95	0.004
3D___I95	0.008

