SOFT_NAM	Gins
SOFT_VER	22.1
SOFT_TYP	PPP

TIME_SYS	TAI

GEOD_SYS	ITRF2020	2023.530123319
GEOC_POS	-5747690.587	1280573.263	-2442434.548
GEOC_COV	+1.10786529E-04	+7.58804136E-05	+1.81169356E-05	-7.66796456E-05	+3.95026056E-05	-2.57222750E-05
GEOD_POS	-22.663828807	167.439765630	68.503
GEOD_COV	+4.25821399E-15	+4.13146436E-16	+1.54738364E-04	-7.60542903E-16	-6.18754957E-10	+1.16467951E-10
UTM__58S	7491635.937	750699.415	68.503
UTM__COV	+5.06660715E-06	+4.49789067E-05	+1.54738364E-04	-8.65607548E-06	+1.28977230E-05	-6.35930123E-05
MERC_POS	-2574956.854	18639309.448	68.503
MERC_COV	+5.06660715E-06	+4.49789067E-05	+1.54738364E-04	-8.65607548E-06	+1.28977230E-05	-6.35930123E-05
VERT_I95	0.025
HORI_I95	0.014
3D___I95	0.029

GEOD_SYS	ITRF1990	1989.000000000	(RGNC91-93)
GEOC_POS	-5747689.831	1280573.846	-2442436.041
GEOC_COV	+1.10787000E-04	+7.58800000E-05	+1.81170000E-05	-7.66800000E-05	+3.95030000E-05	-2.57220000E-05
GEOD_POS	-22.663843374	167.439758500	68.514
GEOD_COV	+4.25816397E-15	+4.13139672E-16	+1.54739107E-04	-7.60577655E-16	-6.18754738E-10	+1.16467921E-10
UTM__58S	7491634.335	750698.655	68.514
UTM__COV	+5.06652424E-06	+4.49783690E-05	+1.54739107E-04	-8.65647014E-06	+1.28977197E-05	-6.35929832E-05
MERC_POS	-2574958.601	18639308.655	68.514
MERC_COV	+5.06652424E-06	+4.49783690E-05	+1.54739107E-04	-8.65647014E-06	+1.28977197E-05	-6.35929832E-05
VERT_I95	0.025
HORI_I95	0.014
3D___I95	0.029

GEOD_SYS	ITRF2005	2007.274000000	(RGTAAF)
GEOC_POS	-5747690.239	1280573.525	-2442435.239
GEOC_COV	+1.10787000E-04	+7.58800000E-05	+1.81170000E-05	-7.66800000E-05	+3.95030000E-05	-2.57220000E-05
GEOD_POS	-22.663835550	167.439762413	68.508
GEOD_COV	+4.25816430E-15	+4.13139349E-16	+1.54739102E-04	-7.60576831E-16	-6.18754786E-10	+1.16467717E-10
UTM__58S	7491635.195	750699.072	68.508
UTM__COV	+5.06652026E-06	+4.49783775E-05	+1.54739102E-04	-8.65646123E-06	+1.28976971E-05	-6.35929917E-05
MERC_POS	-2574957.662	18639309.090	68.508
MERC_COV	+5.06652026E-06	+4.49783775E-05	+1.54739102E-04	-8.65646123E-06	+1.28976971E-05	-6.35929917E-05
VERT_I95	0.025
HORI_I95	0.014
3D___I95	0.029

