SOFT_NAM	Gins
SOFT_VER	25.2
SOFT_TYP	IPPP

TIME_SYS	TAI

GEOD_SYS	ITRF2020	2023.921913654
GEOC_POS	-4918470.572	-3630289.958	-1813324.758
GEOC_COV	+3.99342161E-06	+2.29910935E-06	+8.63659453E-07	+2.61580526E-06	+1.39299383E-06	+9.90918113E-07
GEOD_POS	-16.627045226	-143.569215404	2.624
GEOD_COV	+3.48721208E-17	+2.76312627E-17	+6.42082322E-06	+1.49348707E-18	-4.27996958E-13	-4.49161841E-13
UTM__07S	8159943.085	225911.924	2.624
UTM__COV	+3.38394754E-07	+3.96972437E-07	+6.42082322E-06	+1.76341247E-08	-4.97066275E-08	-4.56648125E-08
MERC_POS	-1865233.975	-15982051.952	2.624
MERC_COV	+3.38394754E-07	+3.96972437E-07	+6.42082322E-06	+1.76341247E-08	-4.97066275E-08	-4.56648125E-08
VERT_I95	0.005
HORI_I95	0.002
3D___I95	0.005

GEOD_SYS	ITRF1992	1993.000000000	(RGPF)
GEOC_POS	-4918469.114	-3630291.425	-1813325.749
GEOC_COV	+3.99300000E-06	+2.29900000E-06	+8.64000000E-07	+2.61600000E-06	+1.39300000E-06	+9.91000000E-07
GEOD_POS	-16.627054591	-143.569196224	2.619
GEOD_COV	+3.48364997E-17	+2.76535538E-17	+6.42076535E-06	+1.49344559E-18	-4.25992966E-13	-4.50712238E-13
UTM__07S	8159942.074	225913.984	2.619
UTM__COV	+3.38667748E-07	+3.96566899E-07	+6.42076535E-06	+1.76336341E-08	-4.98782026E-08	-4.54509958E-08
MERC_POS	-1865235.057	-15982049.817	2.619
MERC_COV	+3.38667748E-07	+3.96566899E-07	+6.42076535E-06	+1.76336341E-08	-4.98782026E-08	-4.54509958E-08
VERT_I95	0.005
HORI_I95	0.002
3D___I95	0.005

