SOFT_NAM	Gins
SOFT_VER	25.2
SOFT_TYP	IPPP

TIME_SYS	TAI

GEOD_SYS	ITRF2020	2023.919173928
GEOC_POS	-4918470.569	-3630289.956	-1813324.756
GEOC_COV	+4.11528087E-06	+2.33682289E-06	+8.82462981E-07	+2.67753690E-06	+1.42564952E-06	+1.01715656E-06
GEOD_POS	-16.627045221	-143.569215405	2.620
GEOD_COV	+3.56098301E-17	+2.81775235E-17	+6.58411177E-06	+8.20577759E-19	-6.21085167E-13	-4.37492039E-13
UTM__07S	8159943.085	225911.923	2.620
UTM__COV	+3.45084704E-07	+4.05370270E-07	+6.58411177E-06	+9.68884888E-09	-4.84151854E-08	-6.62662132E-08
MERC_POS	-1865233.975	-15982051.953	2.620
MERC_COV	+3.45084704E-07	+4.05370270E-07	+6.58411177E-06	+9.68884888E-09	-4.84151854E-08	-6.62662132E-08
VERT_I95	0.005
HORI_I95	0.002
3D___I95	0.005

GEOD_SYS	ITRF1992	1993.000000000	(RGPF)
GEOC_POS	-4918469.112	-3630291.423	-1813325.748
GEOC_COV	+4.11500000E-06	+2.33700000E-06	+8.82000000E-07	+2.67800000E-06	+1.42600000E-06	+1.01700000E-06
GEOD_POS	-16.627054586	-143.569196228	2.615
GEOD_COV	+3.55723327E-17	+2.81365109E-17	+6.58447420E-06	+8.56301041E-19	-6.18809037E-13	-4.36963417E-13
UTM__07S	8159942.075	225913.984	2.615
UTM__COV	+3.44582431E-07	+4.04943372E-07	+6.58447420E-06	+1.01106457E-08	-4.83566853E-08	-6.60233600E-08
MERC_POS	-1865235.056	-15982049.818	2.615
MERC_COV	+3.44582431E-07	+4.04943372E-07	+6.58447420E-06	+1.01106457E-08	-4.83566853E-08	-6.60233600E-08
VERT_I95	0.005
HORI_I95	0.002
3D___I95	0.005

