SOFT_NAM	Gins
SOFT_VER	25.2
SOFT_TYP	IPPP

TIME_SYS	TAI

GEOD_SYS	ITRF2020	2023.916434202
GEOC_POS	-4918470.575	-3630289.960	-1813324.761
GEOC_COV	+3.26556368E-06	+1.93272289E-06	+7.31098855E-07	+2.17577731E-06	+1.15848778E-06	+8.40338453E-07
GEOD_POS	-16.627045240	-143.569215400	2.629
GEOD_COV	+2.84265686E-17	+2.33202970E-17	+5.32018778E-06	+1.06699101E-18	+7.11825504E-15	-5.48503675E-13
UTM__07S	8159943.083	225911.924	2.629
UTM__COV	+2.85599187E-07	+3.23598450E-07	+5.32018778E-06	+1.25983364E-08	-6.07003208E-08	+7.59476851E-10
MERC_POS	-1865233.977	-15982051.952	2.629
MERC_COV	+2.85599187E-07	+3.23598450E-07	+5.32018778E-06	+1.25983364E-08	-6.07003208E-08	+7.59476851E-10
VERT_I95	0.005
HORI_I95	0.002
3D___I95	0.005

GEOD_SYS	ITRF1992	1993.000000000	(RGPF)
GEOC_POS	-4918469.117	-3630291.428	-1813325.752
GEOC_COV	+3.26600000E-06	+1.93300000E-06	+7.31000000E-07	+2.17600000E-06	+1.15800000E-06	+8.40000000E-07
GEOD_POS	-16.627054604	-143.569196224	2.624
GEOD_COV	+2.84371530E-17	+2.33434205E-17	+5.32039872E-06	+1.06533140E-18	+7.05599239E-15	-5.42297796E-13
UTM__07S	8159942.073	225913.984	2.624
UTM__COV	+2.85882376E-07	+3.23718907E-07	+5.32039872E-06	+1.25787402E-08	-6.00135454E-08	+7.52833747E-10
MERC_POS	-1865235.058	-15982049.817	2.624
MERC_COV	+2.85882376E-07	+3.23718907E-07	+5.32039872E-06	+1.25787402E-08	-6.00135454E-08	+7.52833747E-10
VERT_I95	0.005
HORI_I95	0.002
3D___I95	0.005

