SOFT_NAM	Gins
SOFT_VER	24.1
SOFT_TYP	PPP

TIME_SYS	TAI

GEOD_SYS	ITRF2020	2025.078068525
GEOC_POS	-5034736.547	-3510865.274	-1727937.193
GEOC_COV	+3.00582769E-05	+1.85629500E-05	+4.12499390E-06	+1.36623234E-05	+9.33586821E-06	+6.19253744E-06
GEOD_POS	-15.823423377	-145.110837500	0.391
GEOD_COV	+8.28109732E-16	+6.94429030E-17	+4.23921906E-05	+5.71192701E-18	-6.68903202E-12	-3.20350627E-12
UTM__06S	8249686.600	702332.445	0.391
UTM__COV	+8.50324669E-07	+9.50370548E-06	+4.23921906E-05	+6.77116887E-08	-3.54490037E-07	-7.16581869E-07
MERC_POS	-1772638.741	-16153664.539	0.391
MERC_COV	+8.50324669E-07	+9.50370548E-06	+4.23921906E-05	+6.77116887E-08	-3.54490037E-07	-7.16581869E-07
VERT_I95	0.013
HORI_I95	0.006
3D___I95	0.015

GEOD_SYS	ITRF1992	1993.000000000	(RGPF)
GEOC_POS	-5034735.088	-3510866.841	-1727938.232
GEOC_COV	+3.00580000E-05	+1.85630000E-05	+4.12500000E-06	+1.36620000E-05	+9.33600000E-06	+6.19300000E-06
GEOD_POS	-15.823433148	-145.110817717	0.386
GEOD_COV	+8.28131339E-16	+6.94245118E-17	+4.23919480E-05	+5.68827613E-18	-6.68798689E-12	-3.20744654E-12
UTM__06S	8249685.500	702334.555	0.386
UTM__COV	+8.50099470E-07	+9.50395252E-06	+4.23919480E-05	+6.74313175E-08	-3.54926055E-07	-7.16469871E-07
MERC_POS	-1772639.865	-16153662.337	0.386
MERC_COV	+8.50099470E-07	+9.50395252E-06	+4.23919480E-05	+6.74313175E-08	-3.54926055E-07	-7.16469871E-07
VERT_I95	0.013
HORI_I95	0.006
3D___I95	0.015

