SOFT_NAM	Gins
SOFT_VER	24.1
SOFT_TYP	PPP

TIME_SYS	TAI

GEOD_SYS	ITRF2020	2025.083547977
GEOC_POS	-5034736.535	-3510865.276	-1727937.190
GEOC_COV	+2.55971313E-05	+1.93719469E-05	+3.80295361E-06	+1.02617540E-05	+8.17989521E-06	+5.61782742E-06
GEOD_POS	-15.823423365	-145.110837428	0.382
GEOD_COV	+1.02640501E-15	+6.38195934E-17	+3.62111460E-05	+2.01469606E-17	+5.44440152E-12	-6.66999740E-12
UTM__06S	8249686.601	702332.453	0.382
UTM__COV	+7.81467538E-07	+1.17794183E-05	+3.62111460E-05	+2.38830909E-07	-7.38081159E-07	+5.83247232E-07
MERC_POS	-1772638.740	-16153664.531	0.382
MERC_COV	+7.81467538E-07	+1.17794183E-05	+3.62111460E-05	+2.38830909E-07	-7.38081159E-07	+5.83247232E-07
VERT_I95	0.012
HORI_I95	0.007
3D___I95	0.014

GEOD_SYS	ITRF1992	1993.000000000	(RGPF)
GEOC_POS	-5034735.077	-3510866.843	-1727938.229
GEOC_COV	+2.55970000E-05	+1.93720000E-05	+3.80300000E-06	+1.02620000E-05	+8.18000000E-06	+5.61800000E-06
GEOD_POS	-15.823433138	-145.110817640	0.376
GEOD_COV	+1.02638433E-15	+6.38161413E-17	+3.62113950E-05	+2.01443990E-17	+5.44607455E-12	-6.67109328E-12
UTM__06S	8249685.501	702334.563	0.376
UTM__COV	+7.81425268E-07	+1.17791798E-05	+3.62113950E-05	+2.38800531E-07	-7.38202426E-07	+5.83426431E-07
MERC_POS	-1772639.864	-16153662.328	0.376
MERC_COV	+7.81425268E-07	+1.17791798E-05	+3.62113950E-05	+2.38800531E-07	-7.38202426E-07	+5.83426431E-07
VERT_I95	0.012
HORI_I95	0.007
3D___I95	0.014

