SOFT_NAM	Gins
SOFT_VER	25.2
SOFT_TYP	IPPP

TIME_SYS	TAI

GEOD_SYS	ITRF2020	2023.149310915
GEOC_POS	-4707158.802	-3823744.514	-1968779.665
GEOC_COV	+3.18236048E-06	+2.36077045E-06	+8.80651346E-07	+2.37515503E-06	+1.28458753E-06	+1.06161842E-06
GEOD_POS	-18.098792775	-140.912168517	-3.856
GEOD_COV	+3.23683580E-17	+2.54253127E-17	+5.74967902E-06	+1.10304814E-18	+8.01170494E-13	-6.78556716E-13
UTM__07S	7998882.140	509292.883	-3.856
UTM__COV	+3.11469834E-07	+3.62633428E-07	+5.74967902E-06	+1.29223915E-08	-7.51036420E-08	+8.48005228E-08
MERC_POS	-2035848.148	-15686270.846	-3.856
MERC_COV	+3.11469834E-07	+3.62633428E-07	+5.74967902E-06	+1.29223915E-08	-7.51036420E-08	+8.48005228E-08
VERT_I95	0.005
HORI_I95	0.002
3D___I95	0.005

GEOD_SYS	ITRF1992	1993.000000000	(RGPF)
GEOC_POS	-4707157.296	-3823745.869	-1968780.612
GEOC_COV	+3.18200000E-06	+2.36100000E-06	+8.81000000E-07	+2.37500000E-06	+1.28500000E-06	+1.06200000E-06
GEOD_POS	-18.098801792	-140.912149612	-3.861
GEOD_COV	+3.23814533E-17	+2.54218051E-17	+5.74979303E-06	+1.10693708E-18	+8.03568423E-13	-6.84308195E-13
UTM__07S	7998881.142	509294.882	-3.861
UTM__COV	+3.11426865E-07	+3.62780101E-07	+5.74979303E-06	+1.29679504E-08	-7.57402240E-08	+8.50543291E-08
MERC_POS	-2035849.198	-15686268.741	-3.861
MERC_COV	+3.11426865E-07	+3.62780101E-07	+5.74979303E-06	+1.29679504E-08	-7.57402240E-08	+8.50543291E-08
VERT_I95	0.005
HORI_I95	0.002
3D___I95	0.005

