SOFT_NAM	Gins
SOFT_VER	25.2
SOFT_TYP	IPPP

TIME_SYS	TAI

GEOD_SYS	ITRF2020	2023.143831462
GEOC_POS	-4707158.816	-3823744.526	-1968779.678
GEOC_COV	+3.17892955E-06	+2.13128138E-06	+8.10530975E-07	+2.24715230E-06	+1.22575575E-06	+9.59557306E-07
GEOD_POS	-18.098792836	-140.912168515	-3.835
GEOD_COV	+3.10888791E-17	+2.38354208E-17	+5.48044984E-06	+8.91625710E-19	-5.51499376E-13	-2.72521315E-13
UTM__07S	7998882.134	509292.883	-3.835
UTM__COV	+2.91993050E-07	+3.48299005E-07	+5.48044984E-06	+1.04455428E-08	-3.01630547E-08	-5.83738866E-08
MERC_POS	-2035848.155	-15686270.846	-3.835
MERC_COV	+2.91993050E-07	+3.48299005E-07	+5.48044984E-06	+1.04455428E-08	-3.01630547E-08	-5.83738866E-08
VERT_I95	0.005
HORI_I95	0.002
3D___I95	0.005

GEOD_SYS	ITRF1992	1993.000000000	(RGPF)
GEOC_POS	-4707157.311	-3823745.881	-1968780.625
GEOC_COV	+3.17900000E-06	+2.13100000E-06	+8.11000000E-07	+2.24700000E-06	+1.22600000E-06	+9.60000000E-07
GEOD_POS	-18.098801852	-140.912149613	-3.839
GEOD_COV	+3.10895600E-17	+2.38456950E-17	+5.48057449E-06	+8.70849055E-19	-5.52784589E-13	-2.77765523E-13
UTM__07S	7998881.135	509294.882	-3.839
UTM__COV	+2.92118913E-07	+3.48306597E-07	+5.48057449E-06	+1.02021403E-08	-3.07434913E-08	-5.85099179E-08
MERC_POS	-2035849.205	-15686268.741	-3.839
MERC_COV	+2.92118913E-07	+3.48306597E-07	+5.48057449E-06	+1.02021403E-08	-3.07434913E-08	-5.85099179E-08
VERT_I95	0.005
HORI_I95	0.002
3D___I95	0.005

