SOFT_NAM	Gins
SOFT_VER	25.2
SOFT_TYP	IPPP

TIME_SYS	TAI

GEOD_SYS	ITRF2020	2023.146571188
GEOC_POS	-4707158.817	-3823744.528	-1968779.676
GEOC_COV	+4.23623544E-06	+3.10258537E-06	+1.12041950E-06	+3.08002976E-06	+1.66993920E-06	+1.34101122E-06
GEOD_POS	-18.098792811	-140.912168503	-3.833
GEOD_COV	+4.80739500E-17	+3.29572012E-17	+7.51691357E-06	+3.00183383E-18	+6.50165835E-13	-4.62127093E-13
UTM__07S	7998882.137	509292.884	-3.833
UTM__COV	+4.03738360E-07	+5.38588377E-07	+7.51691357E-06	+3.51669803E-08	-5.11488974E-08	+6.88173158E-08
MERC_POS	-2035848.152	-15686270.844	-3.833
MERC_COV	+4.03738360E-07	+5.38588377E-07	+7.51691357E-06	+3.51669803E-08	-5.11488974E-08	+6.88173158E-08
VERT_I95	0.005
HORI_I95	0.002
3D___I95	0.006

GEOD_SYS	ITRF1992	1993.000000000	(RGPF)
GEOC_POS	-4707157.311	-3823745.883	-1968780.623
GEOC_COV	+4.23600000E-06	+3.10300000E-06	+1.12000000E-06	+3.08000000E-06	+1.67000000E-06	+1.34100000E-06
GEOD_POS	-18.098801827	-140.912149599	-3.838
GEOD_COV	+4.80904926E-17	+3.29242792E-17	+7.51689129E-06	+3.01392910E-18	+6.52809325E-13	-4.61306497E-13
UTM__07S	7998881.138	509294.884	-3.838
UTM__COV	+4.03335053E-07	+5.38773654E-07	+7.51689129E-06	+3.53086766E-08	-5.10580727E-08	+6.90971145E-08
MERC_POS	-2035849.202	-15686268.740	-3.838
MERC_COV	+4.03335053E-07	+5.38773654E-07	+7.51689129E-06	+3.53086766E-08	-5.10580727E-08	+6.90971145E-08
VERT_I95	0.005
HORI_I95	0.002
3D___I95	0.006

