SOFT_NAM	Gins
SOFT_VER	22.2
SOFT_TYP	PPP

TIME_SYS	TAI

GEOD_SYS	ITRF2020	2023.812315100
GEOC_POS	-5758161.277	1363355.826	-2372413.816
GEOC_COV	+4.47727640E-05	+1.26709768E-05	+8.54673491E-06	-1.11081578E-05	+1.85007261E-05	-4.98740850E-06
GEOD_POS	-21.980299005	166.679418571	63.339
GEOD_COV	+8.80737779E-16	+6.41091350E-17	+5.58102594E-05	-4.15057460E-17	-2.66671812E-11	-6.79839353E-13
UTM__58S	7568402.338	673392.932	63.339
UTM__COV	+7.86066423E-07	+9.39414979E-06	+5.58102594E-05	-4.74660744E-07	-7.52793680E-08	-2.75411797E-06
MERC_POS	-2493173.844	18554668.001	63.339
MERC_COV	+7.86066423E-07	+9.39414979E-06	+5.58102594E-05	-4.74660744E-07	-7.52793680E-08	-2.75411797E-06
VERT_I95	0.015
HORI_I95	0.006
3D___I95	0.016

GEOD_SYS	ITRF1990	1989.000000000	(RGNC91-93)
GEOC_POS	-5758160.512	1363356.432	-2372415.344
GEOC_COV	+4.47730000E-05	+1.26710000E-05	+8.54700000E-06	-1.11080000E-05	+1.85010000E-05	-4.98700000E-06
GEOD_POS	-21.980313845	166.679411146	63.349
GEOD_COV	+8.80747765E-16	+6.41197215E-17	+5.58105494E-05	-4.15370224E-17	-2.66637646E-11	-6.81178319E-13
UTM__58S	7568400.704	673392.148	63.349
UTM__COV	+7.86196233E-07	+9.39425439E-06	+5.58105494E-05	-4.75018375E-07	-7.54276335E-08	-2.75376483E-06
MERC_POS	-2493175.615	18554667.174	63.349
MERC_COV	+7.86196233E-07	+9.39425439E-06	+5.58105494E-05	-4.75018375E-07	-7.54276335E-08	-2.75376483E-06
VERT_I95	0.015
HORI_I95	0.006
3D___I95	0.016

GEOD_SYS	ITRF2005	2007.274000000	(RGTAAF)
GEOC_POS	-5758160.921	1363356.101	-2372414.530
GEOC_COV	+4.47730000E-05	+1.26710000E-05	+8.54700000E-06	-1.11080000E-05	+1.85010000E-05	-4.98700000E-06
GEOD_POS	-21.980305940	166.679415185	63.344
GEOD_COV	+8.80747705E-16	+6.41197214E-17	+5.58105490E-05	-4.15369667E-17	-2.66637931E-11	-6.81247818E-13
UTM__58S	7568401.575	673392.574	63.344
UTM__COV	+7.86196229E-07	+9.39425477E-06	+5.58105490E-05	-4.75017763E-07	-7.54353291E-08	-2.75376793E-06
MERC_POS	-2493174.672	18554667.624	63.344
MERC_COV	+7.86196229E-07	+9.39425477E-06	+5.58105490E-05	-4.75017763E-07	-7.54353291E-08	-2.75376793E-06
VERT_I95	0.015
HORI_I95	0.006
3D___I95	0.016

