SOFT_NAM	Gins
SOFT_VER	25.1
SOFT_TYP	PPP

TIME_SYS	TAI

GEOD_SYS	ITRF2020	2026.201356196
GEOC_POS	-5222939.068	-3101730.195	-1937949.203
GEOC_COV	+2.03226996E-05	+1.42035456E-05	+4.51388517E-06	+6.84844948E-06	+7.07010079E-06	+3.34121094E-06
GEOD_POS	-17.805935661	-149.295329180	11.709
GEOD_COV	+8.70580363E-16	+1.52831468E-16	+2.73823804E-05	+7.52187103E-17	+3.17924495E-12	-3.97665499E-12
UTM__06S	8029793.891	256692.759	11.709
UTM__COV	+1.87214053E-06	+9.78560951E-06	+2.73823804E-05	+8.82629056E-07	-4.40129769E-07	+3.37064875E-07
MERC_POS	-2001786.687	-16619480.022	11.709
MERC_COV	+1.87214053E-06	+9.78560951E-06	+2.73823804E-05	+8.82629056E-07	-4.40129769E-07	+3.37064875E-07
VERT_I95	0.010
HORI_I95	0.007
3D___I95	0.012

GEOD_SYS	ITRF1992	1993.000000000	(RGPF)
GEOC_POS	-5222937.666	-3101731.869	-1937950.282
GEOC_COV	+2.03230000E-05	+1.42040000E-05	+4.51400000E-06	+6.84800000E-06	+7.07000000E-06	+3.34100000E-06
GEOD_POS	-17.805945912	-149.295308858	11.705
GEOD_COV	+8.70652393E-16	+1.52848794E-16	+2.73822292E-05	+7.52255032E-17	+3.17748913E-12	-3.97562750E-12
UTM__06S	8029792.783	256694.929	11.705
UTM__COV	+1.87235277E-06	+9.78641803E-06	+2.73822292E-05	+8.82708714E-07	-4.40016048E-07	+3.36878703E-07
MERC_POS	-2001787.878	-16619477.760	11.705
MERC_COV	+1.87235277E-06	+9.78641803E-06	+2.73822292E-05	+8.82708714E-07	-4.40016048E-07	+3.36878703E-07
VERT_I95	0.010
HORI_I95	0.007
3D___I95	0.012

