SOFT_NAM	Gins
SOFT_VER	25.1
SOFT_TYP	PPP

TIME_SYS	TAI

GEOD_SYS	ITRF2020	2026.204095922
GEOC_POS	-5222939.067	-3101730.205	-1937949.207
GEOC_COV	+6.83335211E-05	+3.73494197E-05	+1.08756993E-05	+2.29815833E-05	+1.83928123E-05	+1.07905132E-05
GEOD_POS	-17.805935682	-149.295329094	11.714
GEOD_COV	+2.24624544E-15	+4.05175559E-16	+8.63468214E-05	-5.86562590E-17	-2.37234362E-11	+2.63433445E-11
UTM__06S	8029793.889	256692.769	11.714
UTM__COV	+4.96328142E-06	+2.52485373E-05	+8.63468214E-05	-6.88282455E-07	+2.91563894E-06	-2.51516860E-06
MERC_POS	-2001786.689	-16619480.013	11.714
MERC_COV	+4.96328142E-06	+2.52485373E-05	+8.63468214E-05	-6.88282455E-07	+2.91563894E-06	-2.51516860E-06
VERT_I95	0.019
HORI_I95	0.011
3D___I95	0.022

GEOD_SYS	ITRF1992	1993.000000000	(RGPF)
GEOC_POS	-5222937.665	-3101731.879	-1937950.286
GEOC_COV	+6.83340000E-05	+3.73490000E-05	+1.08760000E-05	+2.29820000E-05	+1.83930000E-05	+1.07910000E-05
GEOD_POS	-17.805945934	-149.295308769	11.710
GEOD_COV	+2.24619682E-15	+4.05183052E-16	+8.63476389E-05	-5.86874656E-17	-2.37244554E-11	+2.63412751E-11
UTM__06S	8029792.780	256694.938	11.710
UTM__COV	+4.96337321E-06	+2.52479879E-05	+8.63476389E-05	-6.88648599E-07	+2.91540990E-06	-2.51527651E-06
MERC_POS	-2001787.881	-16619477.750	11.710
MERC_COV	+4.96337321E-06	+2.52479879E-05	+8.63476389E-05	-6.88648599E-07	+2.91540990E-06	-2.51527651E-06
VERT_I95	0.019
HORI_I95	0.011
3D___I95	0.022

