SOFT_NAM	Gins
SOFT_VER	25.2
SOFT_TYP	IPPP

TIME_SYS	TAI

GEOD_SYS	ITRF2020	2023.946571188
GEOC_POS	-5764607.134	1550229.974	-2239204.057
GEOC_COV	+8.42586542E-05	+1.37111389E-05	+1.48025990E-05	-2.86025393E-05	+2.98472619E-05	-1.10417061E-05
GEOD_POS	-20.688586778	164.948005888	86.483
GEOD_COV	+3.79815194E-16	+3.03514135E-16	+1.04929222E-04	+2.01507914E-17	-7.31973010E-11	+2.11787757E-11
UTM__58S	7712315.821	494585.184	86.483
UTM__COV	+3.72038635E-06	+4.12278349E-06	+1.04929222E-04	+2.32437269E-07	+2.34479787E-06	-7.62612931E-06
MERC_POS	-2339695.589	18361928.023	86.483
MERC_COV	+3.72038635E-06	+4.12278349E-06	+1.04929222E-04	+2.32437269E-07	+2.34479787E-06	-7.62612931E-06
VERT_I95	0.020
HORI_I95	0.006
3D___I95	0.021

GEOD_SYS	ITRF1990	1989.000000000	(RGNC91-93)
GEOC_POS	-5764606.355	1550230.635	-2239205.626
GEOC_COV	+8.42590000E-05	+1.37110000E-05	+1.48030000E-05	-2.86030000E-05	+2.98470000E-05	-1.10420000E-05
GEOD_POS	-20.688601893	164.947997814	86.494
GEOD_COV	+3.79784008E-16	+3.03557927E-16	+1.04929633E-04	+2.01706913E-17	-7.32008605E-11	+2.11806438E-11
UTM__58S	7712314.148	494584.344	86.494
UTM__COV	+3.72092317E-06	+4.12244417E-06	+1.04929633E-04	+2.32666791E-07	+2.34500471E-06	-7.62649941E-06
MERC_POS	-2339697.377	18361927.124	86.494
MERC_COV	+3.72092317E-06	+4.12244417E-06	+1.04929633E-04	+2.32666791E-07	+2.34500471E-06	-7.62649941E-06
VERT_I95	0.020
HORI_I95	0.006
3D___I95	0.021

