SOFT_NAM	Gins
SOFT_VER	25.2
SOFT_TYP	IPPP

TIME_SYS	TAI

GEOD_SYS	ITRF2020	2023.949310915
GEOC_POS	-5764607.099	1550229.934	-2239204.033
GEOC_COV	+1.44253424E-04	+2.38724419E-05	+2.65508193E-05	-4.90855214E-05	+5.17362357E-05	-1.87233539E-05
GEOD_POS	-20.688586721	164.948006166	86.434
GEOD_COV	+6.79085325E-16	+5.76133654E-16	+1.80243336E-04	+7.94631491E-19	-1.25971617E-10	+2.90568368E-11
UTM__58S	7712315.827	494585.213	86.434
UTM__COV	+7.06207554E-06	+7.37127364E-06	+1.80243336E-04	+9.16599093E-09	+3.21701356E-06	-1.31244707E-05
MERC_POS	-2339695.582	18361928.054	86.434
MERC_COV	+7.06207554E-06	+7.37127364E-06	+1.80243336E-04	+9.16599093E-09	+3.21701356E-06	-1.31244707E-05
VERT_I95	0.027
HORI_I95	0.008
3D___I95	0.028

GEOD_SYS	ITRF1990	1989.000000000	(RGNC91-93)
GEOC_POS	-5764606.320	1550230.596	-2239205.603
GEOC_COV	+1.44253000E-04	+2.38720000E-05	+2.65510000E-05	-4.90860000E-05	+5.17360000E-05	-1.87230000E-05
GEOD_POS	-20.688601837	164.947998091	86.445
GEOD_COV	+6.79022421E-16	+5.76162033E-16	+1.80242987E-04	+7.59071858E-19	-1.25974136E-10	+2.90583287E-11
UTM__58S	7712314.154	494584.373	86.445
UTM__COV	+7.06242345E-06	+7.37058940E-06	+1.80242987E-04	+8.75581347E-09	+3.21717874E-06	-1.31247319E-05
MERC_POS	-2339697.370	18361927.155	86.445
MERC_COV	+7.06242345E-06	+7.37058940E-06	+1.80242987E-04	+8.75581347E-09	+3.21717874E-06	-1.31247319E-05
VERT_I95	0.027
HORI_I95	0.008
3D___I95	0.028

