SOFT_NAM	Gins
SOFT_VER	25.2
SOFT_TYP	IPPP

TIME_SYS	TAI

GEOD_SYS	ITRF2020	2023.943831462
GEOC_POS	-5764607.141	1550229.973	-2239204.075
GEOC_COV	+1.20899937E-04	+1.87900013E-05	+2.01082031E-05	-3.65125563E-05	+4.21475819E-05	-1.41852910E-05
GEOD_POS	-20.688586909	164.948005917	86.496
GEOD_COV	+6.78307963E-16	+3.89570797E-16	+1.47660062E-04	+4.01297667E-17	-6.30309007E-11	+3.41727519E-11
UTM__58S	7712315.807	494585.188	86.496
UTM__COV	+4.77524344E-06	+7.36283572E-06	+1.47660062E-04	+4.62892660E-07	+3.78341965E-06	-6.56693338E-06
MERC_POS	-2339695.604	18361928.026	86.496
MERC_COV	+4.77524344E-06	+7.36283572E-06	+1.47660062E-04	+4.62892660E-07	+3.78341965E-06	-6.56693338E-06
VERT_I95	0.024
HORI_I95	0.007
3D___I95	0.025

GEOD_SYS	ITRF1990	1989.000000000	(RGNC91-93)
GEOC_POS	-5764606.362	1550230.634	-2239205.644
GEOC_COV	+1.20900000E-04	+1.87900000E-05	+2.01080000E-05	-3.65130000E-05	+4.21480000E-05	-1.41850000E-05
GEOD_POS	-20.688602024	164.947997844	86.507
GEOD_COV	+6.78287721E-16	+3.89541618E-16	+1.47660500E-04	+4.00867973E-17	-6.30327096E-11	+3.41723170E-11
UTM__58S	7712314.134	494584.347	86.507
UTM__COV	+4.77488580E-06	+7.36261457E-06	+1.47660500E-04	+4.62396969E-07	+3.78337151E-06	-6.56712121E-06
MERC_POS	-2339697.392	18361927.127	86.507
MERC_COV	+4.77488580E-06	+7.36261457E-06	+1.47660500E-04	+4.62396969E-07	+3.78337151E-06	-6.56712121E-06
VERT_I95	0.024
HORI_I95	0.007
3D___I95	0.025

