SOFT_NAM	Gins
SOFT_VER	20.1.1
SOFT_TYP	PPP

TIME_SYS	TAI

GEOD_SYS	ITRF2014	2021.856150717
GEOC_POS	-5756645.478	1338370.882	-2390141.868
GEOC_COV	+1.15850729E-04	+2.54197111E-05	+2.22308043E-05	-2.16799234E-05	+4.85518236E-05	-9.62806029E-06
GEOD_POS	-22.153039560	166.911731706	66.726
GEOD_COV	+1.92599032E-15	+1.37680959E-16	+1.41319805E-04	-1.14917578E-16	+1.03085882E-11	-8.89845819E-12
UTM__58S	7548993.026	697144.491	66.726
UTM__COV	+1.68823151E-06	+2.04932083E-05	+1.41319805E-04	-1.31263340E-06	-9.85357495E-07	+1.06335216E-06
MERC_POS	-2513803.778	18580528.981	66.726
MERC_COV	+1.68823151E-06	+2.04932083E-05	+1.41319805E-04	-1.31263340E-06	-9.85357495E-07	+1.06335216E-06
VERT_I95	0.024
HORI_I95	0.009
3D___I95	0.026

GEOD_SYS	ITRF1990	1989.000000000	(RGNC91-93)
GEOC_POS	-5756644.758	1338371.451	-2390143.303
GEOC_COV	+1.15851000E-04	+2.54200000E-05	+2.22310000E-05	-2.16800000E-05	+4.85520000E-05	-9.62800000E-06
GEOD_POS	-22.153053512	166.911724755	66.736
GEOD_COV	+1.92601460E-15	+1.37689156E-16	+1.41320205E-04	-1.14928051E-16	+1.03084317E-11	-8.89882558E-12
UTM__58S	7548991.490	697143.754	66.736
UTM__COV	+1.68833203E-06	+2.04934627E-05	+1.41320205E-04	-1.31275291E-06	-9.85398180E-07	+1.06333592E-06
MERC_POS	-2513805.445	18580528.207	66.736
MERC_COV	+1.68833203E-06	+2.04934627E-05	+1.41320205E-04	-1.31275291E-06	-9.85398180E-07	+1.06333592E-06
VERT_I95	0.024
HORI_I95	0.009
3D___I95	0.026

GEOD_SYS	ITRF2005	2007.274000000	(RGTAAF)
GEOC_POS	-5756645.166	1338371.123	-2390142.496
GEOC_COV	+1.15851000E-04	+2.54200000E-05	+2.22310000E-05	-2.16800000E-05	+4.85520000E-05	-9.62800000E-06
GEOD_POS	-22.153045660	166.911728742	66.732
GEOD_COV	+1.92601438E-15	+1.37689173E-16	+1.41320205E-04	-1.14928009E-16	+1.03083541E-11	-8.89899890E-12
UTM__58S	7548992.354	697144.177	66.732
UTM__COV	+1.68833224E-06	+2.04934626E-05	+1.41320205E-04	-1.31275250E-06	-9.85417371E-07	+1.06332797E-06
MERC_POS	-2513804.507	18580528.651	66.732
MERC_COV	+1.68833224E-06	+2.04934626E-05	+1.41320205E-04	-1.31275250E-06	-9.85417371E-07	+1.06332797E-06
VERT_I95	0.024
HORI_I95	0.009
3D___I95	0.026

