SOFT_NAM	Gins
SOFT_VER	20.1.1
SOFT_TYP	PPP

TIME_SYS	TAI

GEOD_SYS	ITRF2014	2021.853410991
GEOC_POS	-5756645.477	1338370.884	-2390141.873
GEOC_COV	+7.94264042E-05	+2.25419529E-05	+1.54126875E-05	-1.56349497E-05	+3.30195556E-05	-6.62991798E-06
GEOD_POS	-22.153039600	166.911731689	66.727
GEOD_COV	+1.74447640E-15	+1.27824107E-16	+9.72518399E-05	-1.31683758E-16	-9.60119345E-12	-3.10135960E-12
UTM__58S	7548993.021	697144.489	66.727
UTM__COV	+1.56736768E-06	+1.85618369E-05	+9.72518399E-05	-1.50414325E-06	-3.43424429E-07	-9.90382932E-07
MERC_POS	-2513803.782	18580528.979	66.727
MERC_COV	+1.56736768E-06	+1.85618369E-05	+9.72518399E-05	-1.50414325E-06	-3.43424429E-07	-9.90382932E-07
VERT_I95	0.020
HORI_I95	0.009
3D___I95	0.022

GEOD_SYS	ITRF1990	1989.000000000	(RGNC91-93)
GEOC_POS	-5756644.757	1338371.452	-2390143.307
GEOC_COV	+7.94260000E-05	+2.25420000E-05	+1.54130000E-05	-1.56350000E-05	+3.30200000E-05	-6.63000000E-06
GEOD_POS	-22.153053550	166.911724738	66.738
GEOD_COV	+1.74447687E-15	+1.27816094E-16	+9.72518922E-05	-1.31690321E-16	-9.60232869E-12	-3.10618195E-12
UTM__58S	7548991.486	697143.753	66.738
UTM__COV	+1.56726944E-06	+1.85618383E-05	+9.72518922E-05	-1.50421807E-06	-3.43958426E-07	-9.90499939E-07
MERC_POS	-2513805.449	18580528.205	66.738
MERC_COV	+1.56726944E-06	+1.85618383E-05	+9.72518922E-05	-1.50421807E-06	-3.43958426E-07	-9.90499939E-07
VERT_I95	0.020
HORI_I95	0.009
3D___I95	0.022

GEOD_SYS	ITRF2005	2007.274000000	(RGTAAF)
GEOC_POS	-5756645.166	1338371.125	-2390142.500
GEOC_COV	+7.94260000E-05	+2.25420000E-05	+1.54130000E-05	-1.56350000E-05	+3.30200000E-05	-6.63000000E-06
GEOD_POS	-22.153045699	166.911728726	66.734
GEOD_COV	+1.74447670E-15	+1.27816095E-16	+9.72518920E-05	-1.31690261E-16	-9.60237924E-12	-3.10630148E-12
UTM__58S	7548992.350	697144.175	66.734
UTM__COV	+1.56726944E-06	+1.85618386E-05	+9.72518920E-05	-1.50421747E-06	-3.43971662E-07	-9.90505207E-07
MERC_POS	-2513804.511	18580528.649	66.734
MERC_COV	+1.56726944E-06	+1.85618386E-05	+9.72518920E-05	-1.50421747E-06	-3.43971662E-07	-9.90505207E-07
VERT_I95	0.020
HORI_I95	0.009
3D___I95	0.022

