SOFT_NAM	Gins
SOFT_VER	25.2
SOFT_TYP	IPPP

TIME_SYS	TAI

GEOD_SYS	ITRF2020	2025.352050641
GEOC_POS	-5210325.228	-3293061.687	-1634312.870
GEOC_COV	+1.01706224E-05	+3.47460006E-06	+1.48988408E-06	+4.99153367E-06	+2.83579765E-06	+1.56339219E-06
GEOD_POS	-14.945841111	-147.706043709	7.232
GEOD_COV	+7.58075587E-17	+5.13871040E-17	+1.36286550E-05	-3.40585015E-18	-8.38596233E-12	+7.10787642E-14
UTM__06S	8347543.551	424074.280	7.232
UTM__COV	+6.29134669E-07	+8.77316867E-07	+1.36286550E-05	-4.05407947E-08	+7.86474427E-09	-9.02141977E-07
MERC_POS	-1671945.695	-16442561.573	7.232
MERC_COV	+6.29134669E-07	+8.77316867E-07	+1.36286550E-05	-4.05407947E-08	+7.86474427E-09	-9.02141977E-07
VERT_I95	0.007
HORI_I95	0.002
3D___I95	0.008

GEOD_SYS	ITRF1992	1993.000000000	(RGPF)
GEOC_POS	-5210323.846	-3293063.333	-1634313.931
GEOC_COV	+1.01710000E-05	+3.47500000E-06	+1.49000000E-06	+4.99200000E-06	+2.83600000E-06	+1.56300000E-06
GEOD_POS	-14.945851056	-147.706023915	7.226
GEOD_COV	+7.58052291E-17	+5.14018829E-17	+1.36293946E-05	-3.36562299E-18	-8.38516830E-12	+7.29520830E-14
UTM__06S	8347542.457	424076.412	7.226
UTM__COV	+6.29315608E-07	+8.77289825E-07	+1.36293946E-05	-4.00619576E-08	+8.07202381E-09	-9.02056515E-07
MERC_POS	-1671946.834	-16442559.369	7.226
MERC_COV	+6.29315608E-07	+8.77289825E-07	+1.36293946E-05	-4.00619576E-08	+8.07202381E-09	-9.02056515E-07
VERT_I95	0.007
HORI_I95	0.002
3D___I95	0.008

