SOFT_NAM	Gins
SOFT_VER	25.2
SOFT_TYP	IPPP

TIME_SYS	TAI

GEOD_SYS	ITRF2020	2025.354790367
GEOC_POS	-5210325.210	-3293061.680	-1634312.859
GEOC_COV	+8.04977973E-06	+2.82415932E-06	+1.24480644E-06	+4.01994961E-06	+2.23403613E-06	+1.29273260E-06
GEOD_POS	-14.945841065	-147.706043675	7.211
GEOD_COV	+5.91679033E-17	+4.52833190E-17	+1.08795927E-05	-5.57599234E-18	-5.94415832E-12	-6.55800475E-14
UTM__06S	8347543.556	424074.283	7.211
UTM__COV	+5.54405746E-07	+6.84747011E-07	+1.08795927E-05	-6.63726087E-08	-7.25632061E-09	-6.39458480E-07
MERC_POS	-1671945.690	-16442561.569	7.211
MERC_COV	+5.54405746E-07	+6.84747011E-07	+1.08795927E-05	-6.63726087E-08	-7.25632061E-09	-6.39458480E-07
VERT_I95	0.007
HORI_I95	0.002
3D___I95	0.007

GEOD_SYS	ITRF1992	1993.000000000	(RGPF)
GEOC_POS	-5210323.828	-3293063.326	-1634313.921
GEOC_COV	+8.05000000E-06	+2.82400000E-06	+1.24500000E-06	+4.02000000E-06	+2.23400000E-06	+1.29300000E-06
GEOD_POS	-14.945851011	-147.706023880	7.205
GEOD_COV	+5.91596101E-17	+4.52943592E-17	+1.08798081E-05	-5.59916088E-18	-5.94494739E-12	-6.65260037E-14
UTM__06S	8347542.462	424076.416	7.205
UTM__COV	+5.54540912E-07	+6.84650970E-07	+1.08798081E-05	-6.66483872E-08	-7.36098905E-09	-6.39543336E-07
MERC_POS	-1671946.829	-16442559.365	7.205
MERC_COV	+5.54540912E-07	+6.84650970E-07	+1.08798081E-05	-6.66483872E-08	-7.36098905E-09	-6.39543336E-07
VERT_I95	0.007
HORI_I95	0.002
3D___I95	0.007

