SOFT_NAM	Gins
SOFT_VER	25.2
SOFT_TYP	IPPP

TIME_SYS	TAI

GEOD_SYS	ITRF2020	2025.357530093
GEOC_POS	-5210325.226	-3293061.688	-1634312.866
GEOC_COV	+4.85634663E-06	+1.85358131E-06	+7.47656397E-07	+2.50354673E-06	+1.34740283E-06	+7.94166164E-07
GEOD_POS	-14.945841080	-147.706043692	7.230
GEOD_COV	+3.88290523E-17	+2.73846583E-17	+6.67294614E-06	-2.16497534E-18	-2.64708525E-12	+1.66267643E-13
UTM__06S	8347543.554	424074.281	7.230
UTM__COV	+3.35271626E-07	+4.49366568E-07	+6.67294614E-06	-2.57703119E-08	+1.83972317E-08	-2.84767165E-07
MERC_POS	-1671945.691	-16442561.571	7.230
MERC_COV	+3.35271626E-07	+4.49366568E-07	+6.67294614E-06	-2.57703119E-08	+1.83972317E-08	-2.84767165E-07
VERT_I95	0.005
HORI_I95	0.002
3D___I95	0.005

GEOD_SYS	ITRF1992	1993.000000000	(RGPF)
GEOC_POS	-5210323.844	-3293063.334	-1634313.928
GEOC_COV	+4.85600000E-06	+1.85400000E-06	+7.48000000E-07	+2.50400000E-06	+1.34700000E-06	+7.94000000E-07
GEOD_POS	-14.945851027	-147.706023895	7.225
GEOD_COV	+3.88109984E-17	+2.74298596E-17	+6.67301738E-06	-2.15934412E-18	-2.64207433E-12	+1.69500527E-13
UTM__06S	8347542.461	424076.414	7.225
UTM__COV	+3.35825028E-07	+4.49157589E-07	+6.67301738E-06	-2.57032807E-08	+1.87549448E-08	-2.84228089E-07
MERC_POS	-1671946.830	-16442559.367	7.225
MERC_COV	+3.35825028E-07	+4.49157589E-07	+6.67301738E-06	-2.57032807E-08	+1.87549448E-08	-2.84228089E-07
VERT_I95	0.005
HORI_I95	0.002
3D___I95	0.005

