SOFT_NAM	Gins
SOFT_VER	22.2
SOFT_TYP	PPP

TIME_SYS	TAI

GEOD_SYS	ITRF2020	2023.842452087
GEOC_POS	-5038585.437	-3467922.133	-1801377.821
GEOC_COV	+3.33875993E-05	+2.17219112E-05	+5.01421440E-06	+1.83148159E-05	+1.14872792E-05	+8.07247063E-06
GEOD_POS	-16.514412526	-145.461414607	2.116
GEOD_COV	+7.33936975E-16	+5.99207035E-17	+5.10252947E-05	+1.51756525E-17	+1.01727438E-11	-3.59346372E-12
UTM__06S	8173534.990	664204.557	2.116
UTM__COV	+7.33821352E-07	+8.36460887E-06	+5.10252947E-05	+1.79286475E-07	-3.97667396E-07	+1.08600429E-06
MERC_POS	-1852232.955	-16192690.604	2.116
MERC_COV	+7.33821352E-07	+8.36460887E-06	+5.10252947E-05	+1.79286475E-07	-3.97667396E-07	+1.08600429E-06
VERT_I95	0.014
HORI_I95	0.006
3D___I95	0.016

GEOD_SYS	ITRF1992	1993.000000000	(RGPF)
GEOC_POS	-5038584.023	-3467923.645	-1801378.840
GEOC_COV	+3.33880000E-05	+2.17220000E-05	+5.01400000E-06	+1.83150000E-05	+1.14870000E-05	+8.07200000E-06
GEOD_POS	-16.514422150	-145.461395422	2.111
GEOD_COV	+7.33938481E-16	+5.99298320E-17	+5.10254417E-05	+1.51924334E-17	+1.01712875E-11	-3.58793049E-12
UTM__06S	8173533.909	664206.596	2.111
UTM__COV	+7.33933145E-07	+8.36462519E-06	+5.10254417E-05	+1.79484717E-07	-3.97055066E-07	+1.08584877E-06
MERC_POS	-1852234.066	-16192688.468	2.111
MERC_COV	+7.33933145E-07	+8.36462519E-06	+5.10254417E-05	+1.79484717E-07	-3.97055066E-07	+1.08584877E-06
VERT_I95	0.014
HORI_I95	0.006
3D___I95	0.016

