SOFT_NAM	Gins
SOFT_VER	20.1.1
SOFT_TYP	PPP

TIME_SYS	TAI

GEOD_SYS	ITRF2014	2022.047931539
GEOC_POS	-5741239.644	1387195.154	-2399269.691
GEOC_COV	+1.05295115E-05	+3.08723187E-06	+2.15579578E-06	-1.51797648E-06	+4.23912116E-06	-7.60196274E-07
GEOD_POS	-22.242082079	166.416564961	62.871
GEOD_COV	+2.63920412E-16	+3.12853961E-17	+1.25842496E-05	-9.25601798E-18	+4.07153327E-12	-3.10455104E-13
UTM__58S	7539694.384	645980.248	62.871
UTM__COV	+3.83626626E-07	+2.80466292E-06	+1.25842496E-05	-1.05660236E-07	-3.43781377E-08	+4.19722097E-07
MERC_POS	-2524447.877	18525407.271	62.871
MERC_COV	+3.83626626E-07	+2.80466292E-06	+1.25842496E-05	-1.05660236E-07	-3.43781377E-08	+4.19722097E-07
VERT_I95	0.007
HORI_I95	0.004
3D___I95	0.008

GEOD_SYS	ITRF1990	1989.000000000	(RGNC91-93)
GEOC_POS	-5741238.908	1387195.721	-2399271.143
GEOC_COV	+1.05300000E-05	+3.08700000E-06	+2.15600000E-06	-1.51800000E-06	+4.23900000E-06	-7.60000000E-07
GEOD_POS	-22.242096205	166.416557941	62.882
GEOD_COV	+2.63901382E-16	+3.13143962E-17	+1.25845576E-05	-9.26442305E-18	+4.07342940E-12	-3.08564610E-13
UTM__58S	7539692.827	645979.509	62.882
UTM__COV	+3.83982232E-07	+2.80446014E-06	+1.25845576E-05	-1.05756173E-07	-3.41687946E-08	+4.19917522E-07
MERC_POS	-2524449.567	18525406.490	62.882
MERC_COV	+3.83982232E-07	+2.80446014E-06	+1.25845576E-05	-1.05756173E-07	-3.41687946E-08	+4.19917522E-07
VERT_I95	0.007
HORI_I95	0.004
3D___I95	0.008

GEOD_SYS	ITRF2005	2007.274000000	(RGTAAF)
GEOC_POS	-5741239.323	1387195.396	-2399270.332
GEOC_COV	+1.05300000E-05	+3.08700000E-06	+2.15600000E-06	-1.51800000E-06	+4.23900000E-06	-7.60000000E-07
GEOD_POS	-22.242088302	166.416561946	62.877
GEOD_COV	+2.63901348E-16	+3.13143966E-17	+1.25845577E-05	-9.26442182E-18	+4.07342291E-12	-3.08579771E-13
UTM__58S	7539693.698	645979.930	62.877
UTM__COV	+3.83982236E-07	+2.80446009E-06	+1.25845577E-05	-1.05756164E-07	-3.41704734E-08	+4.19916876E-07
MERC_POS	-2524448.622	18525406.935	62.877
MERC_COV	+3.83982236E-07	+2.80446009E-06	+1.25845577E-05	-1.05756164E-07	-3.41704734E-08	+4.19916876E-07
VERT_I95	0.007
HORI_I95	0.004
3D___I95	0.008

