SOFT_NAM	Gins
SOFT_VER	20.1.1
SOFT_TYP	PPP

TIME_SYS	TAI

GEOD_SYS	ITRF2014	2022.050671265
GEOC_POS	-5741239.651	1387195.153	-2399269.692
GEOC_COV	+1.53684718E-05	+4.83179919E-06	+3.17338342E-06	-2.64350569E-06	+6.23734696E-06	-1.27511283E-06
GEOD_POS	-22.242082062	166.416564985	62.877
GEOD_COV	+3.95788739E-16	+4.50288477E-17	+1.86154854E-05	-1.65053728E-17	+1.30877428E-12	-4.27296327E-13
UTM__58S	7539694.386	645980.250	62.877
UTM__COV	+5.52151070E-07	+4.20601800E-06	+1.86154854E-05	-1.88413808E-07	-4.73165098E-08	+1.34917597E-07
MERC_POS	-2524447.875	18525407.274	62.877
MERC_COV	+5.52151070E-07	+4.20601800E-06	+1.86154854E-05	-1.88413808E-07	-4.73165098E-08	+1.34917597E-07
VERT_I95	0.009
HORI_I95	0.004
3D___I95	0.010

GEOD_SYS	ITRF1990	1989.000000000	(RGNC91-93)
GEOC_POS	-5741238.915	1387195.720	-2399271.144
GEOC_COV	+1.53680000E-05	+4.83200000E-06	+3.17300000E-06	-2.64400000E-06	+6.23700000E-06	-1.27500000E-06
GEOD_POS	-22.242096190	166.416557965	62.888
GEOD_COV	+3.95782985E-16	+4.50204026E-17	+1.86149965E-05	-1.65273461E-17	+1.30356681E-12	-4.24360552E-13
UTM__58S	7539692.829	645979.512	62.888
UTM__COV	+5.52047519E-07	+4.20595602E-06	+1.86149965E-05	-1.88664622E-07	-4.69914179E-08	+1.34380762E-07
MERC_POS	-2524449.565	18525406.492	62.888
MERC_COV	+5.52047519E-07	+4.20595602E-06	+1.86149965E-05	-1.88664622E-07	-4.69914179E-08	+1.34380762E-07
VERT_I95	0.009
HORI_I95	0.004
3D___I95	0.010

GEOD_SYS	ITRF2005	2007.274000000	(RGTAAF)
GEOC_POS	-5741239.330	1387195.395	-2399270.333
GEOC_COV	+1.53680000E-05	+4.83200000E-06	+3.17300000E-06	-2.64400000E-06	+6.23700000E-06	-1.27500000E-06
GEOD_POS	-22.242088286	166.416561969	62.884
GEOD_COV	+3.95782941E-16	+4.50204030E-17	+1.86149965E-05	-1.65273381E-17	+1.30355746E-12	-4.24383133E-13
UTM__58S	7539693.700	645979.933	62.884
UTM__COV	+5.52047522E-07	+4.20595602E-06	+1.86149965E-05	-1.88664541E-07	-4.69939183E-08	+1.34379805E-07
MERC_POS	-2524448.620	18525406.938	62.884
MERC_COV	+5.52047522E-07	+4.20595602E-06	+1.86149965E-05	-1.88664541E-07	-4.69939183E-08	+1.34379805E-07
VERT_I95	0.009
HORI_I95	0.004
3D___I95	0.010

