SOFT_NAM	Gins
SOFT_VER	25.2
SOFT_TYP	IPPP

TIME_SYS	TAI

GEOD_SYS	ITRF2020	2025.661639682
GEOC_POS	-5260372.529	-3053529.358	-1913245.588
GEOC_COV	+1.69215231E-05	+6.56459096E-06	+4.68752941E-06	+8.63971768E-06	+7.40947661E-06	+3.92367543E-06
GEOD_POS	-17.571663790	-149.865787204	8.445
GEOD_COV	+1.48408790E-16	+1.16411217E-16	+2.50752179E-05	+2.10338808E-17	-2.83202759E-12	-1.73627206E-11
UTM__06S	8054904.705	195791.810	8.445
UTM__COV	+1.42593386E-06	+1.67249171E-06	+2.50752179E-05	+2.47129084E-07	-1.92163125E-06	-3.00642002E-07
MERC_POS	-1974579.890	-16682983.119	8.445
MERC_COV	+1.42593386E-06	+1.67249171E-06	+2.50752179E-05	+2.47129084E-07	-1.92163125E-06	-3.00642002E-07
VERT_I95	0.010
HORI_I95	0.004
3D___I95	0.011

GEOD_SYS	ITRF1992	1993.000000000	(RGPF)
GEOC_POS	-5260371.170	-3053531.019	-1913246.653
GEOC_COV	+1.69220000E-05	+6.56500000E-06	+4.68800000E-06	+8.64000000E-06	+7.40900000E-06	+3.92400000E-06
GEOD_POS	-17.571673893	-149.865767250	8.441
GEOD_COV	+1.48424880E-16	+1.16463041E-16	+2.50757585E-05	+2.09945833E-17	-2.82962786E-12	-1.73602315E-11
UTM__06S	8054903.618	195793.946	8.441
UTM__COV	+1.42656866E-06	+1.67267285E-06	+2.50757585E-05	+2.46667360E-07	-1.92135577E-06	-3.00387235E-07
MERC_POS	-1974581.062	-16682980.898	8.441
MERC_COV	+1.42656866E-06	+1.67267285E-06	+2.50757585E-05	+2.46667360E-07	-1.92135577E-06	-3.00387235E-07
VERT_I95	0.010
HORI_I95	0.004
3D___I95	0.011

