SOFT_NAM	Gins
SOFT_VER	25.2
SOFT_TYP	IPPP

TIME_SYS	TAI

GEOD_SYS	ITRF2020	2025.664379408
GEOC_POS	-5260372.517	-3053529.339	-1913245.587
GEOC_COV	+2.18563632E-05	+7.32155593E-06	+5.32247066E-06	+1.07067140E-05	+8.95743007E-06	+4.64847567E-06
GEOD_POS	-17.571663836	-149.865787301	8.425
GEOD_COV	+1.49742219E-16	+1.25750611E-16	+3.12725379E-05	+1.29572684E-17	-1.03435258E-11	-1.68310466E-11
UTM__06S	8054904.700	195791.800	8.425
UTM__COV	+1.54033312E-06	+1.68751876E-06	+3.12725379E-05	+1.52236189E-07	-1.86278785E-06	-1.09804661E-06
MERC_POS	-1974579.895	-16682983.130	8.425
MERC_COV	+1.54033312E-06	+1.68751876E-06	+3.12725379E-05	+1.52236189E-07	-1.86278785E-06	-1.09804661E-06
VERT_I95	0.011
HORI_I95	0.004
3D___I95	0.012

GEOD_SYS	ITRF1992	1993.000000000	(RGPF)
GEOC_POS	-5260371.158	-3053531.000	-1913246.652
GEOC_COV	+2.18560000E-05	+7.32200000E-06	+5.32200000E-06	+1.07070000E-05	+8.95700000E-06	+4.64800000E-06
GEOD_POS	-17.571673939	-149.865767346	8.421
GEOD_COV	+1.49741608E-16	+1.25744998E-16	+3.12722239E-05	+1.29858193E-17	-1.03397518E-11	-1.68250329E-11
UTM__06S	8054903.613	195793.936	8.421
UTM__COV	+1.54026437E-06	+1.68751169E-06	+3.12722239E-05	+1.52571628E-07	-1.86212228E-06	-1.09764591E-06
MERC_POS	-1974581.067	-16682980.908	8.421
MERC_COV	+1.54026437E-06	+1.68751169E-06	+3.12722239E-05	+1.52571628E-07	-1.86212228E-06	-1.09764591E-06
VERT_I95	0.011
HORI_I95	0.004
3D___I95	0.012

