SOFT_NAM	Gins
SOFT_VER	25.2
SOFT_TYP	IPPP

TIME_SYS	TAI

GEOD_SYS	ITRF2020	2025.658899956
GEOC_POS	-5260372.508	-3053529.365	-1913245.587
GEOC_COV	+2.19965342E-05	+8.50506763E-06	+5.57480418E-06	+1.14488194E-05	+9.06889502E-06	+4.93182884E-06
GEOD_POS	-17.571663819	-149.865787044	8.431
GEOD_COV	+1.74245867E-16	+1.41052709E-16	+3.23849734E-05	+1.87102553E-17	-2.43253376E-12	-1.65263670E-11
UTM__06S	8054904.702	195791.827	8.431
UTM__COV	+1.72777021E-06	+1.96366244E-06	+3.23849734E-05	+2.19828584E-07	-1.82906723E-06	-2.58232589E-07
MERC_POS	-1974579.893	-16682983.101	8.431
MERC_COV	+1.72777021E-06	+1.96366244E-06	+3.23849734E-05	+2.19828584E-07	-1.82906723E-06	-2.58232589E-07
VERT_I95	0.011
HORI_I95	0.004
3D___I95	0.012

GEOD_SYS	ITRF1992	1993.000000000	(RGPF)
GEOC_POS	-5260371.149	-3053531.026	-1913246.651
GEOC_COV	+2.19970000E-05	+8.50500000E-06	+5.57500000E-06	+1.14490000E-05	+9.06900000E-06	+4.93200000E-06
GEOD_POS	-17.571673921	-149.865767092	8.427
GEOD_COV	+1.74237911E-16	+1.41062518E-16	+3.23855371E-05	+1.86989219E-17	-2.43363198E-12	-1.65268632E-11
UTM__06S	8054903.616	195793.963	8.427
UTM__COV	+1.72789037E-06	+1.96357256E-06	+3.23855371E-05	+2.19695414E-07	-1.82912215E-06	-2.58349159E-07
MERC_POS	-1974581.065	-16682980.880	8.427
MERC_COV	+1.72789037E-06	+1.96357256E-06	+3.23855371E-05	+2.19695414E-07	-1.82912215E-06	-2.58349159E-07
VERT_I95	0.011
HORI_I95	0.004
3D___I95	0.012

