SOFT_NAM	Gins
SOFT_VER	22.1
SOFT_TYP	PPP

TIME_SYS	TAI

GEOD_SYS	ITRF2020	2023.157520580
GEOC_POS	-4711777.021	-3819958.190	-1965104.997
GEOC_COV	+2.26934771E-05	+1.62281554E-05	+4.21990597E-06	+1.32428472E-05	+8.33834358E-06	+6.96197049E-06
GEOD_POS	-18.063866680	-140.967433366	-3.540
GEOD_COV	+5.20685634E-16	+4.82842288E-17	+3.67143200E-05	-2.39471554E-17	-3.34985323E-12	-2.37959692E-12
UTM__07S	8002748.169	503446.346	-3.540
UTM__COV	+5.91496109E-07	+5.83572241E-06	+3.67143200E-05	-2.80599404E-07	-2.63376301E-07	-3.54638021E-07
MERC_POS	-2031782.978	-15692422.901	-3.540
MERC_COV	+5.91496109E-07	+5.83572241E-06	+3.67143200E-05	-2.80599404E-07	-2.63376301E-07	-3.54638021E-07
VERT_I95	0.012
HORI_I95	0.005
3D___I95	0.013

GEOD_SYS	ITRF1992	1993.000000000	(RGPF)
GEOC_POS	-4711775.501	-3819959.556	-1965105.966
GEOC_COV	+2.26930000E-05	+1.62280000E-05	+4.22000000E-06	+1.32430000E-05	+8.33800000E-06	+6.96200000E-06
GEOD_POS	-18.063875898	-140.967414302	-3.544
GEOD_COV	+5.20647129E-16	+4.83015352E-17	+3.67140016E-05	-2.39615236E-17	-3.34754715E-12	-2.37851688E-12
UTM__07S	8002747.149	503448.363	-3.544
UTM__COV	+5.91708117E-07	+5.83529024E-06	+3.67140016E-05	-2.80767747E-07	-2.63256761E-07	-3.54393865E-07
MERC_POS	-2031784.051	-15692420.779	-3.544
MERC_COV	+5.91708117E-07	+5.83529024E-06	+3.67140016E-05	-2.80767747E-07	-2.63256761E-07	-3.54393865E-07
VERT_I95	0.012
HORI_I95	0.005
3D___I95	0.013

