SOFT_NAM	Gins
SOFT_VER	22.1
SOFT_TYP	PPP

TIME_SYS	TAI

GEOD_SYS	ITRF2020	2023.154780854
GEOC_POS	-4711777.020	-3819958.173	-1965104.992
GEOC_COV	+1.41429596E-05	+9.69940689E-06	+2.50015497E-06	+7.24159199E-06	+4.87149597E-06	+3.98355391E-06
GEOD_POS	-18.063866666	-140.967433489	-3.553
GEOD_COV	+3.90503175E-16	+3.43820984E-17	+2.15446626E-05	-2.00435828E-17	-5.99477079E-12	-7.35421978E-13
UTM__07S	8002748.171	503446.333	-3.553
UTM__COV	+4.21190891E-07	+4.37666794E-06	+2.15446626E-05	-2.34859517E-07	-8.13972814E-08	-6.34646803E-07
MERC_POS	-2031782.976	-15692422.914	-3.553
MERC_COV	+4.21190891E-07	+4.37666794E-06	+2.15446626E-05	-2.34859517E-07	-8.13972814E-08	-6.34646803E-07
VERT_I95	0.009
HORI_I95	0.004
3D___I95	0.010

GEOD_SYS	ITRF1992	1993.000000000	(RGPF)
GEOC_POS	-4711775.501	-3819959.539	-1965105.960
GEOC_COV	+1.41430000E-05	+9.69900000E-06	+2.50000000E-06	+7.24200000E-06	+4.87100000E-06	+3.98400000E-06
GEOD_POS	-18.063875883	-140.967414426	-3.557
GEOD_COV	+3.90447163E-16	+3.43777377E-17	+2.15448228E-05	-2.01005702E-17	-5.99409944E-12	-7.33520064E-13
UTM__07S	8002747.151	503448.350	-3.557
UTM__COV	+4.21137471E-07	+4.37603971E-06	+2.15448228E-05	-2.35527252E-07	-8.11867756E-08	-6.34575696E-07
MERC_POS	-2031784.049	-15692420.792	-3.557
MERC_COV	+4.21137471E-07	+4.37603971E-06	+2.15448228E-05	-2.35527252E-07	-8.11867756E-08	-6.34575696E-07
VERT_I95	0.009
HORI_I95	0.004
3D___I95	0.010

