SOFT_NAM	Gins
SOFT_VER	25.2
SOFT_TYP	IPPP

TIME_SYS	TAI

GEOD_SYS	ITRF2020	2024.995897497
GEOC_POS	-3950072.451	2522415.405	-4311637.199
GEOC_COV	+6.92203717E-07	+3.48045548E-07	+7.43735690E-07	-3.87943559E-07	+5.66286228E-07	-3.68915946E-07
GEOD_POS	-42.804702725	147.438737890	41.036
GEOD_COV	+1.43157603E-17	+1.31734173E-17	+1.52562453E-06	-3.32702871E-20	-1.14682903E-13	+4.35053111E-13
UTM__55S	5260778.932	535873.880	41.036
UTM__COV	+1.62571957E-07	+9.57884727E-08	+1.52562453E-06	-3.02328825E-10	+4.83298972E-08	-9.38097748E-09
MERC_POS	-5253249.614	16412805.225	41.036
MERC_COV	+1.62571957E-07	+9.57884727E-08	+1.52562453E-06	-3.02328825E-10	+4.83298972E-08	-9.38097748E-09
VERT_I95	0.002
HORI_I95	0.001
3D___I95	0.003

GEOD_SYS	ITRF2005	2007.274000000	(RGTAAF)
GEOC_POS	-3950071.751	2522415.271	-4311637.924
GEOC_COV	+6.92000000E-07	+3.48000000E-07	+7.44000000E-07	-3.88000000E-07	+5.66000000E-07	-3.69000000E-07
GEOD_POS	-42.804711558	147.438734669	41.044
GEOD_COV	+1.42944573E-17	+1.31967904E-17	+1.52549369E-06	-2.22531127E-20	-1.17406791E-13	+4.33525112E-13
UTM__55S	5260777.952	535873.611	41.044
UTM__COV	+1.62860403E-07	+9.56459048E-08	+1.52549369E-06	-2.02215162E-10	+4.81601524E-08	-9.60378817E-09
MERC_POS	-5253250.950	16412804.867	41.044
MERC_COV	+1.62860403E-07	+9.56459048E-08	+1.52549369E-06	-2.02215162E-10	+4.81601524E-08	-9.60378817E-09
VERT_I95	0.002
HORI_I95	0.001
3D___I95	0.003

