SOFT_NAM	Gins
SOFT_VER	25.2
SOFT_TYP	IPPP

TIME_SYS	TAI

GEOD_SYS	ITRF2020	2024.965842852
GEOC_POS	-3950072.451	2522415.404	-4311637.203
GEOC_COV	+3.29776717E-07	+1.63331312E-07	+3.47382284E-07	-1.81385475E-07	+2.64647738E-07	-1.69579695E-07
GEOD_POS	-42.804702752	147.438737898	41.038
GEOD_COV	+7.02264104E-18	+6.44815166E-18	+7.13924919E-07	-2.05395394E-20	-1.12948400E-14	+2.26489528E-13
UTM__55S	5260778.929	535873.880	41.038
UTM__COV	+7.95760593E-08	+4.69893352E-08	+7.13924919E-07	-1.86643860E-10	+2.51606421E-08	-9.23909640E-10
MERC_POS	-5253249.618	16412805.226	41.038
MERC_COV	+7.95760593E-08	+4.69893352E-08	+7.13924919E-07	-1.86643860E-10	+2.51606421E-08	-9.23909640E-10
VERT_I95	0.002
HORI_I95	0.001
3D___I95	0.002

GEOD_SYS	ITRF2005	2007.274000000	(RGTAAF)
GEOC_POS	-3950071.753	2522415.271	-4311637.927
GEOC_COV	+3.30000000E-07	+1.63000000E-07	+3.47000000E-07	-1.81000000E-07	+2.65000000E-07	-1.70000000E-07
GEOD_POS	-42.804711570	147.438734683	41.046
GEOD_COV	+7.04940067E-18	+6.37847453E-18	+7.14115446E-07	+2.36917434E-20	-8.95144223E-15	+2.26557223E-13
UTM__55S	5260777.951	535873.612	41.046
UTM__COV	+7.87161806E-08	+4.71683738E-08	+7.14115446E-07	+2.15288072E-10	+2.51681623E-08	-7.32221316E-10
MERC_POS	-5253250.951	16412804.868	41.046
MERC_COV	+7.87161806E-08	+4.71683738E-08	+7.14115446E-07	+2.15288072E-10	+2.51681623E-08	-7.32221316E-10
VERT_I95	0.002
HORI_I95	0.001
3D___I95	0.002

