SOFT_NAM	Gins
SOFT_VER	25.2
SOFT_TYP	IPPP

TIME_SYS	TAI

GEOD_SYS	ITRF2020	2024.974039573
GEOC_POS	-3950072.454	2522415.409	-4311637.208
GEOC_COV	+4.75829715E-07	+2.33739583E-07	+4.93524006E-07	-2.60105128E-07	+3.79456966E-07	-2.44713172E-07
GEOD_POS	-42.804702755	147.438737876	41.046
GEOD_COV	+1.01468323E-17	+9.05415364E-18	+1.02346313E-06	+1.92769489E-19	-1.32948186E-14	+3.53699396E-13
UTM__55S	5260778.928	535873.879	41.046
UTM__COV	+1.11736495E-07	+6.78936746E-08	+1.02346313E-06	+1.75170635E-09	+3.92923416E-08	-1.08750643E-09
MERC_POS	-5253249.619	16412805.224	41.046
MERC_COV	+1.11736495E-07	+6.78936746E-08	+1.02346313E-06	+1.75170635E-09	+3.92923416E-08	-1.08750643E-09
VERT_I95	0.002
HORI_I95	0.001
3D___I95	0.002

GEOD_SYS	ITRF2005	2007.274000000	(RGTAAF)
GEOC_POS	-3950071.756	2522415.275	-4311637.932
GEOC_COV	+4.76000000E-07	+2.34000000E-07	+4.94000000E-07	-2.60000000E-07	+3.79000000E-07	-2.45000000E-07
GEOD_POS	-42.804711577	147.438734659	41.054
GEOD_COV	+1.01961067E-17	+9.09734022E-18	+1.02350719E-06	+2.32394414E-19	-1.73155147E-14	+3.52176926E-13
UTM__55S	5260777.950	535873.610	41.054
UTM__COV	+1.12269458E-07	+6.82233563E-08	+1.02350719E-06	+2.11177981E-09	+3.91232111E-08	-1.41639622E-09
MERC_POS	-5253250.952	16412804.865	41.054
MERC_COV	+1.12269458E-07	+6.82233563E-08	+1.02350719E-06	+2.11177981E-09	+3.91232111E-08	-1.41639622E-09
VERT_I95	0.002
HORI_I95	0.001
3D___I95	0.002

