SOFT_NAM	Gins
SOFT_VER	25.2
SOFT_TYP	IPPP

TIME_SYS	TAI

GEOD_SYS	ITRF2020	2024.998629737
GEOC_POS	-3950072.452	2522415.406	-4311637.201
GEOC_COV	+5.97154253E-07	+2.83609769E-07	+6.07039294E-07	-3.23485440E-07	+4.75414445E-07	-2.98329450E-07
GEOD_POS	-42.804702726	147.438737894	41.038
GEOD_COV	+1.20999376E-17	+1.10559762E-17	+1.27040037E-06	+1.01454912E-19	+9.18987909E-14	+4.78279320E-13
UTM__55S	5260778.931	535873.880	41.038
UTM__COV	+1.36440807E-07	+8.09621368E-08	+1.27040037E-06	+9.21926050E-10	+5.31318815E-08	+7.51725380E-09
MERC_POS	-5253249.614	16412805.226	41.038
MERC_COV	+1.36440807E-07	+8.09621368E-08	+1.27040037E-06	+9.21926050E-10	+5.31318815E-08	+7.51725380E-09
VERT_I95	0.002
HORI_I95	0.001
3D___I95	0.002

GEOD_SYS	ITRF2005	2007.274000000	(RGTAAF)
GEOC_POS	-3950071.753	2522415.272	-4311637.926
GEOC_COV	+5.97000000E-07	+2.84000000E-07	+6.07000000E-07	-3.23000000E-07	+4.75000000E-07	-2.98000000E-07
GEOD_POS	-42.804711561	147.438734673	41.046
GEOD_COV	+1.22005090E-17	+1.10804629E-17	+1.26962195E-06	+9.38483844E-20	+9.19695029E-14	+4.76859321E-13
UTM__55S	5260777.952	535873.612	41.046
UTM__COV	+1.36742996E-07	+8.16350491E-08	+1.26962195E-06	+8.52805021E-10	+5.29741345E-08	+7.52303692E-09
MERC_POS	-5253250.950	16412804.867	41.046
MERC_COV	+1.36742996E-07	+8.16350491E-08	+1.26962195E-06	+8.52805021E-10	+5.29741345E-08	+7.52303692E-09
VERT_I95	0.002
HORI_I95	0.001
3D___I95	0.002

