SOFT_NAM	Gins
SOFT_VER	25.2
SOFT_TYP	IPPP

TIME_SYS	TAI

GEOD_SYS	ITRF2020	2024.982236295
GEOC_POS	-3950072.452	2522415.406	-4311637.202
GEOC_COV	+4.71896769E-07	+2.30322034E-07	+4.90395252E-07	-2.56598761E-07	+3.80063971E-07	-2.44162442E-07
GEOD_POS	-42.804702734	147.438737892	41.040
GEOD_COV	+1.00891692E-17	+8.63972411E-18	+1.01848415E-06	+2.21735391E-19	+4.40795640E-15	+3.36336830E-13
UTM__55S	5260778.931	535873.880	41.040
UTM__COV	+1.06622058E-07	+6.75078438E-08	+1.01848415E-06	+2.01492100E-09	+3.73635402E-08	+3.60567605E-10
MERC_POS	-5253249.616	16412805.225	41.040
MERC_COV	+1.06622058E-07	+6.75078438E-08	+1.01848415E-06	+2.01492100E-09	+3.73635402E-08	+3.60567605E-10
VERT_I95	0.002
HORI_I95	0.001
3D___I95	0.002

GEOD_SYS	ITRF2005	2007.274000000	(RGTAAF)
GEOC_POS	-3950071.754	2522415.272	-4311637.927
GEOC_COV	+4.72000000E-07	+2.30000000E-07	+4.90000000E-07	-2.57000000E-07	+3.80000000E-07	-2.44000000E-07
GEOD_POS	-42.804711561	147.438734674	41.047
GEOD_COV	+1.00050517E-17	+8.64677715E-18	+1.01834592E-06	+2.15264515E-19	+5.47598170E-15	+3.39753259E-13
UTM__55S	5260777.952	535873.612	41.047
UTM__COV	+1.06709099E-07	+6.69449846E-08	+1.01834592E-06	+1.95611955E-09	+3.77430702E-08	+4.47931230E-10
MERC_POS	-5253250.950	16412804.867	41.047
MERC_COV	+1.06709099E-07	+6.69449846E-08	+1.01834592E-06	+1.95611955E-09	+3.77430702E-08	+4.47931230E-10
VERT_I95	0.002
HORI_I95	0.001
3D___I95	0.002

