SOFT_NAM	Gins
SOFT_VER	25.2
SOFT_TYP	IPPP

TIME_SYS	TAI

GEOD_SYS	ITRF2020	2024.976771814
GEOC_POS	-3950072.449	2522415.405	-4311637.205
GEOC_COV	+5.94234965E-07	+2.96695576E-07	+6.18746370E-07	-3.33817171E-07	+4.75641897E-07	-3.13118732E-07
GEOD_POS	-42.804702771	147.438737882	41.039
GEOD_COV	+1.19619519E-17	+1.13229483E-17	+1.28990257E-06	+2.30061905E-19	-1.14726921E-13	+4.69891874E-13
UTM__55S	5260778.927	535873.879	41.039
UTM__COV	+1.39735486E-07	+8.00388578E-08	+1.28990257E-06	+2.09058447E-09	+5.22001231E-08	-9.38457811E-09
MERC_POS	-5253249.621	16412805.224	41.039
MERC_COV	+1.39735486E-07	+8.00388578E-08	+1.28990257E-06	+2.09058447E-09	+5.22001231E-08	-9.38457811E-09
VERT_I95	0.002
HORI_I95	0.001
3D___I95	0.002

GEOD_SYS	ITRF2005	2007.274000000	(RGTAAF)
GEOC_POS	-3950071.751	2522415.271	-4311637.929
GEOC_COV	+5.94000000E-07	+2.97000000E-07	+6.19000000E-07	-3.34000000E-07	+4.76000000E-07	-3.13000000E-07
GEOD_POS	-42.804711594	147.438734664	41.047
GEOD_COV	+1.19593129E-17	+1.13180505E-17	+1.29030378E-06	+1.82375132E-19	-1.15178361E-13	+4.68982360E-13
UTM__55S	5260777.948	535873.611	41.047
UTM__COV	+1.39675043E-07	+8.00211774E-08	+1.29030378E-06	+1.65725206E-09	+5.20990857E-08	-9.42150425E-09
MERC_POS	-5253250.955	16412804.866	41.047
MERC_COV	+1.39675043E-07	+8.00211774E-08	+1.29030378E-06	+1.65725206E-09	+5.20990857E-08	-9.42150425E-09
VERT_I95	0.002
HORI_I95	0.001
3D___I95	0.002

