SOFT_NAM	Gins
SOFT_VER	25.2
SOFT_TYP	IPPP

TIME_SYS	TAI

GEOD_SYS	ITRF2020	2024.993165256
GEOC_POS	-3950072.453	2522415.406	-4311637.199
GEOC_COV	+7.50079735E-07	+3.68601721E-07	+7.75650338E-07	-4.13078532E-07	+6.00849998E-07	-3.84679859E-07
GEOD_POS	-42.804702709	147.438737890	41.038
GEOD_COV	+1.55956012E-17	+1.41404581E-17	+1.61547363E-06	+1.26949186E-20	-1.35252132E-14	+5.79455947E-13
UTM__55S	5260778.933	535873.880	41.038
UTM__COV	+1.74506121E-07	+1.04352042E-07	+1.61547363E-06	+1.15359384E-10	+6.43715575E-08	-1.10635254E-09
MERC_POS	-5253249.612	16412805.225	41.038
MERC_COV	+1.74506121E-07	+1.04352042E-07	+1.61547363E-06	+1.15359384E-10	+6.43715575E-08	-1.10635254E-09
VERT_I95	0.003
HORI_I95	0.001
3D___I95	0.003

GEOD_SYS	ITRF2005	2007.274000000	(RGTAAF)
GEOC_POS	-3950071.754	2522415.273	-4311637.924
GEOC_COV	+7.50000000E-07	+3.69000000E-07	+7.76000000E-07	-4.13000000E-07	+6.01000000E-07	-3.85000000E-07
GEOD_POS	-42.804711541	147.438734670	41.045
GEOD_COV	+1.56450834E-17	+1.41311076E-17	+1.61592617E-06	+1.42188068E-20	-1.67436483E-14	+5.77626742E-13
UTM__55S	5260777.954	535873.611	41.045
UTM__COV	+1.74390728E-07	+1.04683104E-07	+1.61592617E-06	+1.29207017E-10	+6.41683519E-08	-1.36961798E-09
MERC_POS	-5253250.947	16412804.867	41.045
MERC_COV	+1.74390728E-07	+1.04683104E-07	+1.61592617E-06	+1.29207017E-10	+6.41683519E-08	-1.36961798E-09
VERT_I95	0.003
HORI_I95	0.001
3D___I95	0.003

