SOFT_NAM	Gins
SOFT_VER	25.2
SOFT_TYP	IPPP

TIME_SYS	TAI

GEOD_SYS	ITRF2020	2024.971307333
GEOC_POS	-3950072.451	2522415.405	-4311637.204
GEOC_COV	+4.07233718E-07	+2.04230187E-07	+4.26045499E-07	-2.27261593E-07	+3.29941019E-07	-2.14332778E-07
GEOD_POS	-42.804702759	147.438737890	41.040
GEOD_COV	+8.49759104E-18	+7.54606127E-18	+8.87525738E-07	-1.55267323E-20	-5.70698655E-14	+3.05806106E-13
UTM__55S	5260778.928	535873.880	41.040
UTM__COV	+9.31252630E-08	+5.68584030E-08	+8.87525738E-07	-1.41092222E-10	+3.39718928E-08	-4.66827320E-09
MERC_POS	-5253249.619	16412805.225	41.040
MERC_COV	+9.31252630E-08	+5.68584030E-08	+8.87525738E-07	-1.41092222E-10	+3.39718928E-08	-4.66827320E-09
VERT_I95	0.002
HORI_I95	0.001
3D___I95	0.002

GEOD_SYS	ITRF2005	2007.274000000	(RGTAAF)
GEOC_POS	-3950071.752	2522415.271	-4311637.928
GEOC_COV	+4.07000000E-07	+2.04000000E-07	+4.26000000E-07	-2.27000000E-07	+3.30000000E-07	-2.14000000E-07
GEOD_POS	-42.804711580	147.438734674	41.047
GEOD_COV	+8.49850653E-18	+7.53694639E-18	+8.87122710E-07	-3.26249750E-20	-5.35032310E-14	+3.03991293E-13
UTM__55S	5260777.950	535873.612	41.047
UTM__COV	+9.30127776E-08	+5.68645126E-08	+8.87122710E-07	-2.96464800E-10	+3.37702860E-08	-4.37652450E-09
MERC_POS	-5253250.953	16412804.867	41.047
MERC_COV	+9.30127776E-08	+5.68645126E-08	+8.87122710E-07	-2.96464800E-10	+3.37702860E-08	-4.37652450E-09
VERT_I95	0.002
HORI_I95	0.001
3D___I95	0.002

