SOFT_NAM	Gins
SOFT_VER	25.2
SOFT_TYP	IPPP

TIME_SYS	TAI

GEOD_SYS	ITRF2020	2024.987700775
GEOC_POS	-3950072.453	2522415.409	-4311637.205
GEOC_COV	+6.92800038E-07	+3.41953637E-07	+7.46195737E-07	-3.81858040E-07	+5.62406290E-07	-3.60650925E-07
GEOD_POS	-42.804702734	147.438737863	41.043
GEOD_COV	+1.45199481E-17	+1.36475796E-17	+1.51537114E-06	-8.79689618E-21	-2.39915683E-14	+3.98538597E-13
UTM__55S	5260778.931	535873.878	41.043
UTM__COV	+1.68423552E-07	+9.71547180E-08	+1.51537114E-06	-7.99378522E-11	+4.42735127E-08	-1.96249272E-09
MERC_POS	-5253249.616	16412805.222	41.043
MERC_COV	+1.68423552E-07	+9.71547180E-08	+1.51537114E-06	-7.99378522E-11	+4.42735127E-08	-1.96249272E-09
VERT_I95	0.002
HORI_I95	0.001
3D___I95	0.003

GEOD_SYS	ITRF2005	2007.274000000	(RGTAAF)
GEOC_POS	-3950071.754	2522415.276	-4311637.929
GEOC_COV	+6.93000000E-07	+3.42000000E-07	+7.46000000E-07	-3.82000000E-07	+5.62000000E-07	-3.61000000E-07
GEOD_POS	-42.804711563	147.438734643	41.051
GEOD_COV	+1.45142831E-17	+1.36621653E-17	+1.51527966E-06	+3.33563217E-20	-2.81619519E-14	+4.00801028E-13
UTM__55S	5260777.952	535873.609	41.051
UTM__COV	+1.68603554E-07	+9.71167855E-08	+1.51527966E-06	+3.03110585E-10	+4.45248455E-08	-2.30362672E-09
MERC_POS	-5253250.950	16412804.864	41.051
MERC_COV	+1.68603554E-07	+9.71167855E-08	+1.51527966E-06	+3.03110585E-10	+4.45248455E-08	-2.30362672E-09
VERT_I95	0.002
HORI_I95	0.001
3D___I95	0.003

