SOFT_NAM	Gins
SOFT_VER	25.2
SOFT_TYP	IPPP

TIME_SYS	TAI

GEOD_SYS	ITRF2020	2024.968575092
GEOC_POS	-3950072.450	2522415.403	-4311637.203
GEOC_COV	+5.43892186E-07	+2.78872448E-07	+5.92252384E-07	-3.08192974E-07	+4.44500315E-07	-2.91620170E-07
GEOD_POS	-42.804702760	147.438737906	41.037
GEOD_COV	+1.13647023E-17	+1.08218937E-17	+1.20542241E-06	-1.76630731E-19	-1.39059738E-13	+3.26877328E-13
UTM__55S	5260778.928	535873.881	41.037
UTM__COV	+1.33552016E-07	+7.60425889E-08	+1.20542241E-06	-1.60505262E-09	+3.63126875E-08	-1.13749847E-08
MERC_POS	-5253249.620	16412805.227	41.037
MERC_COV	+1.33552016E-07	+7.60425889E-08	+1.20542241E-06	-1.60505262E-09	+3.63126875E-08	-1.13749847E-08
VERT_I95	0.002
HORI_I95	0.001
3D___I95	0.002

GEOD_SYS	ITRF2005	2007.274000000	(RGTAAF)
GEOC_POS	-3950071.752	2522415.269	-4311637.927
GEOC_COV	+5.44000000E-07	+2.79000000E-07	+5.92000000E-07	-3.08000000E-07	+4.45000000E-07	-2.92000000E-07
GEOD_POS	-42.804711580	147.438734690	41.045
GEOD_COV	+1.14090779E-17	+1.07580422E-17	+1.20589648E-06	-1.67096164E-19	-1.38836636E-13	+3.27304181E-13
UTM__55S	5260777.950	535873.613	41.045
UTM__COV	+1.32764031E-07	+7.63394899E-08	+1.20589648E-06	-1.51841130E-09	+3.63601065E-08	-1.13567335E-08
MERC_POS	-5253250.953	16412804.869	41.045
MERC_COV	+1.32764031E-07	+7.63394899E-08	+1.20589648E-06	-1.51841130E-09	+3.63601065E-08	-1.13567335E-08
VERT_I95	0.002
HORI_I95	0.001
3D___I95	0.002

