SOFT_NAM	Gins
SOFT_VER	25.2
SOFT_TYP	IPPP

TIME_SYS	TAI

GEOD_SYS	ITRF2020	2024.960378371
GEOC_POS	-3950072.456	2522415.408	-4311637.204
GEOC_COV	+6.68658810E-07	+3.24285589E-07	+7.05908688E-07	-3.65964035E-07	+5.38392149E-07	-3.40663710E-07
GEOD_POS	-42.804702716	147.438737891	41.044
GEOD_COV	+1.37541749E-17	+1.30221479E-17	+1.44611709E-06	-4.49674489E-20	+4.22155227E-14	+4.36062359E-13
UTM__55S	5260778.933	535873.880	41.044
UTM__COV	+1.60705156E-07	+9.20308376E-08	+1.44611709E-06	-4.08621542E-10	+4.84420142E-08	+3.45319884E-09
MERC_POS	-5253249.613	16412805.225	41.044
MERC_COV	+1.60705156E-07	+9.20308376E-08	+1.44611709E-06	-4.08621542E-10	+4.84420142E-08	+3.45319884E-09
VERT_I95	0.002
HORI_I95	0.001
3D___I95	0.003

GEOD_SYS	ITRF2005	2007.274000000	(RGTAAF)
GEOC_POS	-3950071.758	2522415.275	-4311637.927
GEOC_COV	+6.69000000E-07	+3.24000000E-07	+7.06000000E-07	-3.66000000E-07	+5.38000000E-07	-3.41000000E-07
GEOD_POS	-42.804711532	147.438734677	41.052
GEOD_COV	+1.37337542E-17	+1.30454052E-17	+1.44611365E-06	+1.50856082E-20	+4.05229057E-14	+4.36620213E-13
UTM__55S	5260777.955	535873.612	41.052
UTM__COV	+1.60992173E-07	+9.18941744E-08	+1.44611365E-06	+1.37083686E-10	+4.85039862E-08	+3.31474355E-09
MERC_POS	-5253250.946	16412804.867	41.052
MERC_COV	+1.60992173E-07	+9.18941744E-08	+1.44611365E-06	+1.37083686E-10	+4.85039862E-08	+3.31474355E-09
VERT_I95	0.002
HORI_I95	0.001
3D___I95	0.003

