SOFT_NAM	Gins
SOFT_VER	25.2
SOFT_TYP	IPPP

TIME_SYS	TAI

GEOD_SYS	ITRF2020	2024.984968535
GEOC_POS	-3950072.449	2522415.407	-4311637.204
GEOC_COV	+7.31366452E-07	+3.63278764E-07	+7.57451533E-07	-4.09660528E-07	+5.90817790E-07	-3.82695015E-07
GEOD_POS	-42.804702761	147.438737862	41.040
GEOD_COV	+1.46838317E-17	+1.34450785E-17	+1.58792096E-06	-3.31026229E-20	-8.60623972E-14	+5.87200641E-13
UTM__55S	5260778.928	535873.877	41.040
UTM__COV	+1.65924504E-07	+9.82512827E-08	+1.58792096E-06	-3.00805252E-10	+6.52319128E-08	-7.03984106E-09
MERC_POS	-5253249.620	16412805.222	41.040
MERC_COV	+1.65924504E-07	+9.82512827E-08	+1.58792096E-06	-3.00805252E-10	+6.52319128E-08	-7.03984106E-09
VERT_I95	0.003
HORI_I95	0.001
3D___I95	0.003

GEOD_SYS	ITRF2005	2007.274000000	(RGTAAF)
GEOC_POS	-3950071.751	2522415.273	-4311637.929
GEOC_COV	+7.31000000E-07	+3.63000000E-07	+7.57000000E-07	-4.10000000E-07	+5.91000000E-07	-3.83000000E-07
GEOD_POS	-42.804711589	147.438734643	41.047
GEOD_COV	+1.45923510E-17	+1.33984787E-17	+1.58801143E-06	-3.39193809E-20	-8.90199147E-14	+5.88861547E-13
UTM__55S	5260777.949	535873.609	41.047
UTM__COV	+1.65349421E-07	+9.76391468E-08	+1.58801143E-06	-3.08227132E-10	+6.54164225E-08	-7.28176280E-09
MERC_POS	-5253250.954	16412804.864	41.047
MERC_COV	+1.65349421E-07	+9.76391468E-08	+1.58801143E-06	-3.08227132E-10	+6.54164225E-08	-7.28176280E-09
VERT_I95	0.003
HORI_I95	0.001
3D___I95	0.003

