SOFT_NAM	Gins
SOFT_VER	25.2
SOFT_TYP	IPPP

TIME_SYS	TAI

GEOD_SYS	ITRF2020	2024.990433016
GEOC_POS	-3950072.451	2522415.407	-4311637.201
GEOC_COV	+6.17235685E-07	+3.00780907E-07	+6.34803758E-07	-3.38317183E-07	+4.96444078E-07	-3.16439710E-07
GEOD_POS	-42.804702731	147.438737870	41.039
GEOD_COV	+1.27812342E-17	+1.12707128E-17	+1.32820872E-06	+5.21559374E-20	+1.50021179E-14	+4.81469923E-13
UTM__55S	5260778.931	535873.878	41.039
UTM__COV	+1.39090852E-07	+8.55207742E-08	+1.32820872E-06	+4.73943710E-10	+5.34863245E-08	+1.22716226E-09
MERC_POS	-5253249.615	16412805.223	41.039
MERC_COV	+1.39090852E-07	+8.55207742E-08	+1.32820872E-06	+4.73943710E-10	+5.34863245E-08	+1.22716226E-09
VERT_I95	0.002
HORI_I95	0.001
3D___I95	0.002

GEOD_SYS	ITRF2005	2007.274000000	(RGTAAF)
GEOC_POS	-3950071.752	2522415.274	-4311637.926
GEOC_COV	+6.17000000E-07	+3.01000000E-07	+6.35000000E-07	-3.38000000E-07	+4.96000000E-07	-3.16000000E-07
GEOD_POS	-42.804711561	147.438734650	41.047
GEOD_COV	+1.28372992E-17	+1.13139775E-17	+1.32747933E-06	+3.60838768E-20	+1.54424187E-14	+4.79254069E-13
UTM__55S	5260777.952	535873.610	41.047
UTM__COV	+1.39624779E-07	+8.58958877E-08	+1.32747933E-06	+3.27896016E-10	+5.32401662E-08	+1.26317836E-09
MERC_POS	-5253250.950	16412804.864	41.047
MERC_COV	+1.39624779E-07	+8.58958877E-08	+1.32747933E-06	+3.27896016E-10	+5.32401662E-08	+1.26317836E-09
VERT_I95	0.002
HORI_I95	0.001
3D___I95	0.002

