SOFT_NAM	Gins
SOFT_VER	25.2
SOFT_TYP	IPPP

TIME_SYS	TAI

GEOD_SYS	ITRF2020	2024.979504054
GEOC_POS	-3950072.452	2522415.408	-4311637.203
GEOC_COV	+7.62028242E-07	+3.66229578E-07	+8.14148585E-07	-4.17487972E-07	+6.22440299E-07	-3.94859836E-07
GEOD_POS	-42.804702739	147.438737870	41.041
GEOD_COV	+1.52631750E-17	+1.43483295E-17	+1.66320722E-06	+1.14280669E-19	+5.33541319E-14	+4.43330715E-13
UTM__55S	5260778.930	535873.878	41.041
UTM__COV	+1.77071443E-07	+1.02127738E-07	+1.66320722E-06	+1.03847437E-09	+4.92494533E-08	+4.36432892E-09
MERC_POS	-5253249.616	16412805.223	41.041
MERC_COV	+1.77071443E-07	+1.02127738E-07	+1.66320722E-06	+1.03847437E-09	+4.92494533E-08	+4.36432892E-09
VERT_I95	0.003
HORI_I95	0.001
3D___I95	0.003

GEOD_SYS	ITRF2005	2007.274000000	(RGTAAF)
GEOC_POS	-3950071.753	2522415.274	-4311637.928
GEOC_COV	+7.62000000E-07	+3.66000000E-07	+8.14000000E-07	-4.17000000E-07	+6.22000000E-07	-3.95000000E-07
GEOD_POS	-42.804711564	147.438734652	41.048
GEOD_COV	+1.53037456E-17	+1.43459352E-17	+1.66255893E-06	+1.65130984E-19	+5.30654608E-14	+4.41828205E-13
UTM__55S	5260777.952	535873.610	41.048
UTM__COV	+1.77041896E-07	+1.02399172E-07	+1.66255893E-06	+1.50055361E-09	+4.90825401E-08	+4.34071522E-09
MERC_POS	-5253250.951	16412804.865	41.048
MERC_COV	+1.77041896E-07	+1.02399172E-07	+1.66255893E-06	+1.50055361E-09	+4.90825401E-08	+4.34071522E-09
VERT_I95	0.003
HORI_I95	0.001
3D___I95	0.003

