SOFT_NAM	Gins
SOFT_VER	25.2
SOFT_TYP	IPPP

TIME_SYS	TAI

GEOD_SYS	ITRF2020	2024.963110611
GEOC_POS	-3950072.449	2522415.404	-4311637.202
GEOC_COV	+4.14643300E-07	+2.01175490E-07	+4.24054547E-07	-2.25915369E-07	+3.31229945E-07	-2.10538141E-07
GEOD_POS	-42.804702758	147.438737892	41.037
GEOD_COV	+8.67658917E-18	+7.65457866E-18	+8.87352770E-07	+6.75365780E-20	+2.29129140E-14	+3.29567990E-13
UTM__55S	5260778.928	535873.880	41.037
UTM__COV	+9.44644663E-08	+5.80561009E-08	+8.87352770E-07	+6.13708388E-10	+3.66115922E-08	+1.87425958E-09
MERC_POS	-5253249.619	16412805.225	41.037
MERC_COV	+9.44644663E-08	+5.80561009E-08	+8.87352770E-07	+6.13708388E-10	+3.66115922E-08	+1.87425958E-09
VERT_I95	0.002
HORI_I95	0.001
3D___I95	0.002

GEOD_SYS	ITRF2005	2007.274000000	(RGTAAF)
GEOC_POS	-3950071.751	2522415.270	-4311637.926
GEOC_COV	+4.15000000E-07	+2.01000000E-07	+4.24000000E-07	-2.26000000E-07	+3.31000000E-07	-2.11000000E-07
GEOD_POS	-42.804711574	147.438734677	41.045
GEOD_COV	+8.66192832E-18	+7.65822575E-18	+8.87532538E-07	+1.24346461E-19	+2.04976056E-14	+3.31029637E-13
UTM__55S	5260777.950	535873.612	41.045
UTM__COV	+9.45094752E-08	+5.79579871E-08	+8.87532538E-07	+1.12994259E-09	+3.67739661E-08	+1.67668889E-09
MERC_POS	-5253250.952	16412804.867	41.045
MERC_COV	+9.45094752E-08	+5.79579871E-08	+8.87532538E-07	+1.12994259E-09	+3.67739661E-08	+1.67668889E-09
VERT_I95	0.002
HORI_I95	0.001
3D___I95	0.002

