SOFT_NAM	Gins
SOFT_VER	25.2
SOFT_TYP	IPPP

TIME_SYS	TAI

GEOD_SYS	ITRF2020	2024.974039573
GEOC_POS	4331296.790	567556.236	4633134.166
GEOC_COV	+1.24675866E-06	+1.63667103E-07	+1.41201004E-06	+1.22678710E-07	+1.06301930E-06	+1.36796211E-07
GEOD_POS	46.877100426	007.465281905	956.347
GEOD_COV	+2.58640841E-17	+2.11606350E-17	+2.41050280E-06	+1.60771902E-18	-2.11912884E-13	+5.05823039E-14
UTM__32N	5192650.179	383055.793	956.347
UTM__COV	+2.61590612E-07	+1.50342395E-07	+2.41050280E-06	+1.36285314E-08	+5.62400030E-09	-1.61565840E-08
MERC_POS	5890835.060	831031.380	956.347
MERC_COV	+2.61590612E-07	+1.50342395E-07	+2.41050280E-06	+1.36285314E-08	+5.62400030E-09	-1.61565840E-08
VERT_I95	0.003
HORI_I95	0.001
3D___I95	0.003

GEOD_SYS	ETRF2000	2019.000000000	(RGF93_v2b)
GEOC_POS	4331297.333	567555.630	4633133.724
GEOC_COV	+1.24700000E-06	+1.64000000E-07	+1.41200000E-06	+1.23000000E-07	+1.06300000E-06	+1.37000000E-07
GEOD_POS	46.877094687	007.465273098	956.338
GEOD_COV	+2.59068404E-17	+2.11736974E-17	+2.41065695E-06	+1.59646773E-18	-2.07062239E-13	+4.90734971E-14
UTM__32N	5192649.554	383055.109	956.338
UTM__COV	+2.61752090E-07	+1.50590960E-07	+2.41065695E-06	+1.35331563E-08	+5.45624340E-09	-1.57867646E-08
MERC_POS	5890834.128	831030.400	956.338
MERC_COV	+2.61752090E-07	+1.50590960E-07	+2.41065695E-06	+1.35331563E-08	+5.45624340E-09	-1.57867646E-08
VERT_I95	0.003
HORI_I95	0.001
3D___I95	0.003

