SOFT_NAM	Gins
SOFT_VER	25.2
SOFT_TYP	IPPP

TIME_SYS	TAI

GEOD_SYS	ITRF2020	2024.998629737
GEOC_POS	4331296.787	567556.237	4633134.164
GEOC_COV	+3.79415721E-07	+4.88521675E-08	+3.99998524E-07	+3.55009773E-08	+3.13425833E-07	+3.87364436E-08
GEOD_POS	46.877100431	007.465281926	956.343
GEOD_COV	+7.79067296E-18	+6.13235771E-18	+7.07171866E-07	+5.26529875E-19	-9.64074112E-14	-1.09616501E-13
UTM__32N	5192650.179	383055.794	956.343
UTM__COV	+7.58090296E-08	+4.52855174E-08	+7.07171866E-07	+4.46336010E-09	-1.21877255E-08	-7.35025830E-09
MERC_POS	5890835.061	831031.383	956.343
MERC_COV	+7.58090296E-08	+4.52855174E-08	+7.07171866E-07	+4.46336010E-09	-1.21877255E-08	-7.35025830E-09
VERT_I95	0.002
HORI_I95	0.001
3D___I95	0.002

GEOD_SYS	ETRF2000	2019.000000000	(RGF93_v2b)
GEOC_POS	4331297.330	567555.630	4633133.721
GEOC_COV	+3.79000000E-07	+4.90000000E-08	+4.00000000E-07	+3.60000000E-08	+3.13000000E-07	+3.90000000E-08
GEOD_POS	46.877094688	007.465273112	956.335
GEOD_COV	+7.79234773E-18	+6.15176617E-18	+7.06655779E-07	+5.04295507E-19	-8.84010963E-14	-1.08134989E-13
UTM__32N	5192649.554	383055.110	956.335
UTM__COV	+7.60489592E-08	+4.52952621E-08	+7.06655779E-07	+4.27488122E-09	-1.20230033E-08	-6.73984450E-09
MERC_POS	5890834.129	831030.402	956.335
MERC_COV	+7.60489592E-08	+4.52952621E-08	+7.06655779E-07	+4.27488122E-09	-1.20230033E-08	-6.73984450E-09
VERT_I95	0.002
HORI_I95	0.001
3D___I95	0.002

