SOFT_NAM	Gins
SOFT_VER	25.2
SOFT_TYP	IPPP

TIME_SYS	TAI

GEOD_SYS	ITRF2020	2024.987700775
GEOC_POS	4331296.782	567556.236	4633134.163
GEOC_COV	+3.86005384E-07	+5.19931032E-08	+4.16955953E-07	+4.02962837E-08	+3.19170655E-07	+4.13323053E-08
GEOD_POS	46.877100454	007.465281928	956.340
GEOD_COV	+8.12848859E-18	+6.62101613E-18	+7.25855383E-07	+3.13196572E-19	-4.13536377E-14	-7.19285953E-14
UTM__32N	5192650.182	383055.795	956.340
UTM__COV	+8.18498905E-08	+4.72491674E-08	+7.25855383E-07	+2.65494732E-09	-7.99739059E-09	-3.15286880E-09
MERC_POS	5890835.065	831031.383	956.340
MERC_COV	+8.18498905E-08	+4.72491674E-08	+7.25855383E-07	+2.65494732E-09	-7.99739059E-09	-3.15286880E-09
VERT_I95	0.002
HORI_I95	0.001
3D___I95	0.002

GEOD_SYS	ETRF2000	2019.000000000	(RGF93_v2b)
GEOC_POS	4331297.326	567555.630	4633133.721
GEOC_COV	+3.86000000E-07	+5.20000000E-08	+4.17000000E-07	+4.00000000E-08	+3.19000000E-07	+4.10000000E-08
GEOD_POS	46.877094713	007.465273116	956.332
GEOD_COV	+8.14277006E-18	+6.63631145E-18	+7.25628835E-07	+3.12927881E-19	-4.68472858E-14	-7.12395148E-14
UTM__32N	5192649.557	383055.111	956.332
UTM__COV	+8.20389729E-08	+4.73321925E-08	+7.25628835E-07	+2.65266992E-09	-7.92077507E-09	-3.57171387E-09
MERC_POS	5890834.133	831030.402	956.332
MERC_COV	+8.20389729E-08	+4.73321925E-08	+7.25628835E-07	+2.65266992E-09	-7.92077507E-09	-3.57171387E-09
VERT_I95	0.002
HORI_I95	0.001
3D___I95	0.002

