SOFT_NAM	Gins
SOFT_VER	25.2
SOFT_TYP	IPPP

TIME_SYS	TAI

GEOD_SYS	ITRF2020	2024.995897497
GEOC_POS	4331296.786	567556.237	4633134.164
GEOC_COV	+3.57749173E-07	+4.67367436E-08	+3.89558494E-07	+3.51335203E-08	+2.97393840E-07	+3.82023421E-08
GEOD_POS	46.877100435	007.465281934	956.343
GEOD_COV	+7.38625689E-18	+6.10289651E-18	+6.75664851E-07	+4.65499696E-19	-6.21378438E-14	-5.08932958E-14
UTM__32N	5192650.180	383055.795	956.343
UTM__COV	+7.54448263E-08	+4.29347332E-08	+6.75664851E-07	+3.94601117E-09	-5.65857798E-09	-4.73749058E-09
MERC_POS	5890835.062	831031.383	956.343
MERC_COV	+7.54448263E-08	+4.29347332E-08	+6.75664851E-07	+3.94601117E-09	-5.65857798E-09	-4.73749058E-09
VERT_I95	0.002
HORI_I95	0.001
3D___I95	0.002

GEOD_SYS	ETRF2000	2019.000000000	(RGF93_v2b)
GEOC_POS	4331297.330	567555.631	4633133.721
GEOC_COV	+3.58000000E-07	+4.70000000E-08	+3.90000000E-07	+3.50000000E-08	+2.97000000E-07	+3.80000000E-08
GEOD_POS	46.877094692	007.465273121	956.335
GEOD_COV	+7.43742630E-18	+6.16256305E-18	+6.75585389E-07	+4.64417602E-19	-6.47101117E-14	-4.96382436E-14
UTM__32N	5192649.555	383055.111	956.335
UTM__COV	+7.61824317E-08	+4.32321792E-08	+6.75585389E-07	+3.93683874E-09	-5.51903482E-09	-4.93360500E-09
MERC_POS	5890834.129	831030.402	956.335
MERC_COV	+7.61824317E-08	+4.32321792E-08	+6.75585389E-07	+3.93683874E-09	-5.51903482E-09	-4.93360500E-09
VERT_I95	0.002
HORI_I95	0.001
3D___I95	0.002

