SOFT_NAM	Gins
SOFT_VER	25.2
SOFT_TYP	IPPP

TIME_SYS	TAI

GEOD_SYS	ITRF2020	2024.990433016
GEOC_POS	4331296.787	567556.237	4633134.162
GEOC_COV	+3.36647805E-07	+4.52145306E-08	+3.68232160E-07	+3.40179913E-08	+2.81224672E-07	+3.50064050E-08
GEOD_POS	46.877100420	007.465281923	956.342
GEOD_COV	+7.11697002E-18	+5.71692154E-18	+6.38051717E-07	+2.55005922E-19	-5.94126190E-14	-4.24104247E-14
UTM__32N	5192650.178	383055.794	956.342
UTM__COV	+7.06733518E-08	+4.13694262E-08	+6.38051717E-07	+2.16166890E-09	-4.71540881E-09	-4.52971499E-09
MERC_POS	5890835.059	831031.382	956.342
MERC_COV	+7.06733518E-08	+4.13694262E-08	+6.38051717E-07	+2.16166890E-09	-4.71540881E-09	-4.52971499E-09
VERT_I95	0.002
HORI_I95	0.001
3D___I95	0.002

GEOD_SYS	ETRF2000	2019.000000000	(RGF93_v2b)
GEOC_POS	4331297.330	567555.630	4633133.720
GEOC_COV	+3.37000000E-07	+4.50000000E-08	+3.68000000E-07	+3.40000000E-08	+2.81000000E-07	+3.50000000E-08
GEOD_POS	46.877094679	007.465273111	956.334
GEOD_COV	+7.08250486E-18	+5.74076064E-18	+6.37862850E-07	+2.64630150E-19	-6.00035640E-14	-4.48367211E-14
UTM__32N	5192649.553	383055.110	956.334
UTM__COV	+7.09680537E-08	+4.11690962E-08	+6.37862850E-07	+2.24325310E-09	-4.98517689E-09	-4.57477009E-09
MERC_POS	5890834.127	831030.401	956.334
MERC_COV	+7.09680537E-08	+4.11690962E-08	+6.37862850E-07	+2.24325310E-09	-4.98517689E-09	-4.57477009E-09
VERT_I95	0.002
HORI_I95	0.001
3D___I95	0.002

