SOFT_NAM	Gins
SOFT_VER	25.2
SOFT_TYP	IPPP

TIME_SYS	TAI

GEOD_SYS	ITRF2020	2024.960378371
GEOC_POS	4331296.787	567556.238	4633134.163
GEOC_COV	+4.01066919E-07	+5.35888117E-08	+4.48299941E-07	+4.23097899E-08	+3.40118012E-07	+4.30886291E-08
GEOD_POS	46.877100417	007.465281939	956.343
GEOD_COV	+8.35286350E-18	+6.77244984E-18	+7.70680326E-07	+2.16007505E-19	-4.88470172E-14	-1.25369640E-14
UTM__32N	5192650.178	383055.795	956.343
UTM__COV	+8.37219345E-08	+4.85534109E-08	+7.70680326E-07	+1.83108182E-09	-1.39392404E-09	-3.72417628E-09
MERC_POS	5890835.059	831031.384	956.343
MERC_COV	+8.37219345E-08	+4.85534109E-08	+7.70680326E-07	+1.83108182E-09	-1.39392404E-09	-3.72417628E-09
VERT_I95	0.002
HORI_I95	0.001
3D___I95	0.002

GEOD_SYS	ETRF2000	2019.000000000	(RGF93_v2b)
GEOC_POS	4331297.331	567555.632	4633133.721
GEOC_COV	+4.01000000E-07	+5.40000000E-08	+4.48000000E-07	+4.20000000E-08	+3.40000000E-07	+4.30000000E-08
GEOD_POS	46.877094680	007.465273135	956.335
GEOD_COV	+8.43594289E-18	+6.76551160E-18	+7.70327493E-07	+2.30627094E-19	-5.16720371E-14	-1.31843662E-14
UTM__32N	5192649.553	383055.112	956.335
UTM__COV	+8.36361626E-08	+4.90363440E-08	+7.70327493E-07	+1.95501134E-09	-1.46590554E-09	-3.93956082E-09
MERC_POS	5890834.127	831030.404	956.335
MERC_COV	+8.36361626E-08	+4.90363440E-08	+7.70327493E-07	+1.95501134E-09	-1.46590554E-09	-3.93956082E-09
VERT_I95	0.002
HORI_I95	0.001
3D___I95	0.002

