SOFT_NAM	Gins
SOFT_VER	25.2
SOFT_TYP	IPPP

TIME_SYS	TAI

GEOD_SYS	ITRF2020	2024.982236295
GEOC_POS	4331296.784	567556.239	4633134.165
GEOC_COV	+7.84109066E-07	+1.03943981E-07	+8.43177393E-07	+7.74683874E-08	+6.49461690E-07	+8.25373895E-08
GEOD_POS	46.877100456	007.465281957	956.342
GEOD_COV	+1.64234470E-17	+1.31814169E-17	+1.47281401E-06	+8.94297026E-19	-1.38834121E-13	-1.58520814E-13
UTM__32N	5192650.182	383055.797	956.342
UTM__COV	+1.62950446E-07	+9.54659884E-08	+1.47281401E-06	+7.58089873E-09	-1.76251581E-08	-1.05849399E-08
MERC_POS	5890835.065	831031.386	956.342
MERC_COV	+1.62950446E-07	+9.54659884E-08	+1.47281401E-06	+7.58089873E-09	-1.76251581E-08	-1.05849399E-08
VERT_I95	0.002
HORI_I95	0.001
3D___I95	0.003

GEOD_SYS	ETRF2000	2019.000000000	(RGF93_v2b)
GEOC_POS	4331297.327	567555.633	4633133.723
GEOC_COV	+7.84000000E-07	+1.04000000E-07	+8.43000000E-07	+7.70000000E-08	+6.49000000E-07	+8.30000000E-08
GEOD_POS	46.877094716	007.465273147	956.334
GEOD_COV	+1.64533616E-17	+1.31970307E-17	+1.47221664E-06	+9.73257532E-19	-1.37733736E-13	-1.58063052E-13
UTM__32N	5192649.557	383055.113	956.334
UTM__COV	+1.63143465E-07	+9.56398957E-08	+1.47221664E-06	+8.25024274E-09	-1.75742618E-08	-1.05010458E-08
MERC_POS	5890834.133	831030.405	956.334
MERC_COV	+1.63143465E-07	+9.56398957E-08	+1.47221664E-06	+8.25024274E-09	-1.75742618E-08	-1.05010458E-08
VERT_I95	0.002
HORI_I95	0.001
3D___I95	0.003

