SOFT_NAM	Gins
SOFT_VER	25.2
SOFT_TYP	IPPP

TIME_SYS	TAI

GEOD_SYS	ITRF2020	2024.984968535
GEOC_POS	4331296.781	567556.237	4633134.161
GEOC_COV	+3.38061844E-07	+4.51557978E-08	+3.62909179E-07	+3.51667239E-08	+2.80057823E-07	+3.57704301E-08
GEOD_POS	46.877100452	007.465281933	956.338
GEOD_COV	+7.06022610E-18	+5.67372018E-18	+6.34947944E-07	+2.49084629E-19	-4.24584696E-14	-7.32355058E-14
UTM__32N	5192650.182	383055.795	956.338
UTM__COV	+7.01392907E-08	+4.10395858E-08	+6.34947944E-07	+2.11147448E-09	-8.14269961E-09	-3.23710298E-09
MERC_POS	5890835.064	831031.383	956.338
MERC_COV	+7.01392907E-08	+4.10395858E-08	+6.34947944E-07	+2.11147448E-09	-8.14269961E-09	-3.23710298E-09
VERT_I95	0.002
HORI_I95	0.001
3D___I95	0.002

GEOD_SYS	ETRF2000	2019.000000000	(RGF93_v2b)
GEOC_POS	4331297.325	567555.630	4633133.719
GEOC_COV	+3.38000000E-07	+4.50000000E-08	+3.63000000E-07	+3.50000000E-08	+2.80000000E-07	+3.60000000E-08
GEOD_POS	46.877094711	007.465273122	956.329
GEOD_COV	+7.04108458E-18	+5.67478854E-18	+6.34919174E-07	+2.82958004E-19	-4.17594478E-14	-7.23338682E-14
UTM__32N	5192649.557	383055.111	956.329
UTM__COV	+7.01524976E-08	+4.09283288E-08	+6.34919174E-07	+2.39861716E-09	-8.04245089E-09	-3.18380876E-09
MERC_POS	5890834.132	831030.403	956.329
MERC_COV	+7.01524976E-08	+4.09283288E-08	+6.34919174E-07	+2.39861716E-09	-8.04245089E-09	-3.18380876E-09
VERT_I95	0.002
HORI_I95	0.001
3D___I95	0.002

