SOFT_NAM	Gins
SOFT_VER	25.2
SOFT_TYP	IPPP

TIME_SYS	TAI

GEOD_SYS	ITRF2020	2023.267119134
GEOC_POS	-4594703.419	-3297394.552	-2939096.412
GEOC_COV	+5.04750141E-06	+2.67883211E-06	+1.81292250E-06	+3.24227045E-06	+2.56629707E-06	+1.81173248E-06
GEOD_POS	-27.618351296	-144.334840784	-1.239
GEOD_COV	+4.23267306E-17	+3.37565873E-17	+8.71235320E-06	-1.59280339E-18	-8.69542458E-13	+4.22752429E-12
UTM__06S	6942236.489	763017.072	-1.239
UTM__COV	+4.14516988E-07	+4.12385830E-07	+8.71235320E-06	-1.74220227E-08	+4.68465930E-07	-8.58292461E-08
MERC_POS	-3181137.992	-16067280.980	-1.239
MERC_COV	+4.14516988E-07	+4.12385830E-07	+8.71235320E-06	-1.74220227E-08	+4.68465930E-07	-8.58292461E-08
VERT_I95	0.006
HORI_I95	0.002
3D___I95	0.006

GEOD_SYS	ITRF1992	1993.000000000	(RGPF)
GEOC_POS	-4594701.929	-3297395.819	-2939097.315
GEOC_COV	+5.04800000E-06	+2.67900000E-06	+1.81300000E-06	+3.24200000E-06	+2.56600000E-06	+1.81200000E-06
GEOD_POS	-27.618360494	-144.334821549	-1.239
GEOD_COV	+4.23818115E-17	+3.37695402E-17	+8.71240154E-06	-1.63476370E-18	-8.69917317E-13	+4.22816983E-12
UTM__06S	6942235.428	763018.949	-1.239
UTM__COV	+4.14676045E-07	+4.12922410E-07	+8.71240154E-06	-1.78809815E-08	+4.68537465E-07	-8.58662398E-08
MERC_POS	-3181139.142	-16067278.839	-1.239
MERC_COV	+4.14676045E-07	+4.12922410E-07	+8.71240154E-06	-1.78809815E-08	+4.68537465E-07	-8.58662398E-08
VERT_I95	0.006
HORI_I95	0.002
3D___I95	0.006

GEOD_SYS	ITRF2005	2007.274000000	(RGTAAF)
GEOC_POS	-4594702.638	-3297395.228	-2939096.882
GEOC_COV	+5.04800000E-06	+2.67900000E-06	+1.81300000E-06	+3.24200000E-06	+2.56600000E-06	+1.81200000E-06
GEOD_POS	-27.618356066	-144.334830603	-1.235
GEOD_COV	+4.23818053E-17	+3.37695345E-17	+8.71240164E-06	-1.63475701E-18	-8.69905176E-13	+4.22816413E-12
UTM__06S	6942235.938	763018.066	-1.235
UTM__COV	+4.14675975E-07	+4.12922383E-07	+8.71240164E-06	-1.78809091E-08	+4.68536833E-07	-8.58650449E-08
MERC_POS	-3181138.589	-16067279.846	-1.235
MERC_COV	+4.14675975E-07	+4.12922383E-07	+8.71240164E-06	-1.78809091E-08	+4.68536833E-07	-8.58650449E-08
VERT_I95	0.006
HORI_I95	0.002
3D___I95	0.006

