SOFT_NAM	Gins
SOFT_VER	25.2
SOFT_TYP	IPPP

TIME_SYS	TAI

GEOD_SYS	ITRF2020	2023.269858860
GEOC_POS	-4594703.424	-3297394.561	-2939096.414
GEOC_COV	+8.12729191E-06	+4.93864658E-06	+3.02599373E-06	+5.62257042E-06	+4.19011776E-06	+3.14761746E-06
GEOD_POS	-27.618351278	-144.334840740	-1.230
GEOD_COV	+7.14260647E-17	+5.94341185E-17	+1.46662075E-05	+3.01477557E-18	+3.13443277E-12	+7.67672321E-12
UTM__06S	6942236.491	763017.076	-1.230
UTM__COV	+7.29826497E-07	+6.95898234E-07	+1.46662075E-05	+3.29755003E-08	+8.50683056E-07	+3.09388000E-07
MERC_POS	-3181137.990	-16067280.975	-1.230
MERC_COV	+7.29826497E-07	+6.95898234E-07	+1.46662075E-05	+3.29755003E-08	+8.50683056E-07	+3.09388000E-07
VERT_I95	0.008
HORI_I95	0.002
3D___I95	0.008

GEOD_SYS	ITRF1992	1993.000000000	(RGPF)
GEOC_POS	-4594701.933	-3297395.828	-2939097.317
GEOC_COV	+8.12700000E-06	+4.93900000E-06	+3.02600000E-06	+5.62300000E-06	+4.19000000E-06	+3.14800000E-06
GEOD_POS	-27.618360477	-144.334821503	-1.230
GEOD_COV	+7.13980430E-17	+5.94318746E-17	+1.46665759E-05	+3.00280263E-18	+3.14015015E-12	+7.67730501E-12
UTM__06S	6942235.430	763018.953	-1.230
UTM__COV	+7.29798945E-07	+6.95625105E-07	+1.46665759E-05	+3.28445381E-08	+8.50747528E-07	+3.09952315E-07
MERC_POS	-3181139.140	-16067278.833	-1.230
MERC_COV	+7.29798945E-07	+6.95625105E-07	+1.46665759E-05	+3.28445381E-08	+8.50747528E-07	+3.09952315E-07
VERT_I95	0.008
HORI_I95	0.002
3D___I95	0.008

GEOD_SYS	ITRF2005	2007.274000000	(RGTAAF)
GEOC_POS	-4594702.642	-3297395.237	-2939096.884
GEOC_COV	+8.12700000E-06	+4.93900000E-06	+3.02600000E-06	+5.62300000E-06	+4.19000000E-06	+3.14800000E-06
GEOD_POS	-27.618356049	-144.334830557	-1.226
GEOD_COV	+7.13980466E-17	+5.94318635E-17	+1.46665760E-05	+3.00281144E-18	+3.14017049E-12	+7.67729504E-12
UTM__06S	6942235.940	763018.070	-1.226
UTM__COV	+7.29798808E-07	+6.95625197E-07	+1.46665760E-05	+3.28446358E-08	+8.50746423E-07	+3.09954335E-07
MERC_POS	-3181138.586	-16067279.841	-1.226
MERC_COV	+7.29798808E-07	+6.95625197E-07	+1.46665760E-05	+3.28446358E-08	+8.50746423E-07	+3.09954335E-07
VERT_I95	0.008
HORI_I95	0.002
3D___I95	0.008

