SOFT_NAM	Gins
SOFT_VER	25.2
SOFT_TYP	IPPP

TIME_SYS	TAI

GEOD_SYS	ITRF2020	2023.272598586
GEOC_POS	-4594703.451	-3297394.595	-2939096.464
GEOC_COV	+4.09205819E-04	+3.13365144E-04	+2.03242938E-04	+3.23496324E-04	+2.31716578E-04	+2.20467692E-04
GEOD_POS	-27.618351498	-144.334840616	-1.170
GEOD_COV	+4.05132620E-15	+3.75521309E-15	+8.40229693E-04	-1.10069572E-15	+7.28767791E-10	+1.48628017E-10
UTM__06S	6942236.466	763017.088	-1.170
UTM__COV	+4.61124710E-05	+3.94717363E-05	+8.40229693E-04	-1.20393681E-05	+1.64699617E-05	+7.19339120E-05
MERC_POS	-3181138.018	-16067280.961	-1.170
MERC_COV	+4.61124710E-05	+3.94717363E-05	+8.40229693E-04	-1.20393681E-05	+1.64699617E-05	+7.19339120E-05
VERT_I95	0.058
HORI_I95	0.019
3D___I95	0.061

GEOD_SYS	ITRF1992	1993.000000000	(RGPF)
GEOC_POS	-4594701.960	-3297395.863	-2939097.367
GEOC_COV	+4.09206000E-04	+3.13365000E-04	+2.03243000E-04	+3.23496000E-04	+2.31717000E-04	+2.20468000E-04
GEOD_POS	-27.618360698	-144.334821377	-1.169
GEOD_COV	+4.05135098E-15	+3.75517810E-15	+8.40229987E-04	-1.10070653E-15	+7.28763137E-10	+1.48625440E-10
UTM__06S	6942235.405	763018.965	-1.169
UTM__COV	+4.61120415E-05	+3.94719711E-05	+8.40229987E-04	-1.20394853E-05	+1.64696761E-05	+7.19334466E-05
MERC_POS	-3181139.167	-16067278.819	-1.169
MERC_COV	+4.61120415E-05	+3.94719711E-05	+8.40229987E-04	-1.20394853E-05	+1.64696761E-05	+7.19334466E-05
VERT_I95	0.058
HORI_I95	0.019
3D___I95	0.061

GEOD_SYS	ITRF2005	2007.274000000	(RGTAAF)
GEOC_POS	-4594702.669	-3297395.272	-2939096.934
GEOC_COV	+4.09206000E-04	+3.13365000E-04	+2.03243000E-04	+3.23496000E-04	+2.31717000E-04	+2.20468000E-04
GEOD_POS	-27.618356270	-144.334830431	-1.165
GEOD_COV	+4.05135253E-15	+3.75517804E-15	+8.40229970E-04	-1.10070674E-15	+7.28764246E-10	+1.48624854E-10
UTM__06S	6942235.916	763018.082	-1.165
UTM__COV	+4.61120407E-05	+3.94719895E-05	+8.40229970E-04	-1.20394881E-05	+1.64696112E-05	+7.19335590E-05
MERC_POS	-3181138.614	-16067279.827	-1.165
MERC_COV	+4.61120407E-05	+3.94719895E-05	+8.40229970E-04	-1.20394881E-05	+1.64696112E-05	+7.19335590E-05
VERT_I95	0.058
HORI_I95	0.019
3D___I95	0.061

