SOFT_NAM	Gins
SOFT_VER	25.2
SOFT_TYP	IPPP

TIME_SYS	TAI

GEOD_SYS	ITRF2020	2023.064379408
GEOC_POS	-4147754.005	-4152259.248	-2488718.334
GEOC_COV	+5.29254497E-06	+6.47994010E-06	+2.39801469E-06	+5.19356574E-06	+2.85630122E-06	+3.20496002E-06
GEOD_POS	-23.117771733	-134.968899884	-3.913
GEOD_COV	+6.59547125E-17	+5.22693497E-17	+1.28374025E-05	+5.53854809E-19	+6.21595745E-12	+1.53967112E-12
UTM__08S	7443442.503	503184.416	-3.913
UTM__COV	+6.41061919E-07	+6.92035336E-07	+1.28374025E-05	+6.28294983E-09	+1.70511787E-07	+6.36721115E-07
MERC_POS	-2629497.530	-15024669.208	-3.913
MERC_COV	+6.41061919E-07	+6.92035336E-07	+1.28374025E-05	+6.28294983E-09	+1.70511787E-07	+6.36721115E-07
VERT_I95	0.007
HORI_I95	0.002
3D___I95	0.008

GEOD_SYS	ITRF1992	1993.000000000	(RGPF)
GEOC_POS	-4147752.323	-4152260.393	-2488719.215
GEOC_COV	+5.29300000E-06	+6.48000000E-06	+2.39800000E-06	+5.19400000E-06	+2.85600000E-06	+3.20500000E-06
GEOD_POS	-23.117780390	-134.968880364	-3.916
GEOD_COV	+6.59378539E-17	+5.22879020E-17	+1.28378522E-05	+5.27436720E-19	+6.21506757E-12	+1.54314408E-12
UTM__08S	7443441.544	503186.414	-3.916
UTM__COV	+6.41289456E-07	+6.91858357E-07	+1.28378522E-05	+5.98326165E-09	+1.70896402E-07	+6.36629921E-07
MERC_POS	-2629498.572	-15024667.035	-3.916
MERC_COV	+6.41289456E-07	+6.91858357E-07	+1.28378522E-05	+5.98326165E-09	+1.70896402E-07	+6.36629921E-07
VERT_I95	0.007
HORI_I95	0.002
3D___I95	0.008

GEOD_SYS	ITRF2005	2007.274000000	(RGTAAF)
GEOC_POS	-4147753.127	-4152259.856	-2488718.790
GEOC_COV	+5.29300000E-06	+6.48000000E-06	+2.39800000E-06	+5.19400000E-06	+2.85600000E-06	+3.20500000E-06
GEOD_POS	-23.117776193	-134.968889628	-3.910
GEOD_COV	+6.59378678E-17	+5.22878998E-17	+1.28378520E-05	+5.27434549E-19	+6.21508512E-12	+1.54313563E-12
UTM__08S	7443442.009	503185.466	-3.910
UTM__COV	+6.41289430E-07	+6.91858547E-07	+1.28378520E-05	+5.98323722E-09	+1.70895466E-07	+6.36631739E-07
MERC_POS	-2629498.067	-15024668.066	-3.910
MERC_COV	+6.41289430E-07	+6.91858547E-07	+1.28378520E-05	+5.98323722E-09	+1.70895466E-07	+6.36631739E-07
VERT_I95	0.007
HORI_I95	0.002
3D___I95	0.008

