SOFT_NAM	Gins
SOFT_VER	25.2
SOFT_TYP	IPPP

TIME_SYS	TAI

GEOD_SYS	ITRF2020	2023.058899956
GEOC_POS	-4147754.003	-4152259.244	-2488718.334
GEOC_COV	+5.33948477E-06	+6.27212250E-06	+2.40814654E-06	+5.07208022E-06	+2.85190711E-06	+3.13387867E-06
GEOD_POS	-23.117771745	-134.968899895	-3.918
GEOD_COV	+6.98798505E-17	+5.35725110E-17	+1.26294890E-05	-2.95469334E-20	+4.89283785E-12	+1.18128771E-12
UTM__08S	7443442.502	503184.415	-3.918
UTM__COV	+6.57044652E-07	+7.33220174E-07	+1.26294890E-05	-3.35181526E-10	+1.30822404E-07	+5.01189591E-07
MERC_POS	-2629497.532	-15024669.209	-3.918
MERC_COV	+6.57044652E-07	+7.33220174E-07	+1.26294890E-05	-3.35181526E-10	+1.30822404E-07	+5.01189591E-07
VERT_I95	0.007
HORI_I95	0.002
3D___I95	0.007

GEOD_SYS	ITRF1992	1993.000000000	(RGPF)
GEOC_POS	-4147752.321	-4152260.389	-2488719.214
GEOC_COV	+5.33900000E-06	+6.27200000E-06	+2.40800000E-06	+5.07200000E-06	+2.85200000E-06	+3.13400000E-06
GEOD_POS	-23.117780400	-134.968880378	-3.920
GEOD_COV	+6.98585177E-17	+5.35486653E-17	+1.26292516E-05	-2.48942939E-20	+4.89450550E-12	+1.17958537E-12
UTM__08S	7443441.543	503186.413	-3.920
UTM__COV	+6.56752195E-07	+7.32996243E-07	+1.26292516E-05	-2.82401790E-10	+1.30633878E-07	+5.01360381E-07
MERC_POS	-2629498.573	-15024667.037	-3.920
MERC_COV	+6.56752195E-07	+7.32996243E-07	+1.26292516E-05	-2.82401790E-10	+1.30633878E-07	+5.01360381E-07
VERT_I95	0.007
HORI_I95	0.002
3D___I95	0.007

GEOD_SYS	ITRF2005	2007.274000000	(RGTAAF)
GEOC_POS	-4147753.125	-4152259.852	-2488718.789
GEOC_COV	+5.33900000E-06	+6.27200000E-06	+2.40800000E-06	+5.07200000E-06	+2.85200000E-06	+3.13400000E-06
GEOD_POS	-23.117776203	-134.968889641	-3.914
GEOD_COV	+6.98585274E-17	+5.35486637E-17	+1.26292514E-05	-2.48962451E-20	+4.89452269E-12	+1.17957716E-12
UTM__08S	7443442.008	503185.464	-3.914
UTM__COV	+6.56752176E-07	+7.32996392E-07	+1.26292514E-05	-2.82423933E-10	+1.30632969E-07	+5.01362158E-07
MERC_POS	-2629498.068	-15024668.068	-3.914
MERC_COV	+6.56752176E-07	+7.32996392E-07	+1.26292514E-05	-2.82423933E-10	+1.30632969E-07	+5.01362158E-07
VERT_I95	0.007
HORI_I95	0.002
3D___I95	0.007

