SOFT_NAM	Gins
SOFT_VER	22.1
SOFT_TYP	PPP

TIME_SYS	TAI

GEOD_SYS	ITRF2020	2023.335602771
GEOC_POS	-5811226.109	1388515.673	-2224811.914
GEOC_COV	+1.03809342E-05	+3.26316645E-06	+2.01023585E-06	-2.08426608E-06	+4.09618640E-06	-8.35570134E-07
GEOD_POS	-20.549765215	166.561880669	65.838
GEOD_COV	+2.48783623E-16	+2.96750682E-17	+1.25852468E-05	-1.89029309E-17	-1.77872419E-12	-1.93216133E-12
UTM__58S	7726900.632	662821.486	65.838
UTM__COV	+3.63734150E-07	+2.70535560E-06	+1.25852468E-05	-2.18236108E-07	-2.13914174E-07	-1.85485471E-07
MERC_POS	-2323281.263	18541583.742	65.838
MERC_COV	+3.63734150E-07	+2.70535560E-06	+1.25852468E-05	-2.18236108E-07	-2.13914174E-07	-1.85485471E-07
VERT_I95	0.007
HORI_I95	0.004
3D___I95	0.008

GEOD_SYS	ITRF1990	1989.000000000	(RGNC91-93)
GEOC_POS	-5811225.378	1388516.320	-2224813.438
GEOC_COV	+1.03810000E-05	+3.26300000E-06	+2.01000000E-06	-2.08400000E-06	+4.09600000E-06	-8.36000000E-07
GEOD_POS	-20.549779881	166.561873008	65.848
GEOD_COV	+2.48780572E-16	+2.96618815E-17	+1.25851056E-05	-1.88567134E-17	-1.77766279E-12	-1.93107761E-12
UTM__58S	7726899.016	662820.672	65.848
UTM__COV	+3.63572520E-07	+2.70532192E-06	+1.25851056E-05	-2.17702503E-07	-2.13794194E-07	-1.85374770E-07
MERC_POS	-2323282.996	18541582.889	65.848
MERC_COV	+3.63572520E-07	+2.70532192E-06	+1.25851056E-05	-2.17702503E-07	-2.13794194E-07	-1.85374770E-07
VERT_I95	0.007
HORI_I95	0.004
3D___I95	0.008

