SOFT_NAM	Gins
SOFT_VER	22.2
SOFT_TYP	PPP

TIME_SYS	TAI

GEOD_SYS	ITRF2020	2023.763000032
GEOC_POS	-5217093.750	-3115086.974	-1932287.780
GEOC_COV	+1.31720883E-05	+6.08126272E-06	+2.08579693E-06	+6.58344534E-06	+4.60768073E-06	+2.62643880E-06
GEOD_POS	-17.752228738	-149.158896060	7.996
GEOD_COV	+1.91095965E-16	+3.28506744E-17	+1.87874790E-05	+8.73912733E-18	-2.91830839E-13	+4.00984981E-13
UTM__06S	8035911.196	271092.155	7.996
UTM__COV	+4.02406219E-07	+2.14926278E-06	+1.87874790E-05	+1.02576356E-07	+4.43801027E-08	-3.09492539E-08
MERC_POS	-1995546.340	-16604292.357	7.996
MERC_COV	+4.02406219E-07	+2.14926278E-06	+1.87874790E-05	+1.02576356E-07	+4.43801027E-08	-3.09492539E-08
VERT_I95	0.009
HORI_I95	0.003
3D___I95	0.009

GEOD_SYS	ITRF1992	1993.000000000	(RGPF)
GEOC_POS	-5217092.433	-3115088.532	-1932288.804
GEOC_COV	+1.31720000E-05	+6.08100000E-06	+2.08600000E-06	+6.58300000E-06	+4.60800000E-06	+2.62600000E-06
GEOD_POS	-17.752238462	-149.158877074	7.992
GEOD_COV	+1.91111560E-16	+3.28593895E-17	+1.87870491E-05	+8.77550933E-18	-2.96020752E-13	+3.98738391E-13
UTM__06S	8035910.143	271094.181	7.992
UTM__COV	+4.02512975E-07	+2.14943794E-06	+1.87870491E-05	+1.03003387E-07	+4.41314553E-08	-3.13936010E-08
MERC_POS	-1995547.470	-16604290.243	7.992
MERC_COV	+4.02512975E-07	+2.14943794E-06	+1.87870491E-05	+1.03003387E-07	+4.41314553E-08	-3.13936010E-08
VERT_I95	0.009
HORI_I95	0.003
3D___I95	0.009

