SOFT_NAM	Gins
SOFT_VER	22.2
SOFT_TYP	PPP

TIME_SYS	TAI

GEOD_SYS	ITRF2020	2023.757520580
GEOC_POS	-5217093.757	-3115086.977	-1932287.788
GEOC_COV	+9.89720168E-06	+4.62880818E-06	+1.59408387E-06	+4.65571616E-06	+3.41884586E-06	+2.10853413E-06
GEOD_POS	-17.752228788	-149.158896072	8.005
GEOD_COV	+1.70256099E-16	+2.33248575E-17	+1.39194984E-05	-7.54887842E-18	-8.26255789E-13	-6.36341699E-13
UTM__06S	8035911.190	271092.154	8.005
UTM__COV	+2.85719180E-07	+1.91487611E-06	+1.39194984E-05	-8.86056936E-08	-7.04288474E-08	-8.76261068E-08
MERC_POS	-1995546.346	-16604292.358	8.005
MERC_COV	+2.85719180E-07	+1.91487611E-06	+1.39194984E-05	-8.86056936E-08	-7.04288474E-08	-8.76261068E-08
VERT_I95	0.007
HORI_I95	0.003
3D___I95	0.008

GEOD_SYS	ITRF1992	1993.000000000	(RGPF)
GEOC_POS	-5217092.440	-3115088.535	-1932288.812
GEOC_COV	+9.89700000E-06	+4.62900000E-06	+1.59400000E-06	+4.65600000E-06	+3.41900000E-06	+2.10900000E-06
GEOD_POS	-17.752238510	-149.158877090	8.001
GEOD_COV	+1.70241767E-16	+2.33021966E-17	+1.39198437E-05	-7.56691047E-18	-8.22603957E-13	-6.38433436E-13
UTM__06S	8035910.137	271094.179	8.001
UTM__COV	+2.85441594E-07	+1.91471471E-06	+1.39198437E-05	-8.88173417E-08	-7.06603561E-08	-8.72388178E-08
MERC_POS	-1995547.476	-16604290.245	8.001
MERC_COV	+2.85441594E-07	+1.91471471E-06	+1.39198437E-05	-8.88173417E-08	-7.06603561E-08	-8.72388178E-08
VERT_I95	0.007
HORI_I95	0.003
3D___I95	0.008

