SOFT_NAM	Gins
SOFT_VER	25.2
SOFT_TYP	IPPP

TIME_SYS	TAI

GEOD_SYS	ITRF2020	2023.179447901
GEOC_POS	-5741239.608	1387195.285	-2399269.659
GEOC_COV	+8.66082657E-03	+5.38539271E-03	+3.38125687E-04	+2.06869735E-03	+1.09764367E-03	-5.56732572E-04
GEOD_POS	-22.242081824	166.416563644	62.855
GEOD_COV	+6.12651069E-13	+4.32328013E-14	+7.34361920E-03	+1.08799770E-13	+2.21986425E-08	+1.50557814E-08
UTM__58S	7539694.414	645980.112	62.855
UTM__COV	+5.30127653E-04	+6.51059810E-03	+7.34361920E-03	+1.24198218E-03	+1.66719670E-03	+2.28839117E-03
MERC_POS	-2524447.847	18525407.124	62.855
MERC_COV	+5.30127653E-04	+6.51059810E-03	+7.34361920E-03	+1.24198218E-03	+1.66719670E-03	+2.28839117E-03
VERT_I95	0.171
HORI_I95	0.168
3D___I95	0.240

GEOD_SYS	ITRF1990	1989.000000000	(RGNC91-93)
GEOC_POS	-5741238.847	1387195.888	-2399271.151
GEOC_COV	+8.66082700E-03	+5.38539300E-03	+3.38126000E-04	+2.06869700E-03	+1.09764400E-03	-5.56733000E-04
GEOD_POS	-22.242096334	166.416556226	62.866
GEOD_COV	+6.12651269E-13	+4.32328647E-14	+7.34361865E-03	+1.08799841E-13	+2.21986397E-08	+1.50557927E-08
UTM__58S	7539692.814	645979.333	62.866
UTM__COV	+5.30128434E-04	+6.51059891E-03	+7.34361865E-03	+1.24198287E-03	+1.66719795E-03	+2.28839065E-03
MERC_POS	-2524449.582	18525406.299	62.866
MERC_COV	+5.30128434E-04	+6.51059891E-03	+7.34361865E-03	+1.24198287E-03	+1.66719795E-03	+2.28839065E-03
VERT_I95	0.171
HORI_I95	0.168
3D___I95	0.240

GEOD_SYS	ITRF2005	2007.274000000	(RGTAAF)
GEOC_POS	-5741239.262	1387195.553	-2399270.342
GEOC_COV	+8.66082700E-03	+5.38539300E-03	+3.38126000E-04	+2.06869700E-03	+1.09764400E-03	-5.56733000E-04
GEOD_POS	-22.242088464	166.416560331	62.860
GEOD_COV	+6.12651167E-13	+4.32328330E-14	+7.34361941E-03	+1.08799813E-13	+2.21986392E-08	+1.50557856E-08
UTM__58S	7539693.682	645979.764	62.860
UTM__COV	+5.30128043E-04	+6.51059854E-03	+7.34361941E-03	+1.24198261E-03	+1.66719717E-03	+2.28839072E-03
MERC_POS	-2524448.641	18525406.756	62.860
MERC_COV	+5.30128043E-04	+6.51059854E-03	+7.34361941E-03	+1.24198261E-03	+1.66719717E-03	+2.28839072E-03
VERT_I95	0.171
HORI_I95	0.168
3D___I95	0.240

