SOFT_NAM	Gins
SOFT_VER	22.2
SOFT_TYP	PPP

TIME_SYS	TAI

GEOD_SYS	ITRF2020	2023.812315100
GEOC_POS	-5758161.301	1363355.836	-2372413.824
GEOC_COV	+4.59022087E-05	+1.29906168E-05	+8.76233619E-06	-1.13883739E-05	+1.89674283E-05	-5.11322164E-06
GEOD_POS	-21.980298985	166.679418527	63.366
GEOD_COV	+9.02955399E-16	+6.57263615E-17	+5.72181378E-05	-4.25527762E-17	-2.73398912E-11	-6.96989276E-13
UTM__58S	7568402.341	673392.928	63.366
UTM__COV	+8.05895857E-07	+9.63112808E-06	+5.72181378E-05	-4.86634612E-07	-7.71783984E-08	-2.82359375E-06
MERC_POS	-2493173.842	18554667.996	63.366
MERC_COV	+8.05895857E-07	+9.63112808E-06	+5.72181378E-05	-4.86634612E-07	-7.71783984E-08	-2.82359375E-06
VERT_I95	0.015
HORI_I95	0.006
3D___I95	0.016

GEOD_SYS	ITRF1990	1989.000000000	(RGNC91-93)
GEOC_POS	-5758160.536	1363356.443	-2372415.352
GEOC_COV	+4.59020000E-05	+1.29910000E-05	+8.76200000E-06	-1.13880000E-05	+1.89670000E-05	-5.11300000E-06
GEOD_POS	-21.980313825	166.679411102	63.377
GEOD_COV	+9.03004217E-16	+6.57253272E-17	+5.72174700E-05	-4.25557748E-17	-2.73376040E-11	-6.93842072E-13
UTM__58S	7568400.706	673392.143	63.377
UTM__COV	+8.05883181E-07	+9.63164681E-06	+5.72174700E-05	-4.86668856E-07	-7.68299053E-08	-2.82335724E-06
MERC_POS	-2493175.613	18554667.170	63.377
MERC_COV	+8.05883181E-07	+9.63164681E-06	+5.72174700E-05	-4.86668856E-07	-7.68299053E-08	-2.82335724E-06
VERT_I95	0.015
HORI_I95	0.006
3D___I95	0.016

GEOD_SYS	ITRF2005	2007.274000000	(RGTAAF)
GEOC_POS	-5758160.946	1363356.111	-2372414.538
GEOC_COV	+4.59020000E-05	+1.29910000E-05	+8.76200000E-06	-1.13880000E-05	+1.89670000E-05	-5.11300000E-06
GEOD_POS	-21.980305920	166.679415141	63.371
GEOD_COV	+9.03004156E-16	+6.57253271E-17	+5.72174696E-05	-4.25557177E-17	-2.73376332E-11	-6.93913323E-13
UTM__58S	7568401.577	673392.570	63.371
UTM__COV	+8.05883177E-07	+9.63164721E-06	+5.72174696E-05	-4.86668229E-07	-7.68377949E-08	-2.82336041E-06
MERC_POS	-2493174.670	18554667.619	63.371
MERC_COV	+8.05883177E-07	+9.63164721E-06	+5.72174696E-05	-4.86668229E-07	-7.68377949E-08	-2.82336041E-06
VERT_I95	0.015
HORI_I95	0.006
3D___I95	0.016

