SOFT_NAM	Gins
SOFT_VER	22.2
SOFT_TYP	PPP

TIME_SYS	TAI

GEOD_SYS	ITRF2020	2023.809575374
GEOC_POS	-5758161.302	1363355.832	-2372413.824
GEOC_COV	+4.60106000E-05	+1.07361114E-05	+8.88717252E-06	-1.08773386E-05	+1.92596858E-05	-5.20809047E-06
GEOD_POS	-21.980298984	166.679418568	63.365
GEOD_COV	+7.24830116E-16	+5.43303882E-17	+5.72365152E-05	-8.23877676E-18	-1.85724022E-11	-3.85077296E-12
UTM__58S	7568402.341	673392.932	63.365
UTM__COV	+6.66165504E-07	+7.73120321E-06	+5.72365152E-05	-9.42188569E-08	-4.26400377E-07	-1.91811000E-06
MERC_POS	-2493173.842	18554668.001	63.365
MERC_COV	+6.66165504E-07	+7.73120321E-06	+5.72365152E-05	-9.42188569E-08	-4.26400377E-07	-1.91811000E-06
VERT_I95	0.015
HORI_I95	0.006
3D___I95	0.016

GEOD_SYS	ITRF1990	1989.000000000	(RGNC91-93)
GEOC_POS	-5758160.536	1363356.439	-2372415.351
GEOC_COV	+4.60110000E-05	+1.07360000E-05	+8.88700000E-06	-1.08770000E-05	+1.92600000E-05	-5.20800000E-06
GEOD_POS	-21.980313823	166.679411144	63.376
GEOD_COV	+7.24836560E-16	+5.43046647E-17	+5.72368795E-05	-8.23820746E-18	-1.85680181E-11	-3.85125852E-12
UTM__58S	7568400.706	673392.147	63.376
UTM__COV	+6.65850104E-07	+7.73127036E-06	+5.72368795E-05	-9.42123371E-08	-4.26454145E-07	-1.91765703E-06
MERC_POS	-2493175.613	18554667.174	63.376
MERC_COV	+6.65850104E-07	+7.73127036E-06	+5.72368795E-05	-9.42123371E-08	-4.26454145E-07	-1.91765703E-06
VERT_I95	0.015
HORI_I95	0.006
3D___I95	0.016

GEOD_SYS	ITRF2005	2007.274000000	(RGTAAF)
GEOC_POS	-5758160.946	1363356.107	-2372414.537
GEOC_COV	+4.60110000E-05	+1.07360000E-05	+8.88700000E-06	-1.08770000E-05	+1.92600000E-05	-5.20800000E-06
GEOD_POS	-21.980305918	166.679415183	63.370
GEOD_COV	+7.24836505E-16	+5.43046741E-17	+5.72368792E-05	-8.23816516E-18	-1.85680484E-11	-3.85132953E-12
UTM__58S	7568401.577	673392.574	63.370
UTM__COV	+6.65850216E-07	+7.73127062E-06	+5.72368792E-05	-9.42118583E-08	-4.26462007E-07	-1.91766026E-06
MERC_POS	-2493174.669	18554667.624	63.370
MERC_COV	+6.65850216E-07	+7.73127062E-06	+5.72368792E-05	-9.42118583E-08	-4.26462007E-07	-1.91766026E-06
VERT_I95	0.015
HORI_I95	0.006
3D___I95	0.016

