SOFT_NAM	Gins
SOFT_VER	25.2
SOFT_TYP	IPPP

TIME_SYS	TAI

GEOD_SYS	ITRF2020	2023.168488997
GEOC_POS	-4713789.671	-3817132.598	-1965764.363
GEOC_COV	+4.43437007E-06	+3.15335809E-06	+1.11285195E-06	+3.21981180E-06	+1.68771323E-06	+1.37603340E-06
GEOD_POS	-18.070132893	-141.000139581	-3.508
GEOD_COV	+4.56184313E-17	+3.28462056E-17	+7.78695941E-06	+5.46813772E-19	+4.06946905E-13	+1.72529039E-16
UTM__07S	8002055.199	499985.229	-3.508
UTM__COV	+4.02376276E-07	+5.11244420E-07	+7.78695941E-06	+6.40703565E-09	+1.90957088E-11	+4.30806122E-08
MERC_POS	-2032512.264	-15696063.740	-3.508
MERC_COV	+4.02376276E-07	+5.11244420E-07	+7.78695941E-06	+6.40703565E-09	+1.90957088E-11	+4.30806122E-08
VERT_I95	0.006
HORI_I95	0.002
3D___I95	0.006

GEOD_SYS	ITRF1992	1993.000000000	(RGPF)
GEOC_POS	-4713788.167	-3817133.956	-1965765.311
GEOC_COV	+4.43400000E-06	+3.15300000E-06	+1.11300000E-06	+3.22000000E-06	+1.68800000E-06	+1.37600000E-06
GEOD_POS	-18.070141919	-141.000120669	-3.512
GEOD_COV	+4.55696315E-17	+3.28459878E-17	+7.78692892E-06	+5.64755314E-19	+4.06724525E-13	-2.16691516E-15
UTM__07S	8002054.200	499987.231	-3.512
UTM__COV	+4.02373608E-07	+5.10697469E-07	+7.78692892E-06	+6.61725697E-09	-2.39836616E-10	+4.30570682E-08
MERC_POS	-2032513.315	-15696061.635	-3.512
MERC_COV	+4.02373608E-07	+5.10697469E-07	+7.78692892E-06	+6.61725697E-09	-2.39836616E-10	+4.30570682E-08
VERT_I95	0.006
HORI_I95	0.002
3D___I95	0.006

