SOFT_NAM	Gins
SOFT_VER	25.2
SOFT_TYP	IPPP

TIME_SYS	TAI

GEOD_SYS	ITRF2020	2022.667119134
GEOC_POS	-5231467.184	-3089615.221	-1934314.193
GEOC_COV	+1.36934493E-04	+5.33815855E-05	+3.44827964E-05	+7.23008051E-05	+6.10201868E-05	+3.76854138E-05
GEOD_POS	-17.771448564	-149.434626259	9.970
GEOD_COV	+1.03803361E-15	+5.08559795E-16	+2.06896901E-04	-1.58742956E-16	-1.09749100E-11	-1.48574069E-10
UTM__06S	8033425.578	241870.461	9.970
UTM__COV	+6.22966064E-06	+1.16723128E-05	+2.06896901E-04	-1.86306667E-06	-1.64438763E-05	-1.16378758E-06
MERC_POS	-1997779.324	-16634986.502	9.970
MERC_COV	+6.22966064E-06	+1.16723128E-05	+2.06896901E-04	-1.86306667E-06	-1.64438763E-05	-1.16378758E-06
VERT_I95	0.029
HORI_I95	0.008
3D___I95	0.030

GEOD_SYS	ITRF1992	1993.000000000	(RGPF)
GEOC_POS	-5231465.935	-3089616.718	-1934315.160
GEOC_COV	+1.36934000E-04	+5.33820000E-05	+3.44830000E-05	+7.23010000E-05	+6.10200000E-05	+3.76850000E-05
GEOD_POS	-17.771457749	-149.434608114	9.966
GEOD_COV	+1.03803463E-15	+5.08591358E-16	+2.06896630E-04	-1.58708532E-16	-1.09717877E-11	-1.48571820E-10
UTM__06S	8033424.586	241872.399	9.966
UTM__COV	+6.23004727E-06	+1.16723231E-05	+2.06896630E-04	-1.86266257E-06	-1.64436274E-05	-1.16345643E-06
MERC_POS	-1997780.391	-16634984.482	9.966
MERC_COV	+6.23004727E-06	+1.16723231E-05	+2.06896630E-04	-1.86266257E-06	-1.64436274E-05	-1.16345643E-06
VERT_I95	0.029
HORI_I95	0.008
3D___I95	0.030

