SOFT_NAM	Gins
SOFT_VER	25.2
SOFT_TYP	IPPP

TIME_SYS	TAI

GEOD_SYS	ITRF2020	2022.669858860
GEOC_POS	-5231468.101	-3089617.168	-1934314.429
GEOC_COV	+9.28928220E-02	+1.40765761E+00	+3.39695132E-02	+3.43153922E-01	+5.22558115E-02	+2.14710732E-01
GEOD_POS	-17.771445685	-149.434614850	11.738
GEOD_COV	+6.82244129E-11	+7.75600571E-13	+7.57859815E-01	+6.43558071E-12	+7.11335027E-06	+7.03283789E-07
UTM__06S	8033425.912	241871.667	11.738
UTM__COV	+9.50081207E-03	+7.67159319E-01	+7.57859815E-01	+7.55304242E-02	+7.78380434E-02	+7.54305151E-01
MERC_POS	-1997778.989	-16634985.232	11.738
MERC_COV	+9.50081207E-03	+7.67159319E-01	+7.57859815E-01	+7.55304242E-02	+7.78380434E-02	+7.54305151E-01
VERT_I95	1.741
HORI_I95	1.763
3D___I95	2.478

GEOD_SYS	ITRF1992	1993.000000000	(RGPF)
GEOC_POS	-5231466.852	-3089618.665	-1934315.396
GEOC_COV	+9.28928220E-02	+1.40765761E+00	+3.39695130E-02	+3.43153922E-01	+5.22558110E-02	+2.14710732E-01
GEOD_POS	-17.771454871	-149.434596704	11.733
GEOD_COV	+6.82243781E-11	+7.75603816E-13	+7.57860245E-01	+6.43559560E-12	+7.11335048E-06	+7.03285743E-07
UTM__06S	8033424.920	241873.605	11.733
UTM__COV	+9.50085182E-03	+7.67158848E-01	+7.57860245E-01	+7.55305951E-02	+7.78382597E-02	+7.54305134E-01
MERC_POS	-1997780.057	-16634983.212	11.733
MERC_COV	+9.50085182E-03	+7.67158848E-01	+7.57860245E-01	+7.55305951E-02	+7.78382597E-02	+7.54305134E-01
VERT_I95	1.741
HORI_I95	1.763
3D___I95	2.478

