SOFT_NAM	Gins
SOFT_VER	22.2
SOFT_TYP	PPP

TIME_SYS	TAI

GEOD_SYS	ITRF2020	2023.267109621
GEOC_POS	-4594703.429	-3297394.555	-2939096.408
GEOC_COV	+9.70464070E-06	+5.68227636E-06	+3.91208834E-06	+4.74657708E-06	+5.46776444E-06	+3.72938274E-06
GEOD_POS	-27.618351223	-144.334840816	-1.232
GEOD_COV	+2.62020526E-16	+3.20713292E-17	+1.63523384E-05	-3.55124282E-18	-4.20666544E-12	-9.74137774E-13
UTM__06S	6942236.497	763017.069	-1.232
UTM__COV	+3.93822713E-07	+2.55284429E-06	+1.63523384E-05	-3.88433587E-08	-1.07947424E-07	-4.15224030E-07
MERC_POS	-3181137.983	-16067280.983	-1.232
MERC_COV	+3.93822713E-07	+2.55284429E-06	+1.63523384E-05	-3.88433587E-08	-1.07947424E-07	-4.15224030E-07
VERT_I95	0.008
HORI_I95	0.003
3D___I95	0.009

GEOD_SYS	ITRF1992	1993.000000000	(RGPF)
GEOC_POS	-4594701.920	-3297395.830	-2939097.331
GEOC_COV	+9.70500000E-06	+5.68200000E-06	+3.91200000E-06	+4.74700000E-06	+5.46800000E-06	+3.72900000E-06
GEOD_POS	-27.618360625	-144.334821407	-1.232
GEOD_COV	+2.61973288E-16	+3.20773216E-17	+1.63527201E-05	-3.52192371E-18	-4.21030064E-12	-9.71607864E-13
UTM__06S	6942235.413	763018.963	-1.232
UTM__COV	+3.93896299E-07	+2.55238362E-06	+1.63527201E-05	-3.85226641E-08	-1.07667077E-07	-4.15582812E-07
MERC_POS	-3181139.158	-16067278.823	-1.232
MERC_COV	+3.93896299E-07	+2.55238362E-06	+1.63527201E-05	-3.85226641E-08	-1.07667077E-07	-4.15582812E-07
VERT_I95	0.008
HORI_I95	0.003
3D___I95	0.009

GEOD_SYS	ITRF2005	2007.274000000	(RGTAAF)
GEOC_POS	-4594702.638	-3297395.235	-2939096.889
GEOC_COV	+9.70500000E-06	+5.68200000E-06	+3.91200000E-06	+4.74700000E-06	+5.46800000E-06	+3.72900000E-06
GEOD_POS	-27.618356100	-144.334830543	-1.228
GEOD_COV	+2.61973254E-16	+3.20773234E-17	+1.63527202E-05	-3.52193654E-18	-4.21028083E-12	-9.71618910E-13
UTM__06S	6942235.935	763018.071	-1.228
UTM__COV	+3.93896321E-07	+2.55238350E-06	+1.63527202E-05	-3.85228061E-08	-1.07668301E-07	-4.15580874E-07
MERC_POS	-3181138.593	-16067279.840	-1.228
MERC_COV	+3.93896321E-07	+2.55238350E-06	+1.63527202E-05	-3.85228061E-08	-1.07668301E-07	-4.15580874E-07
VERT_I95	0.008
HORI_I95	0.003
3D___I95	0.009

