SOFT_NAM	Gins
SOFT_VER	25.2
SOFT_TYP	IPPP

TIME_SYS	TAI

GEOD_SYS	ITRF2020	2021.817804065
GEOC_POS	-5366799.697	-2920415.100	-1824002.683
GEOC_COV	+1.54610146E-05	+8.82894516E-06	+2.36223801E-06	+9.79831070E-06	+4.91594751E-06	+3.32360749E-06
GEOD_POS	-16.727747547	-151.446592704	10.952
GEOD_COV	+1.86130560E-16	+6.10086966E-17	+2.37883831E-05	+1.56428022E-17	+2.43195420E-11	+4.81467038E-12
UTM__05S	8149916.230	665603.622	10.952
UTM__COV	+7.47178231E-07	+2.11663645E-06	+2.37883831E-05	+1.84605688E-07	+5.32822789E-07	+2.59340106E-06
MERC_POS	-1876864.432	-16858957.582	10.952
MERC_COV	+7.47178231E-07	+2.11663645E-06	+2.37883831E-05	+1.84605688E-07	+5.32822789E-07	+2.59340106E-06
VERT_I95	0.010
HORI_I95	0.003
3D___I95	0.010

GEOD_SYS	ITRF1992	1993.000000000	(RGPF)
GEOC_POS	-5366798.550	-2920416.601	-1824003.632
GEOC_COV	+1.54610000E-05	+8.82900000E-06	+2.36200000E-06	+9.79800000E-06	+4.91600000E-06	+3.32400000E-06
GEOD_POS	-16.727756517	-151.446575203	10.948
GEOD_COV	+1.86156811E-16	+6.09786119E-17	+2.37882554E-05	+1.56134881E-17	+2.43190922E-11	+4.81288974E-12
UTM__05S	8149915.223	665605.480	10.948
UTM__COV	+7.46809781E-07	+2.11693477E-06	+2.37882554E-05	+1.84259734E-07	+5.32625732E-07	+2.59335297E-06
MERC_POS	-1876865.468	-16858955.634	10.948
MERC_COV	+7.46809781E-07	+2.11693477E-06	+2.37882554E-05	+1.84259734E-07	+5.32625732E-07	+2.59335297E-06
VERT_I95	0.010
HORI_I95	0.003
3D___I95	0.010

