SOFT_NAM	Gins
SOFT_VER	25.2
SOFT_TYP	IPPP

TIME_SYS	TAI

GEOD_SYS	ITRF2020	2021.820543791
GEOC_POS	-5366799.707	-2920415.098	-1824002.686
GEOC_COV	+1.84496864E-05	+8.94650439E-06	+3.09966160E-06	+1.15727729E-05	+6.39595669E-06	+4.14637267E-06
GEOD_POS	-16.727747552	-151.446592770	10.960
GEOD_COV	+1.23124882E-16	+6.58703718E-17	+2.82889833E-05	+8.50656726E-18	+2.21897282E-11	-2.66072420E-13
UTM__05S	8149916.230	665603.615	10.960
UTM__COV	+8.06719545E-07	+1.40014951E-06	+2.82889833E-05	+1.00388708E-07	-2.94453074E-08	+2.36628078E-06
MERC_POS	-1876864.433	-16858957.589	10.960
MERC_COV	+8.06719545E-07	+1.40014951E-06	+2.82889833E-05	+1.00388708E-07	-2.94453074E-08	+2.36628078E-06
VERT_I95	0.011
HORI_I95	0.003
3D___I95	0.011

GEOD_SYS	ITRF1992	1993.000000000	(RGPF)
GEOC_POS	-5366798.560	-2920416.599	-1824003.635
GEOC_COV	+1.84500000E-05	+8.94700000E-06	+3.10000000E-06	+1.15730000E-05	+6.39600000E-06	+4.14600000E-06
GEOD_POS	-16.727756524	-151.446575268	10.956
GEOD_COV	+1.23147926E-16	+6.59057130E-17	+2.82894362E-05	+8.53972039E-18	+2.21905100E-11	-2.64458508E-13
UTM__05S	8149915.222	665605.473	10.956
UTM__COV	+8.07152372E-07	+1.40041143E-06	+2.82894362E-05	+1.00779954E-07	-2.92667013E-08	+2.36636404E-06
MERC_POS	-1876865.469	-16858955.641	10.956
MERC_COV	+8.07152372E-07	+1.40041143E-06	+2.82894362E-05	+1.00779954E-07	-2.92667013E-08	+2.36636404E-06
VERT_I95	0.011
HORI_I95	0.003
3D___I95	0.011

