SOFT_NAM	Gins
SOFT_VER	25.2
SOFT_TYP	IPPP

TIME_SYS	TAI

GEOD_SYS	ITRF2020	2021.823283517
GEOC_POS	-5366799.653	-2920415.126	-1824002.594
GEOC_COV	+4.82199670E-03	+2.81629849E-03	+2.55731362E-03	+1.56191594E-03	+2.96662350E-03	+1.61542727E-03
GEOD_POS	-16.727746847	-151.446592299	10.901
GEOD_COV	+1.72621048E-13	+7.78467779E-14	+7.27920412E-03	+7.18443291E-17	+5.79282646E-11	-1.77001079E-08
UTM__05S	8149916.307	665603.666	10.901
UTM__COV	+9.53395501E-04	+1.96300918E-03	+7.27920412E-03	+8.47857786E-07	-1.95880923E-03	+6.17738699E-06
MERC_POS	-1876864.351	-16858957.537	10.901
MERC_COV	+9.53395501E-04	+1.96300918E-03	+7.27920412E-03	+8.47857786E-07	-1.95880923E-03	+6.17738699E-06
VERT_I95	0.171
HORI_I95	0.108
3D___I95	0.202

GEOD_SYS	ITRF1992	1993.000000000	(RGPF)
GEOC_POS	-5366798.506	-2920416.627	-1824003.544
GEOC_COV	+4.82199700E-03	+2.81629800E-03	+2.55731400E-03	+1.56191600E-03	+2.96662400E-03	+1.61542700E-03
GEOD_POS	-16.727755819	-151.446574795	10.897
GEOD_COV	+1.72621033E-13	+7.78467434E-14	+7.27920510E-03	+7.19314424E-17	+5.79113188E-11	-1.77001018E-08
UTM__05S	8149915.300	665605.524	10.897
UTM__COV	+9.53395078E-04	+1.96300882E-03	+7.27920510E-03	+8.48885798E-07	-1.95880856E-03	+6.17557962E-06
MERC_POS	-1876865.388	-16858955.589	10.897
MERC_COV	+9.53395078E-04	+1.96300882E-03	+7.27920510E-03	+8.48885798E-07	-1.95880856E-03	+6.17557962E-06
VERT_I95	0.171
HORI_I95	0.108
3D___I95	0.202

