SOFT_NAM	Gins
SOFT_VER	25.2
SOFT_TYP	IPPP

TIME_SYS	TAI

GEOD_SYS	ITRF2020	2021.815064339
GEOC_POS	-5366799.704	-2920415.176	-1824002.721
GEOC_COV	+2.88536737E-03	+2.67324774E-02	+2.96788305E-03	+6.45273771E-03	+2.52463934E-03	+8.34669870E-03
GEOD_POS	-16.727747767	-151.446592118	11.004
GEOD_COV	+1.39521104E-12	+3.58732775E-14	+1.62803468E-02	-1.67377160E-13	+1.37916669E-07	-1.99351139E-08
UTM__05S	8149916.205	665603.684	11.004
UTM__COV	+4.39342814E-04	+1.58660382E-02	+1.62803468E-02	-1.97527117E-03	-2.20614959E-03	+1.47072358E-02
MERC_POS	-1876864.457	-16858957.517	11.004
MERC_COV	+4.39342814E-04	+1.58660382E-02	+1.62803468E-02	-1.97527117E-03	-2.20614959E-03	+1.47072358E-02
VERT_I95	0.255
HORI_I95	0.255
3D___I95	0.361

GEOD_SYS	ITRF1992	1993.000000000	(RGPF)
GEOC_POS	-5366798.558	-2920416.676	-1824003.671
GEOC_COV	+2.88536700E-03	+2.67324770E-02	+2.96788300E-03	+6.45273800E-03	+2.52463900E-03	+8.34669900E-03
GEOD_POS	-16.727756737	-151.446574619	11.000
GEOD_COV	+1.39521039E-12	+3.58731948E-14	+1.62803559E-02	-1.67376833E-13	+1.37916682E-07	-1.99350841E-08
UTM__05S	8149915.198	665605.542	11.000
UTM__COV	+4.39341801E-04	+1.58660293E-02	+1.62803559E-02	-1.97526722E-03	-2.20614629E-03	+1.47072365E-02
MERC_POS	-1876865.494	-16858955.569	11.000
MERC_COV	+4.39341801E-04	+1.58660293E-02	+1.62803559E-02	-1.97526722E-03	-2.20614629E-03	+1.47072365E-02
VERT_I95	0.255
HORI_I95	0.255
3D___I95	0.361

