SOFT_NAM	Gins
SOFT_VER	25.2
SOFT_TYP	PPP

TIME_SYS	TAI

GEOD_SYS	ITRF2020	2026.289027429
GEOC_POS	-5210331.610	-3293051.643	-1634302.969
GEOC_COV	+8.48499820E-06	+5.65113118E-06	+1.24720349E-06	+3.55709073E-06	+2.20389013E-06	+1.30952402E-06
GEOD_POS	-14.945754594	-147.706154330	4.706
GEOD_COV	+2.80576707E-16	+4.99403657E-17	+1.15248118E-05	+1.10647440E-17	+2.04590789E-12	+1.63429056E-12
UTM__06S	8347553.083	424062.353	4.706
UTM__COV	+6.11421689E-07	+3.24709942E-06	+1.15248118E-05	+1.31706715E-07	+1.80831395E-07	+2.20093929E-07
MERC_POS	-1671935.789	-16442573.887	4.706
MERC_COV	+6.11421689E-07	+3.24709942E-06	+1.15248118E-05	+1.31706715E-07	+1.80831395E-07	+2.20093929E-07
VERT_I95	0.007
HORI_I95	0.004
3D___I95	0.008

GEOD_SYS	ITRF1992	1993.000000000	(RGPF)
GEOC_POS	-5210330.188	-3293053.337	-1634304.061
GEOC_COV	+8.48500000E-06	+5.65100000E-06	+1.24700000E-06	+3.55700000E-06	+2.20400000E-06	+1.31000000E-06
GEOD_POS	-14.945764821	-147.706133961	4.701
GEOD_COV	+2.80575745E-16	+4.99100838E-17	+1.15248611E-05	+1.10347242E-17	+2.04581599E-12	+1.63178078E-12
UTM__06S	8347551.958	424064.547	4.701
UTM__COV	+6.11050947E-07	+3.24708797E-06	+1.15248611E-05	+1.31349375E-07	+1.80553693E-07	+2.20084032E-07
MERC_POS	-1671936.960	-16442571.620	4.701
MERC_COV	+6.11050947E-07	+3.24708797E-06	+1.15248611E-05	+1.31349375E-07	+1.80553693E-07	+2.20084032E-07
VERT_I95	0.007
HORI_I95	0.004
3D___I95	0.008

