SOFT_NAM	Gins
SOFT_VER	25.2
SOFT_TYP	PPP

TIME_SYS	TAI

GEOD_SYS	ITRF2020	2026.286287703
GEOC_POS	-5210331.614	-3293051.646	-1634302.969
GEOC_COV	+6.61843648E-06	+3.95144935E-06	+8.53901573E-07	+2.63619005E-06	+1.63365945E-06	+8.56322224E-07
GEOD_POS	-14.945754581	-147.706154328	4.711
GEOD_COV	+2.01468245E-16	+3.50286821E-17	+8.66334862E-06	+1.05028246E-17	-1.01450077E-12	+2.22460571E-12
UTM__06S	8347553.084	424062.353	4.711
UTM__COV	+4.28857413E-07	+2.33158137E-06	+8.66334862E-06	+1.25018033E-07	+2.46148736E-07	-1.09137592E-07
MERC_POS	-1671935.788	-16442573.887	4.711
MERC_COV	+4.28857413E-07	+2.33158137E-06	+8.66334862E-06	+1.25018033E-07	+2.46148736E-07	-1.09137592E-07
VERT_I95	0.006
HORI_I95	0.003
3D___I95	0.007

GEOD_SYS	ITRF1992	1993.000000000	(RGPF)
GEOC_POS	-5210330.192	-3293053.339	-1634304.061
GEOC_COV	+6.61800000E-06	+3.95100000E-06	+8.54000000E-07	+2.63600000E-06	+1.63400000E-06	+8.56000000E-07
GEOD_POS	-14.945764808	-147.706133961	4.705
GEOD_COV	+2.01444592E-16	+3.50281613E-17	+8.66284156E-06	+1.05378151E-17	-1.01639531E-12	+2.22211307E-12
UTM__06S	8347551.960	424064.547	4.705
UTM__COV	+4.28851036E-07	+2.33130741E-06	+8.66284156E-06	+1.25434528E-07	+2.45872929E-07	-1.09341397E-07
MERC_POS	-1671936.958	-16442571.620	4.705
MERC_COV	+4.28851036E-07	+2.33130741E-06	+8.66284156E-06	+1.25434528E-07	+2.45872929E-07	-1.09341397E-07
VERT_I95	0.006
HORI_I95	0.003
3D___I95	0.007

