SOFT_NAM	Gins
SOFT_VER	24.1
SOFT_TYP	PPP

TIME_SYS	TAI

GEOD_SYS	ITRF2020	2025.212315100
GEOC_POS	-4824629.843	-4041667.474	-1030249.530
GEOC_COV	+1.16107475E-05	+9.27941297E-06	+9.38500435E-07	+6.86074892E-06	+2.31460301E-06	+2.04167101E-06
GEOD_POS	-9.357980150	-140.046567835	5.095
GEOD_COV	+2.88916616E-16	+3.13744772E-17	+1.79586259E-05	-5.66082600E-18	+6.07952600E-13	-2.53649663E-12
UTM__07S	8965428.495	604695.080	5.095
UTM__COV	+3.83809773E-07	+3.48622522E-06	+1.79586259E-05	-6.87766522E-08	-2.80545984E-07	+6.67822705E-08
MERC_POS	-1039445.054	-15589912.619	5.095
MERC_COV	+3.83809773E-07	+3.48622522E-06	+1.79586259E-05	-6.87766522E-08	-2.80545984E-07	+6.67822705E-08
VERT_I95	0.008
HORI_I95	0.004
3D___I95	0.009

GEOD_SYS	ITRF1992	1993.000000000	(RGPF)
GEOC_POS	-4824628.311	-4041669.022	-1030250.572
GEOC_COV	+1.16110000E-05	+9.27900000E-06	+9.39000000E-07	+6.86100000E-06	+2.31500000E-06	+2.04200000E-06
GEOD_POS	-9.357989718	-140.046548082	5.086
GEOD_COV	+2.88884664E-16	+3.14011891E-17	+1.79590240E-05	-5.66437614E-18	+6.05356539E-13	-2.54128323E-12
UTM__07S	8965427.431	604697.246	5.086
UTM__COV	+3.84136544E-07	+3.48583947E-06	+1.79590240E-05	-6.88197829E-08	-2.81075399E-07	+6.64970970E-08
MERC_POS	-1039446.127	-15589910.420	5.086
MERC_COV	+3.84136544E-07	+3.48583947E-06	+1.79590240E-05	-6.88197829E-08	-2.81075399E-07	+6.64970970E-08
VERT_I95	0.008
HORI_I95	0.004
3D___I95	0.009

