SOFT_NAM	Gins
SOFT_VER	24.2
SOFT_TYP	PPP

TIME_SYS	TAI

GEOD_SYS	ITRF2020	2025.749301402
GEOC_POS	-5047204.186	-2975932.575	-2511520.115
GEOC_COV	+9.77708590E-06	+5.85080518E-06	+2.36258520E-06	+4.29888524E-06	+3.52796863E-06	+2.25084831E-06
GEOD_POS	-23.341793538	-149.475547909	4.499
GEOD_COV	+2.96624420E-16	+7.46151832E-17	+1.39733026E-05	+7.83553310E-19	+3.82990205E-12	+7.47774979E-12
UTM__06S	7416475.559	246890.929	4.499
UTM__COV	+9.15178881E-07	+3.10199481E-06	+1.39733026E-05	+8.87411438E-09	+8.28152504E-07	+3.91655969E-07
MERC_POS	-2656482.048	-16639541.879	4.499
MERC_COV	+9.15178881E-07	+3.10199481E-06	+1.39733026E-05	+8.87411438E-09	+8.28152504E-07	+3.91655969E-07
VERT_I95	0.007
HORI_I95	0.004
3D___I95	0.008

GEOD_SYS	ITRF1992	1993.000000000	(RGPF)
GEOC_POS	-5047202.753	-2975934.128	-2511521.143
GEOC_COV	+9.77700000E-06	+5.85100000E-06	+2.36300000E-06	+4.29900000E-06	+3.52800000E-06	+2.25100000E-06
GEOD_POS	-23.341803655	-149.475527704	4.498
GEOD_COV	+2.96626542E-16	+7.46386565E-17	+1.39735167E-05	+7.80501383E-19	+3.83191284E-12	+7.47604955E-12
UTM__06S	7416474.474	246893.015	4.498
UTM__COV	+9.15466790E-07	+3.10201653E-06	+1.39735167E-05	+8.83954919E-09	+8.27964205E-07	+3.91861568E-07
MERC_POS	-2656483.268	-16639539.630	4.498
MERC_COV	+9.15466790E-07	+3.10201653E-06	+1.39735167E-05	+8.83954919E-09	+8.27964205E-07	+3.91861568E-07
VERT_I95	0.007
HORI_I95	0.004
3D___I95	0.008

GEOD_SYS	ITRF2005	2007.274000000	(RGTAAF)
GEOC_POS	-5047203.384	-2975933.458	-2511520.687
GEOC_COV	+9.77700000E-06	+5.85100000E-06	+2.36300000E-06	+4.29900000E-06	+3.52800000E-06	+2.25100000E-06
GEOD_POS	-23.341799150	-149.475536484	4.504
GEOD_COV	+2.96626532E-16	+7.46386458E-17	+1.39735167E-05	+7.80497199E-19	+3.83192816E-12	+7.47604005E-12
UTM__06S	7416474.957	246892.108	4.504
UTM__COV	+9.15466660E-07	+3.10201664E-06	+1.39735167E-05	+8.83950212E-09	+8.27963153E-07	+3.91863148E-07
MERC_POS	-2656482.725	-16639540.607	4.504
MERC_COV	+9.15466660E-07	+3.10201664E-06	+1.39735167E-05	+8.83950212E-09	+8.27963153E-07	+3.91863148E-07
VERT_I95	0.007
HORI_I95	0.004
3D___I95	0.008

