SOFT_NAM	Gins
SOFT_VER	21.2
SOFT_TYP	PPP

TIME_SYS	TAI

GEOD_SYS	ITRF2014	2019.593137018
GEOC_POS	-6178749.612	-198466.539	-1564756.001
GEOC_COV	+3.70311240E-05	+6.91987954E-06	+3.17728451E-06	+4.72051053E-07	+9.38837755E-06	+4.20777677E-07
GEOD_POS	-14.296047043	-178.160244806	52.268
GEOD_COV	+5.94485497E-16	+6.08030666E-17	+3.94633250E-05	-1.99136421E-17	-4.17412381E-12	-1.36038674E-12
UTM__01S	8419219.049	374858.761	52.268
UTM__COV	+7.44342453E-07	+6.92062063E-06	+3.94633250E-05	-2.37725757E-07	-1.50517170E-07	-4.50367680E-07
MERC_POS	-1597658.436	-19832707.731	52.268
MERC_COV	+7.44342453E-07	+6.92062063E-06	+3.94633250E-05	-2.37725757E-07	-1.50517170E-07	-4.50367680E-07
VERT_I95	0.013
HORI_I95	0.006
3D___I95	0.014

GEOD_SYS	ITRF1994	1993.000000000	(RGWF)
GEOC_POS	-6178749.351	-198468.174	-1564756.855
GEOC_COV	+3.70310000E-05	+6.92000000E-06	+3.17700000E-06	+4.72000000E-07	+9.38800000E-06	+4.21000000E-07
GEOD_POS	-14.296054989	-178.160229580	52.277
GEOD_COV	+5.94496168E-16	+6.07950772E-17	+3.94630110E-05	-1.99335237E-17	-4.17405205E-12	-1.35706038E-12
UTM__01S	8419218.178	374860.408	52.277
UTM__COV	+7.44244651E-07	+6.92074439E-06	+3.94630110E-05	-2.37963093E-07	-1.50149132E-07	-4.50359922E-07
MERC_POS	-1597659.343	-19832706.036	52.277
MERC_COV	+7.44244651E-07	+6.92074439E-06	+3.94630110E-05	-2.37963093E-07	-1.50149132E-07	-4.50359922E-07
VERT_I95	0.013
HORI_I95	0.006
3D___I95	0.014

