SOFT_NAM	Gins
SOFT_VER	22.2
SOFT_TYP	PPP

TIME_SYS	TAI

GEOD_SYS	ITRF2020	2024.228128447
GEOC_POS	-5242492.813	-3089133.856	-1905207.768
GEOC_COV	+1.26819342E-05	+7.95711347E-06	+2.26352939E-06	+5.97248268E-06	+4.39524400E-06	+3.00419480E-06
GEOD_POS	-17.495495694	-149.491322304	9.958
GEOD_COV	+3.50237961E-16	+4.25495094E-17	+1.84310886E-05	-7.80126200E-18	+8.44060592E-12	-1.94853737E-12
UTM__06S	8063899.566	235453.538	9.958
UTM__COV	+5.21185892E-07	+3.95030260E-06	+1.84310886E-05	-9.16953865E-08	-2.15654133E-07	+8.96411044E-07
MERC_POS	-1965741.930	-16641297.877	9.958
MERC_COV	+5.21185892E-07	+3.95030260E-06	+1.84310886E-05	-9.16953865E-08	-2.15654133E-07	+8.96411044E-07
VERT_I95	0.009
HORI_I95	0.004
3D___I95	0.010

GEOD_SYS	ITRF1992	1993.000000000	(RGPF)
GEOC_POS	-5242491.489	-3089135.448	-1905208.809
GEOC_COV	+1.26820000E-05	+7.95700000E-06	+2.26400000E-06	+5.97200000E-06	+4.39500000E-06	+3.00400000E-06
GEOD_POS	-17.495505571	-149.491303058	9.954
GEOD_COV	+3.50269421E-16	+4.25959504E-17	+1.84305882E-05	-7.80563396E-18	+8.43763418E-12	-1.94848311E-12
UTM__06S	8063898.499	235455.597	9.954
UTM__COV	+5.21754745E-07	+3.95065700E-06	+1.84305882E-05	-9.17467692E-08	-2.15648128E-07	+8.96095390E-07
MERC_POS	-1965743.075	-16641295.734	9.954
MERC_COV	+5.21754745E-07	+3.95065700E-06	+1.84305882E-05	-9.17467692E-08	-2.15648128E-07	+8.96095390E-07
VERT_I95	0.009
HORI_I95	0.004
3D___I95	0.010

