SOFT_NAM	Gins
SOFT_VER	25.2
SOFT_TYP	IPPP

TIME_SYS	TAI

GEOD_SYS	ITRF2020	2021.853420504
GEOC_POS	-5749903.614	1331284.756	-2410097.749
GEOC_COV	+3.34909096E-06	+4.16942745E-07	+9.23072297E-07	-6.76328544E-07	+1.44174507E-06	-3.40342407E-07
GEOD_POS	-22.347767386	166.963914649	62.455
GEOD_COV	+2.53398844E-17	+2.06579158E-17	+4.16690833E-06	+1.74395957E-18	+3.07263405E-13	-1.33473607E-12
UTM__58S	7527360.953	702247.294	62.455
UTM__COV	+2.53317291E-07	+2.68880375E-07	+4.16690833E-06	+1.98931161E-08	-1.47803447E-07	+3.16510467E-08
MERC_POS	-2537090.334	18586337.960	62.455
MERC_COV	+2.53317291E-07	+2.68880375E-07	+4.16690833E-06	+1.98931161E-08	-1.47803447E-07	+3.16510467E-08
VERT_I95	0.004
HORI_I95	0.001
3D___I95	0.004

GEOD_SYS	ITRF1990	1989.000000000	(RGNC91-93)
GEOC_POS	-5749902.892	1331285.336	-2410099.172
GEOC_COV	+3.34900000E-06	+4.17000000E-07	+9.23000000E-07	-6.76000000E-07	+1.44200000E-06	-3.40000000E-07
GEOD_POS	-22.347781241	166.963907582	62.466
GEOD_COV	+2.53581835E-17	+2.06403649E-17	+4.16682343E-06	+1.72100009E-18	+3.11068499E-13	-1.33631997E-12
UTM__58S	7527359.429	702246.546	62.466
UTM__COV	+2.53102075E-07	+2.69074493E-07	+4.16682343E-06	+1.96312185E-08	-1.47978843E-07	+3.20430044E-08
MERC_POS	-2537091.992	18586337.173	62.466
MERC_COV	+2.53102075E-07	+2.69074493E-07	+4.16682343E-06	+1.96312185E-08	-1.47978843E-07	+3.20430044E-08
VERT_I95	0.004
HORI_I95	0.001
3D___I95	0.004

GEOD_SYS	ITRF2005	2007.274000000	(RGTAAF)
GEOC_POS	-5749903.301	1331285.001	-2410098.369
GEOC_COV	+3.34900000E-06	+4.17000000E-07	+9.23000000E-07	-6.76000000E-07	+1.44200000E-06	-3.40000000E-07
GEOD_POS	-22.347773428	166.963911645	62.460
GEOD_COV	+2.53581803E-17	+2.06403684E-17	+4.16682339E-06	+1.72100050E-18	+3.11066065E-13	-1.33632478E-12
UTM__58S	7527360.288	702246.975	62.460
UTM__COV	+2.53102117E-07	+2.69074489E-07	+4.16682339E-06	+1.96312242E-08	-1.47979375E-07	+3.20427554E-08
MERC_POS	-2537091.057	18586337.625	62.460
MERC_COV	+2.53102117E-07	+2.69074489E-07	+4.16682339E-06	+1.96312242E-08	-1.47979375E-07	+3.20427554E-08
VERT_I95	0.004
HORI_I95	0.001
3D___I95	0.004

