SOFT_NAM	Gins
SOFT_VER	25.2
SOFT_TYP	IPPP

TIME_SYS	TAI

GEOD_SYS	ITRF2020	2021.856160230
GEOC_POS	-5749903.620	1331284.756	-2410097.752
GEOC_COV	+3.41558390E-06	+6.37235844E-07	+8.92566695E-07	-8.28008306E-07	+1.41129202E-06	-3.83224611E-07
GEOD_POS	-22.347767398	166.963914656	62.462
GEOD_COV	+3.90807902E-17	+2.13388922E-17	+4.26903418E-06	+2.02246621E-20	-1.39906508E-12	-6.61777092E-13
UTM__58S	7527360.952	702247.294	62.462
UTM__COV	+2.61667752E-07	+4.14684510E-07	+4.26903418E-06	+2.30700045E-10	-7.32826045E-08	-1.44116981E-07
MERC_POS	-2537090.336	18586337.960	62.462
MERC_COV	+2.61667752E-07	+4.14684510E-07	+4.26903418E-06	+2.30700045E-10	-7.32826045E-08	-1.44116981E-07
VERT_I95	0.004
HORI_I95	0.002
3D___I95	0.004

GEOD_SYS	ITRF1990	1989.000000000	(RGNC91-93)
GEOC_POS	-5749902.897	1331285.336	-2410099.176
GEOC_COV	+3.41600000E-06	+6.37000000E-07	+8.93000000E-07	-8.28000000E-07	+1.41100000E-06	-3.83000000E-07
GEOD_POS	-22.347781253	166.963907589	62.473
GEOD_COV	+3.90620384E-17	+2.13928118E-17	+4.26918560E-06	+1.28427210E-20	-1.39714308E-12	-6.59788341E-13
UTM__58S	7527359.427	702246.546	62.473
UTM__COV	+2.62328941E-07	+4.14485455E-07	+4.26918560E-06	+1.46495206E-10	-7.30623783E-08	-1.43918983E-07
MERC_POS	-2537091.994	18586337.174	62.473
MERC_COV	+2.62328941E-07	+4.14485455E-07	+4.26918560E-06	+1.46495206E-10	-7.30623783E-08	-1.43918983E-07
VERT_I95	0.004
HORI_I95	0.002
3D___I95	0.004

GEOD_SYS	ITRF2005	2007.274000000	(RGTAAF)
GEOC_POS	-5749903.306	1331285.002	-2410098.373
GEOC_COV	+3.41600000E-06	+6.37000000E-07	+8.93000000E-07	-8.28000000E-07	+1.41100000E-06	-3.83000000E-07
GEOD_POS	-22.347773440	166.963911651	62.467
GEOD_COV	+3.90620359E-17	+2.13928135E-17	+4.26918557E-06	+1.28452204E-20	-1.39714543E-12	-6.59793311E-13
UTM__58S	7527360.287	702246.976	62.467
UTM__COV	+2.62328961E-07	+4.14485473E-07	+4.26918557E-06	+1.46523724E-10	-7.30629285E-08	-1.43919232E-07
MERC_POS	-2537091.059	18586337.626	62.467
MERC_COV	+2.62328961E-07	+4.14485473E-07	+4.26918557E-06	+1.46523724E-10	-7.30629285E-08	-1.43919232E-07
VERT_I95	0.004
HORI_I95	0.002
3D___I95	0.004

