SOFT_NAM	Gins
SOFT_VER	22.2
SOFT_TYP	PPP

TIME_SYS	TAI

GEOD_SYS	ITRF2020	2023.760260306
GEOC_POS	-4824624.138	-4041679.402	-1030241.834
GEOC_COV	+5.21737688E-05	+4.86768370E-05	+4.24044026E-06	+2.91317153E-05	+9.38603822E-06	+1.08076649E-05
GEOD_POS	-9.357906669	-140.046451253	7.086
GEOD_COV	+1.77664550E-15	+1.38333552E-16	+8.19607907E-05	-1.38040597E-16	+3.37356887E-11	-1.20019950E-11
UTM__07S	8965436.586	604707.905	7.086
UTM__COV	+1.69226094E-06	+2.14379945E-05	+8.19607907E-05	-1.67713652E-06	-1.32746580E-06	+3.70579395E-06
MERC_POS	-1039436.818	-15589899.641	7.086
MERC_COV	+1.69226094E-06	+2.14379945E-05	+8.19607907E-05	-1.67713652E-06	-1.32746580E-06	+3.70579395E-06
VERT_I95	0.018
HORI_I95	0.010
3D___I95	0.021

GEOD_SYS	ITRF1992	1993.000000000	(RGPF)
GEOC_POS	-4824622.663	-4041680.889	-1030242.852
GEOC_COV	+5.21740000E-05	+4.86770000E-05	+4.24000000E-06	+2.91320000E-05	+9.38600000E-06	+1.08080000E-05
GEOD_POS	-9.357916010	-140.046432248	7.077
GEOD_COV	+1.77663802E-15	+1.38294634E-16	+8.19613122E-05	-1.38063062E-16	+3.37360754E-11	-1.20021318E-11
UTM__07S	8965435.547	604709.989	7.077
UTM__COV	+1.69178484E-06	+2.14379030E-05	+8.19613122E-05	-1.67740941E-06	-1.32748093E-06	+3.70583632E-06
MERC_POS	-1039437.865	-15589897.525	7.077
MERC_COV	+1.69178484E-06	+2.14379030E-05	+8.19613122E-05	-1.67740941E-06	-1.32748093E-06	+3.70583632E-06
VERT_I95	0.018
HORI_I95	0.010
3D___I95	0.021

