SOFT_NAM	Gins
SOFT_VER	22.1
SOFT_TYP	PPP

TIME_SYS	TAI

GEOD_SYS	ITRF2020	2023.332863045
GEOC_POS	-5811226.114	1388515.679	-2224811.913
GEOC_COV	+8.05583695E-06	+2.51424191E-06	+1.50017503E-06	-1.68632794E-06	+3.13355781E-06	-7.32698617E-07
GEOD_POS	-20.549765181	166.561880629	65.844
GEOD_COV	+1.88627669E-16	+2.03592645E-17	+9.76950588E-06	-8.91372385E-18	-2.20673801E-12	-1.06651034E-12
UTM__58S	7726900.635	662821.482	65.844
UTM__COV	+2.49548198E-07	+2.05119982E-06	+9.76950588E-06	-1.02909777E-07	-1.18075895E-07	-2.30118779E-07
MERC_POS	-2323281.258	18541583.737	65.844
MERC_COV	+2.49548198E-07	+2.05119982E-06	+9.76950588E-06	-1.02909777E-07	-1.18075895E-07	-2.30118779E-07
VERT_I95	0.006
HORI_I95	0.003
3D___I95	0.007

GEOD_SYS	ITRF1990	1989.000000000	(RGNC91-93)
GEOC_POS	-5811225.383	1388516.325	-2224813.437
GEOC_COV	+8.05600000E-06	+2.51400000E-06	+1.50000000E-06	-1.68600000E-06	+3.13400000E-06	-7.33000000E-07
GEOD_POS	-20.549779846	166.561872969	65.854
GEOD_COV	+1.88621097E-16	+2.03198470E-17	+9.76980699E-06	-8.88662154E-18	-2.20392102E-12	-1.06939357E-12
UTM__58S	7726899.020	662820.668	65.854
UTM__COV	+2.49065050E-07	+2.05112797E-06	+9.76980699E-06	-1.02596869E-07	-1.18395105E-07	-2.29825002E-07
MERC_POS	-2323282.992	18541582.885	65.854
MERC_COV	+2.49065050E-07	+2.05112797E-06	+9.76980699E-06	-1.02596869E-07	-1.18395105E-07	-2.29825002E-07
VERT_I95	0.006
HORI_I95	0.003
3D___I95	0.007

