SOFT_NAM	Gins
SOFT_VER	22.1
SOFT_TYP	PPP

TIME_SYS	TAI

GEOD_SYS	ITRF2020	2023.338342497
GEOC_POS	-5811226.110	1388515.676	-2224811.916
GEOC_COV	+1.12247530E-05	+3.29692673E-06	+2.00662696E-06	-2.27518264E-06	+4.28726611E-06	-8.42963833E-07
GEOD_POS	-20.549765217	166.561880645	65.841
GEOD_COV	+2.47974638E-16	+2.82677982E-17	+1.34852634E-05	-2.15319189E-17	-1.53847593E-12	-5.66640117E-13
UTM__58S	7726900.631	662821.484	65.841
UTM__COV	+3.46484918E-07	+2.69655843E-06	+1.34852634E-05	-2.48588021E-07	-6.27340744E-08	-1.60432367E-07
MERC_POS	-2323281.263	18541583.739	65.841
MERC_COV	+3.46484918E-07	+2.69655843E-06	+1.34852634E-05	-2.48588021E-07	-6.27340744E-08	-1.60432367E-07
VERT_I95	0.007
HORI_I95	0.003
3D___I95	0.008

GEOD_SYS	ITRF1990	1989.000000000	(RGNC91-93)
GEOC_POS	-5811225.379	1388516.323	-2224813.440
GEOC_COV	+1.12250000E-05	+3.29700000E-06	+2.00700000E-06	-2.27500000E-06	+4.28700000E-06	-8.43000000E-07
GEOD_POS	-20.549779885	166.561872983	65.851
GEOD_COV	+2.47989871E-16	+2.83094703E-17	+1.34852807E-05	-2.15179189E-17	-1.53697374E-12	-5.65552115E-13
UTM__58S	7726899.015	662820.669	65.851
UTM__COV	+3.46995705E-07	+2.69672357E-06	+1.34852807E-05	-2.48426367E-07	-6.26136193E-08	-1.60275704E-07
MERC_POS	-2323282.996	18541582.886	65.851
MERC_COV	+3.46995705E-07	+2.69672357E-06	+1.34852807E-05	-2.48426367E-07	-6.26136193E-08	-1.60275704E-07
VERT_I95	0.007
HORI_I95	0.003
3D___I95	0.008

