SOFT_NAM	Gins
SOFT_VER	22.1
SOFT_TYP	PPP

TIME_SYS	TAI

GEOD_SYS	ITRF2020	2023.121904141
GEOC_POS	-5741239.717	1387195.163	-2399269.676
GEOC_COV	+9.52614669E-06	+1.99264859E-06	+1.83300910E-06	-1.71755088E-06	+3.86100487E-06	-8.76445103E-07
GEOD_POS	-22.242081699	166.416565041	62.933
GEOD_COV	+1.52818291E-16	+1.74579040E-17	+1.15137439E-05	+1.90967993E-18	+1.92327726E-12	+7.23382313E-16
UTM__58S	7539694.426	645980.256	62.933
UTM__COV	+2.14071668E-07	+1.62398884E-06	+1.15137439E-05	+2.17995727E-08	+8.01034889E-11	+1.98264860E-07
MERC_POS	-2524447.832	18525407.280	62.933
MERC_COV	+2.14071668E-07	+1.62398884E-06	+1.15137439E-05	+2.17995727E-08	+8.01034889E-11	+1.98264860E-07
VERT_I95	0.007
HORI_I95	0.003
3D___I95	0.007

GEOD_SYS	ITRF1990	1989.000000000	(RGNC91-93)
GEOC_POS	-5741238.957	1387195.748	-2399271.177
GEOC_COV	+9.52600000E-06	+1.99300000E-06	+1.83300000E-06	-1.71800000E-06	+3.86100000E-06	-8.76000000E-07
GEOD_POS	-22.242096302	166.416557791	62.944
GEOD_COV	+1.52829512E-16	+1.74645150E-17	+1.15137395E-05	+1.85767050E-18	+1.92026446E-12	+1.75372213E-15
UTM__58S	7539692.816	645979.494	62.944
UTM__COV	+2.14152735E-07	+1.62410776E-06	+1.15137395E-05	+2.12058673E-08	+1.94197811E-10	+1.97954260E-07
MERC_POS	-2524449.578	18525406.473	62.944
MERC_COV	+2.14152735E-07	+1.62410776E-06	+1.15137395E-05	+2.12058673E-08	+1.94197811E-10	+1.97954260E-07
VERT_I95	0.007
HORI_I95	0.003
3D___I95	0.007

GEOD_SYS	ITRF2005	2007.274000000	(RGTAAF)
GEOC_POS	-5741239.372	1387195.422	-2399270.362
GEOC_COV	+9.52600000E-06	+1.99300000E-06	+1.83300000E-06	-1.71800000E-06	+3.86100000E-06	-8.76000000E-07
GEOD_POS	-22.242088369	166.416561812	62.938
GEOD_COV	+1.52829493E-16	+1.74645152E-17	+1.15137395E-05	+1.85767128E-18	+1.92025815E-12	+1.73965400E-15
UTM__58S	7539693.691	645979.917	62.938
UTM__COV	+2.14152737E-07	+1.62410774E-06	+1.15137395E-05	+2.12058773E-08	+1.92639981E-10	+1.97953620E-07
MERC_POS	-2524448.630	18525406.920	62.938
MERC_COV	+2.14152737E-07	+1.62410774E-06	+1.15137395E-05	+2.12058773E-08	+1.92639981E-10	+1.97953620E-07
VERT_I95	0.007
HORI_I95	0.003
3D___I95	0.007

