SOFT_NAM	Gins
SOFT_VER	22.2
SOFT_TYP	PPP

TIME_SYS	TAI

GEOD_SYS	ITRF2020	2024.061461780
GEOC_POS	-5761687.350	1648680.126	-2175855.294
GEOC_COV	+1.04062076E-05	+3.73838406E-06	+1.82472647E-06	-1.82925354E-06	+3.90344601E-06	-9.12044693E-07
GEOD_POS	-20.078235959	164.031771784	63.399
GEOD_COV	+2.99384624E-16	+2.51929599E-17	+1.23851707E-05	-9.71753014E-18	+2.54305238E-12	-1.29812568E-12
UTM__58S	7779567.390	398764.692	63.399
UTM__COV	+3.08762421E-07	+3.27538505E-06	+1.23851707E-05	-1.12523946E-07	-1.43710785E-07	+2.65993939E-07
MERC_POS	-2267639.263	18259933.309	63.399
MERC_COV	+3.08762421E-07	+3.27538505E-06	+1.23851707E-05	-1.12523946E-07	-1.43710785E-07	+2.65993939E-07
VERT_I95	0.007
HORI_I95	0.004
3D___I95	0.008

GEOD_SYS	ITRF1990	1989.000000000	(RGNC91-93)
GEOC_POS	-5761686.560	1648680.789	-2175856.907
GEOC_COV	+1.04060000E-05	+3.73800000E-06	+1.82500000E-06	-1.82900000E-06	+3.90300000E-06	-9.12000000E-07
GEOD_POS	-20.078251428	164.031763615	63.410
GEOD_COV	+2.99363062E-16	+2.52324368E-17	+1.23846052E-05	-9.70330946E-18	+2.54515394E-12	-1.29688191E-12
UTM__58S	7779565.673	398763.848	63.410
UTM__COV	+3.09246248E-07	+3.27514852E-06	+1.23846052E-05	-1.12359267E-07	-1.43573093E-07	+2.66213729E-07
MERC_POS	-2267641.086	18259932.400	63.410
MERC_COV	+3.09246248E-07	+3.27514852E-06	+1.23846052E-05	-1.12359267E-07	-1.43573093E-07	+2.66213729E-07
VERT_I95	0.007
HORI_I95	0.004
3D___I95	0.008

