SOFT_NAM	Gins
SOFT_VER	22.1
SOFT_TYP	PPP

TIME_SYS	TAI

GEOD_SYS	ITRF2020	2023.168479484
GEOC_POS	-4713789.673	-3817132.607	-1965764.360
GEOC_COV	+9.84516577E-06	+6.81917018E-06	+1.83197657E-06	+5.36688386E-06	+3.65957401E-06	+2.71256325E-06
GEOD_POS	-18.070132850	-141.000139528	-3.502
GEOD_COV	+2.46988395E-16	+2.51947572E-17	+1.54196772E-05	+6.18173413E-18	-3.84073005E-12	-1.06421236E-12
UTM__07S	8002055.204	499985.235	-3.502
UTM__COV	+3.08643644E-07	+2.76799169E-06	+1.54196772E-05	+7.24315902E-08	-1.17788225E-07	-4.06591131E-07
MERC_POS	-2032512.259	-15696063.734	-3.502
MERC_COV	+3.08643644E-07	+2.76799169E-06	+1.54196772E-05	+7.24315902E-08	-1.17788225E-07	-4.06591131E-07
VERT_I95	0.008
HORI_I95	0.004
3D___I95	0.009

GEOD_SYS	ITRF1992	1993.000000000	(RGPF)
GEOC_POS	-4713788.154	-3817133.974	-1965765.329
GEOC_COV	+9.84500000E-06	+6.81900000E-06	+1.83200000E-06	+5.36700000E-06	+3.66000000E-06	+2.71300000E-06
GEOD_POS	-18.070142074	-141.000120457	-3.506
GEOD_COV	+2.46963277E-16	+2.51668905E-17	+1.54199878E-05	+6.17654782E-18	-3.84036157E-12	-1.06881759E-12
UTM__07S	8002054.183	499987.253	-3.506
UTM__COV	+3.08302269E-07	+2.76770990E-06	+1.54199878E-05	+7.23708183E-08	-1.18297938E-07	-4.06552101E-07
MERC_POS	-2032513.333	-15696061.611	-3.506
MERC_COV	+3.08302269E-07	+2.76770990E-06	+1.54199878E-05	+7.23708183E-08	-1.18297938E-07	-4.06552101E-07
VERT_I95	0.008
HORI_I95	0.004
3D___I95	0.009

