SOFT_NAM	Gins
SOFT_VER	22.1
SOFT_TYP	PPP

TIME_SYS	TAI

GEOD_SYS	ITRF2020	2023.171219210
GEOC_POS	-4713789.782	-3817132.630	-1965764.376
GEOC_COV	+8.59194032E-04	+8.36370295E-04	+1.98447976E-04	+4.96146488E-04	+3.42003728E-04	+2.73563967E-04
GEOD_POS	-18.070132710	-141.000140004	-3.402
GEOD_COV	+3.21322733E-14	+4.04539576E-15	+1.48434948E-03	+2.64870468E-15	+8.18430207E-10	-1.66158486E-10
UTM__07S	8002055.219	499985.185	-3.402
UTM__COV	+4.95573630E-05	+3.60105456E-04	+1.48434948E-03	+3.10349643E-05	-1.83906091E-05	+8.66414625E-05
MERC_POS	-2032512.243	-15696063.787	-3.402
MERC_COV	+4.95573630E-05	+3.60105456E-04	+1.48434948E-03	+3.10349643E-05	-1.83906091E-05	+8.66414625E-05
VERT_I95	0.077
HORI_I95	0.040
3D___I95	0.087

GEOD_SYS	ITRF1992	1993.000000000	(RGPF)
GEOC_POS	-4713788.262	-3817133.997	-1965765.345
GEOC_COV	+8.59194000E-04	+8.36370000E-04	+1.98448000E-04	+4.96146000E-04	+3.42004000E-04	+2.73564000E-04
GEOD_POS	-18.070141935	-141.000120932	-3.407
GEOD_COV	+3.21322968E-14	+4.04538156E-15	+1.48434913E-03	+2.64871500E-15	+8.18424366E-10	-1.66159619E-10
UTM__07S	8002054.198	499987.203	-3.407
UTM__COV	+4.95571891E-05	+3.60105681E-04	+1.48434913E-03	+3.10350836E-05	-1.83907345E-05	+8.66408396E-05
MERC_POS	-2032513.316	-15696061.664	-3.407
MERC_COV	+4.95571891E-05	+3.60105681E-04	+1.48434913E-03	+3.10350836E-05	-1.83907345E-05	+8.66408396E-05
VERT_I95	0.077
HORI_I95	0.040
3D___I95	0.087

