SOFT_NAM	Gins
SOFT_VER	22.1
SOFT_TYP	PPP

TIME_SYS	TAI

GEOD_SYS	ITRF2020	2023.165739758
GEOC_POS	-4713789.697	-3817132.614	-1965764.372
GEOC_COV	+1.30163982E-05	+9.10909217E-06	+2.41685333E-06	+7.33655821E-06	+4.70511447E-06	+3.71811756E-06
GEOD_POS	-18.070132893	-141.000139615	-3.477
GEOD_COV	+3.10549502E-16	+3.60583381E-17	+2.06202986E-05	-4.40657644E-18	-3.67196776E-12	-5.16312706E-13
UTM__07S	8002055.199	499985.226	-3.477
UTM__COV	+4.41725906E-07	+3.48031918E-06	+2.06202986E-05	-5.16320073E-08	-5.71460734E-08	-3.88725453E-07
MERC_POS	-2032512.264	-15696063.744	-3.477
MERC_COV	+4.41725906E-07	+3.48031918E-06	+2.06202986E-05	-5.16320073E-08	-5.71460734E-08	-3.88725453E-07
VERT_I95	0.009
HORI_I95	0.004
3D___I95	0.010

GEOD_SYS	ITRF1992	1993.000000000	(RGPF)
GEOC_POS	-4713788.177	-3817133.981	-1965765.342
GEOC_COV	+1.30160000E-05	+9.10900000E-06	+2.41700000E-06	+7.33700000E-06	+4.70500000E-06	+3.71800000E-06
GEOD_POS	-18.070142117	-141.000120546	-3.481
GEOD_COV	+3.10491960E-16	+3.60782197E-17	+2.06203566E-05	-4.39859240E-18	-3.66990678E-12	-5.15072368E-13
UTM__07S	8002054.178	499987.244	-3.481
UTM__COV	+4.41969463E-07	+3.47967394E-06	+2.06203566E-05	-5.15384553E-08	-5.70087914E-08	-3.88507251E-07
MERC_POS	-2032513.338	-15696061.621	-3.481
MERC_COV	+4.41969463E-07	+3.47967394E-06	+2.06203566E-05	-5.15384553E-08	-5.70087914E-08	-3.88507251E-07
VERT_I95	0.009
HORI_I95	0.004
3D___I95	0.010

