SOFT_NAM	Gins
SOFT_VER	24.2
SOFT_TYP	PPP

TIME_SYS	TAI

GEOD_SYS	ITRF2020	2025.341082223
GEOC_POS	-5060012.800	-3461901.533	-1752558.607
GEOC_COV	+1.28813990E-05	+8.27804311E-06	+1.97678458E-06	+6.68208568E-06	+4.21648480E-06	+3.00528400E-06
GEOD_POS	-16.054816262	-145.621294154	1.720
GEOD_COV	+3.07220929E-16	+3.45554658E-17	+1.91953653E-05	-1.63086420E-18	+2.73346798E-12	-2.00387012E-12
UTM__06S	8224510.342	647481.759	1.720
UTM__COV	+4.23148159E-07	+3.51771324E-06	+1.91953653E-05	-1.93112537E-08	-2.21746831E-07	+2.92495244E-07
MERC_POS	-1799261.317	-16210488.314	1.720
MERC_COV	+4.23148159E-07	+3.51771324E-06	+1.91953653E-05	-1.93112537E-08	-2.21746831E-07	+2.92495244E-07
VERT_I95	0.009
HORI_I95	0.004
3D___I95	0.010

GEOD_SYS	ITRF1992	1993.000000000	(RGPF)
GEOC_POS	-5060011.343	-3461903.119	-1752559.655
GEOC_COV	+1.28810000E-05	+8.27800000E-06	+1.97700000E-06	+6.68200000E-06	+4.21600000E-06	+3.00500000E-06
GEOD_POS	-16.054826133	-145.621274223	1.715
GEOD_COV	+3.07214243E-16	+3.45937522E-17	+1.91947467E-05	-1.63087408E-18	+2.73473170E-12	-2.00094542E-12
UTM__06S	8224509.236	647483.884	1.715
UTM__COV	+4.23616995E-07	+3.51763633E-06	+1.91947467E-05	-1.93113697E-08	-2.21423186E-07	+2.92630454E-07
MERC_POS	-1799262.453	-16210486.095	1.715
MERC_COV	+4.23616995E-07	+3.51763633E-06	+1.91947467E-05	-1.93113697E-08	-2.21423186E-07	+2.92630454E-07
VERT_I95	0.009
HORI_I95	0.004
3D___I95	0.010

