SOFT_NAM	Gins
SOFT_VER	25.2
SOFT_TYP	IPPP

TIME_SYS	TAI

GEOD_SYS	ITRF2020	2023.382187627
GEOC_POS	-5124790.409	-3449167.574	-1582258.904
GEOC_COV	+4.92749606E-06	+2.67505198E-06	+8.26105369E-07	+3.01869358E-06	+1.42410000E-06	+1.00165629E-06
GEOD_POS	-14.459472017	-146.058033327	1.408
GEOD_COV	+4.99542616E-17	+3.02757178E-17	+7.47733620E-06	-9.58811799E-19	+9.19417121E-13	-2.31457845E-13
UTM__06S	8401249.005	601522.385	1.408
UTM__COV	+3.70635282E-07	+5.80681921E-07	+7.47733620E-06	-1.14377975E-08	-2.56093208E-08	+9.91277999E-08
MERC_POS	-1616321.022	-16259105.896	1.408
MERC_COV	+3.70635282E-07	+5.80681921E-07	+7.47733620E-06	-1.14377975E-08	-2.56093208E-08	+9.91277999E-08
VERT_I95	0.005
HORI_I95	0.002
3D___I95	0.006

GEOD_SYS	ITRF1992	1993.000000000	(RGPF)
GEOC_POS	-5124789.069	-3449169.095	-1582259.899
GEOC_COV	+4.92700000E-06	+2.67500000E-06	+8.26000000E-07	+3.01900000E-06	+1.42400000E-06	+1.00200000E-06
GEOD_POS	-14.459481314	-146.058014686	1.402
GEOD_COV	+4.99134582E-17	+3.02629670E-17	+7.47731325E-06	-9.79766235E-19	+9.23070274E-13	-2.32240209E-13
UTM__06S	8401247.969	601524.390	1.402
UTM__COV	+3.70479186E-07	+5.80207562E-07	+7.47731325E-06	-1.16877654E-08	-2.56958843E-08	+9.95216637E-08
MERC_POS	-1616322.085	-16259103.821	1.402
MERC_COV	+3.70479186E-07	+5.80207562E-07	+7.47731325E-06	-1.16877654E-08	-2.56958843E-08	+9.95216637E-08
VERT_I95	0.005
HORI_I95	0.002
3D___I95	0.006

