SOFT_NAM	Gins
SOFT_VER	25.2
SOFT_TYP	IPPP

TIME_SYS	TAI

GEOD_SYS	ITRF2020	2023.376708175
GEOC_POS	-5124790.367	-3449167.557	-1582258.889
GEOC_COV	+4.06951998E-05	+2.09475078E-05	+6.61910575E-06	+2.44652822E-05	+1.05172979E-05	+7.41359014E-06
GEOD_POS	-14.459471984	-146.058033242	1.361
GEOD_COV	+3.81856670E-16	+2.90148505E-16	+6.02710103E-05	-2.12365377E-17	+1.21345755E-12	+8.76921682E-12
UTM__06S	8401249.009	601522.394	1.361
UTM__COV	+3.55199741E-06	+4.43880570E-06	+6.02710103E-05	-2.53333569E-07	+9.70257392E-07	+1.30830037E-07
MERC_POS	-1616321.019	-16259105.887	1.361
MERC_COV	+3.55199741E-06	+4.43880570E-06	+6.02710103E-05	-2.53333569E-07	+9.70257392E-07	+1.30830037E-07
VERT_I95	0.016
HORI_I95	0.006
3D___I95	0.017

GEOD_SYS	ITRF1992	1993.000000000	(RGPF)
GEOC_POS	-5124789.027	-3449169.078	-1582259.883
GEOC_COV	+4.06950000E-05	+2.09480000E-05	+6.61900000E-06	+2.44650000E-05	+1.05170000E-05	+7.41400000E-06
GEOD_POS	-14.459481279	-146.058014604	1.355
GEOD_COV	+3.81902972E-16	+2.90139900E-16	+6.02707644E-05	-2.12731740E-17	+1.21639144E-12	+8.76913871E-12
UTM__06S	8401247.973	601524.399	1.355
UTM__COV	+3.55189207E-06	+4.43934355E-06	+6.02707644E-05	-2.53770598E-07	+9.70248749E-07	+1.31146352E-07
MERC_POS	-1616322.080	-16259103.812	1.355
MERC_COV	+3.55189207E-06	+4.43934355E-06	+6.02707644E-05	-2.53770598E-07	+9.70248749E-07	+1.31146352E-07
VERT_I95	0.016
HORI_I95	0.006
3D___I95	0.017

