SOFT_NAM	Gins
SOFT_VER	25.2
SOFT_TYP	IPPP

TIME_SYS	TAI

GEOD_SYS	ITRF2020	2023.384927353
GEOC_POS	-5124790.403	-3449167.573	-1582258.899
GEOC_COV	+2.80376013E-06	+1.33828046E-06	+4.44047617E-07	+1.68031617E-06	+7.87674409E-07	+5.16688083E-07
GEOD_POS	-14.459471990	-146.058033310	1.401
GEOD_COV	+2.05149813E-17	+1.66834961E-17	+4.14337716E-06	-6.19405328E-20	-4.40900372E-13	+1.08173361E-13
UTM__06S	8401249.008	601522.387	1.401
UTM__COV	+2.04239328E-07	+2.38471721E-07	+4.14337716E-06	-7.38897116E-10	+1.19686861E-08	-4.75360778E-08
MERC_POS	-1616321.019	-16259105.894	1.401
MERC_COV	+2.04239328E-07	+2.38471721E-07	+4.14337716E-06	-7.38897116E-10	+1.19686861E-08	-4.75360778E-08
VERT_I95	0.004
HORI_I95	0.001
3D___I95	0.004

GEOD_SYS	ITRF1992	1993.000000000	(RGPF)
GEOC_POS	-5124789.063	-3449169.094	-1582259.894
GEOC_COV	+2.80400000E-06	+1.33800000E-06	+4.44000000E-07	+1.68000000E-06	+7.88000000E-07	+5.17000000E-07
GEOD_POS	-14.459481288	-146.058014667	1.395
GEOD_COV	+2.05300113E-17	+1.66612038E-17	+4.14338716E-06	-7.57259405E-20	-4.43967325E-13	+1.04298126E-13
UTM__06S	8401247.972	601524.392	1.395
UTM__COV	+2.03966426E-07	+2.38646413E-07	+4.14338716E-06	-9.03345097E-10	+1.15399163E-08	-4.78667421E-08
MERC_POS	-1616322.082	-16259103.819	1.395
MERC_COV	+2.03966426E-07	+2.38646413E-07	+4.14338716E-06	-9.03345097E-10	+1.15399163E-08	-4.78667421E-08
VERT_I95	0.004
HORI_I95	0.001
3D___I95	0.004

