SOFT_NAM	Gins
SOFT_VER	25.2
SOFT_TYP	IPPP

TIME_SYS	TAI

GEOD_SYS	ITRF2020	2023.379447901
GEOC_POS	-5124790.413	-3449167.581	-1582258.905
GEOC_COV	+4.90136642E-06	+2.18809335E-06	+7.65679615E-07	+2.78069022E-06	+1.33146427E-06	+8.70215983E-07
GEOD_POS	-14.459472007	-146.058033296	1.415
GEOD_COV	+3.93901839E-17	+2.95944880E-17	+7.03496150E-06	-2.64961039E-18	-1.93524978E-12	+2.36264563E-13
UTM__06S	8401249.007	601522.388	1.415
UTM__COV	+3.62295669E-07	+4.57882210E-07	+7.03496150E-06	-3.16075661E-08	+2.61411532E-08	-2.08650730E-07
MERC_POS	-1616321.021	-16259105.893	1.415
MERC_COV	+3.62295669E-07	+4.57882210E-07	+7.03496150E-06	-3.16075661E-08	+2.61411532E-08	-2.08650730E-07
VERT_I95	0.005
HORI_I95	0.002
3D___I95	0.006

GEOD_SYS	ITRF1992	1993.000000000	(RGPF)
GEOC_POS	-5124789.073	-3449169.102	-1582259.899
GEOC_COV	+4.90100000E-06	+2.18800000E-06	+7.66000000E-07	+2.78100000E-06	+1.33100000E-06	+8.70000000E-07
GEOD_POS	-14.459481303	-146.058014657	1.409
GEOD_COV	+3.93501563E-17	+2.96390345E-17	+7.03474211E-06	-2.65102234E-18	-1.93290020E-12	+2.39587484E-13
UTM__06S	8401247.970	601524.393	1.409
UTM__COV	+3.62841007E-07	+4.57416879E-07	+7.03474211E-06	-3.16244081E-08	+2.65088130E-08	-2.08397399E-07
MERC_POS	-1616322.083	-16259103.818	1.409
MERC_COV	+3.62841007E-07	+4.57416879E-07	+7.03474211E-06	-3.16244081E-08	+2.65088130E-08	-2.08397399E-07
VERT_I95	0.005
HORI_I95	0.002
3D___I95	0.006

