SOFT_NAM	Gins
SOFT_VER	25.1
SOFT_TYP	PPP

TIME_SYS	TAI

GEOD_SYS	ITRF2020	2025.899986333
GEOC_POS	-4147754.164	-4152259.132	-2488718.253
GEOC_COV	+1.65491830E-05	+1.52677593E-05	+4.52948608E-06	+8.30065735E-06	+6.31389083E-06	+5.78488023E-06
GEOD_POS	-23.117770954	-134.968901776	-3.917
GEOD_COV	+7.25132571E-16	+1.12907937E-16	+2.73531451E-05	+8.21615627E-18	-7.28512427E-12	+1.07323897E-11
UTM__08S	7443442.589	503184.222	-3.917
UTM__COV	+1.38476907E-06	+7.60851422E-06	+2.73531451E-05	+9.32043868E-08	+1.18856483E-06	-7.46239419E-07
MERC_POS	-2629497.437	-15024669.419	-3.917
MERC_COV	+1.38476907E-06	+7.60851422E-06	+2.73531451E-05	+9.32043868E-08	+1.18856483E-06	-7.46239419E-07
VERT_I95	0.010
HORI_I95	0.006
3D___I95	0.012

GEOD_SYS	ITRF1992	1993.000000000	(RGPF)
GEOC_POS	-4147752.324	-4152260.387	-2488719.215
GEOC_COV	+1.65490000E-05	+1.52680000E-05	+4.52900000E-06	+8.30100000E-06	+6.31400000E-06	+5.78500000E-06
GEOD_POS	-23.117780408	-134.968880413	-3.919
GEOD_COV	+7.25102789E-16	+1.12869587E-16	+2.73535006E-05	+8.22290881E-18	-7.28326575E-12	+1.07342136E-11
UTM__08S	7443441.542	503186.409	-3.919
UTM__COV	+1.38429872E-06	+7.60820066E-06	+2.73535006E-05	+9.32809814E-08	+1.18876682E-06	-7.46048992E-07
MERC_POS	-2629498.574	-15024667.041	-3.919
MERC_COV	+1.38429872E-06	+7.60820066E-06	+2.73535006E-05	+9.32809814E-08	+1.18876682E-06	-7.46048992E-07
VERT_I95	0.010
HORI_I95	0.006
3D___I95	0.012

GEOD_SYS	ITRF2005	2007.274000000	(RGTAAF)
GEOC_POS	-4147753.128	-4152259.849	-2488718.790
GEOC_COV	+1.65490000E-05	+1.52680000E-05	+4.52900000E-06	+8.30100000E-06	+6.31400000E-06	+5.78500000E-06
GEOD_POS	-23.117776211	-134.968889676	-3.913
GEOD_COV	+7.25102723E-16	+1.12869572E-16	+2.73535010E-05	+8.22289412E-18	-7.28323605E-12	+1.07341967E-11
UTM__08S	7443442.007	503185.461	-3.913
UTM__COV	+1.38429854E-06	+7.60820045E-06	+2.73535010E-05	+9.32808178E-08	+1.18876495E-06	-7.46045974E-07
MERC_POS	-2629498.069	-15024668.072	-3.913
MERC_COV	+1.38429854E-06	+7.60820045E-06	+2.73535010E-05	+9.32808178E-08	+1.18876495E-06	-7.46045974E-07
VERT_I95	0.010
HORI_I95	0.006
3D___I95	0.012

