SOFT_NAM	Gins
SOFT_VER	22.2
SOFT_TYP	PPP

TIME_SYS	TAI

GEOD_SYS	ITRF2020	2023.269849347
GEOC_POS	-4594703.444	-3297394.572	-2939096.418
GEOC_COV	+9.19731013E-06	+5.38881506E-06	+3.81543680E-06	+4.90724049E-06	+5.33310658E-06	+3.59587140E-06
GEOD_POS	-27.618351211	-144.334840764	-1.208
GEOD_COV	+2.08815293E-16	+3.34761265E-17	+1.59560188E-05	+5.34900042E-18	-2.97628303E-12	-6.99263583E-13
UTM__06S	6942236.498	763017.074	-1.208
UTM__COV	+4.11073049E-07	+2.03447013E-06	+1.59560188E-05	+5.85071632E-08	-7.74877076E-08	-2.93777639E-07
MERC_POS	-3181137.982	-16067280.978	-1.208
MERC_COV	+4.11073049E-07	+2.03447013E-06	+1.59560188E-05	+5.85071632E-08	-7.74877076E-08	-2.93777639E-07
VERT_I95	0.008
HORI_I95	0.003
3D___I95	0.009

GEOD_SYS	ITRF1992	1993.000000000	(RGPF)
GEOC_POS	-4594701.935	-3297395.847	-2939097.341
GEOC_COV	+9.19700000E-06	+5.38900000E-06	+3.81500000E-06	+4.90700000E-06	+5.33300000E-06	+3.59600000E-06
GEOD_POS	-27.618360614	-144.334821354	-1.208
GEOD_COV	+2.08840438E-16	+3.34425063E-17	+1.59556250E-05	+5.34220054E-18	-2.97412892E-12	-6.98932242E-13
UTM__06S	6942235.415	763018.968	-1.208
UTM__COV	+4.10660208E-07	+2.03471476E-06	+1.59556250E-05	+5.84327815E-08	-7.74509907E-08	-2.93564990E-07
MERC_POS	-3181139.157	-16067278.817	-1.208
MERC_COV	+4.10660208E-07	+2.03471476E-06	+1.59556250E-05	+5.84327815E-08	-7.74509907E-08	-2.93564990E-07
VERT_I95	0.008
HORI_I95	0.003
3D___I95	0.009

GEOD_SYS	ITRF2005	2007.274000000	(RGTAAF)
GEOC_POS	-4594702.652	-3297395.252	-2939096.899
GEOC_COV	+9.19700000E-06	+5.38900000E-06	+3.81500000E-06	+4.90700000E-06	+5.33300000E-06	+3.59600000E-06
GEOD_POS	-27.618356090	-144.334830489	-1.204
GEOD_COV	+2.08840413E-16	+3.34425066E-17	+1.59556251E-05	+5.34219046E-18	-2.97410889E-12	-6.98943199E-13
UTM__06S	6942235.935	763018.077	-1.204
UTM__COV	+4.10660211E-07	+2.03471469E-06	+1.59556251E-05	+5.84326737E-08	-7.74522049E-08	-2.93563025E-07
MERC_POS	-3181138.592	-16067279.834	-1.204
MERC_COV	+4.10660211E-07	+2.03471469E-06	+1.59556251E-05	+5.84326737E-08	-7.74522049E-08	-2.93563025E-07
VERT_I95	0.008
HORI_I95	0.003
3D___I95	0.009

