SOFT_NAM	Gins
SOFT_VER	22.1
SOFT_TYP	PPP

TIME_SYS	TAI

GEOD_SYS	ITRF2020	2023.058890443
GEOC_POS	-4147754.002	-4152259.261	-2488718.334
GEOC_COV	+1.49279585E-05	+1.29876684E-05	+4.60955346E-06	+8.37568910E-06	+6.96533972E-06	+6.17814157E-06
GEOD_POS	-23.117771703	-134.968899774	-3.907
GEOD_COV	+5.32107503E-16	+5.13577272E-17	+2.63121166E-05	+1.16452787E-17	-1.09449885E-11	-2.58757379E-13
UTM__08S	7443442.507	503184.427	-3.907
UTM__COV	+6.29881248E-07	+5.58318249E-06	+2.63121166E-05	+1.32104481E-07	-2.86562386E-08	-1.12113143E-06
MERC_POS	-2629497.527	-15024669.196	-3.907
MERC_COV	+6.29881248E-07	+5.58318249E-06	+2.63121166E-05	+1.32104481E-07	-2.86562386E-08	-1.12113143E-06
VERT_I95	0.010
HORI_I95	0.005
3D___I95	0.011

GEOD_SYS	ITRF1992	1993.000000000	(RGPF)
GEOC_POS	-4147752.302	-4152260.414	-2488719.233
GEOC_COV	+1.49280000E-05	+1.29880000E-05	+4.61000000E-06	+8.37600000E-06	+6.96500000E-06	+6.17800000E-06
GEOD_POS	-23.117780544	-134.968880079	-3.909
GEOD_COV	+5.32095770E-16	+5.14148153E-17	+2.63123599E-05	+1.16389577E-17	-1.09432164E-11	-2.56430994E-13
UTM__08S	7443441.527	503186.443	-3.909
UTM__COV	+6.30581411E-07	+5.58305864E-06	+2.63123599E-05	+1.32032767E-07	-2.83986018E-08	-1.12094984E-06
MERC_POS	-2629498.591	-15024667.003	-3.909
MERC_COV	+6.30581411E-07	+5.58305864E-06	+2.63123599E-05	+1.32032767E-07	-2.83986018E-08	-1.12094984E-06
VERT_I95	0.010
HORI_I95	0.005
3D___I95	0.011

GEOD_SYS	ITRF2005	2007.274000000	(RGTAAF)
GEOC_POS	-4147753.115	-4152259.873	-2488718.799
GEOC_COV	+1.49280000E-05	+1.29880000E-05	+4.61000000E-06	+8.37600000E-06	+6.96500000E-06	+6.17800000E-06
GEOD_POS	-23.117776259	-134.968889427	-3.903
GEOD_COV	+5.32095705E-16	+5.14148142E-17	+2.63123603E-05	+1.16389364E-17	-1.09431856E-11	-2.56447870E-13
UTM__08S	7443442.002	503185.486	-3.903
UTM__COV	+6.30581398E-07	+5.58305832E-06	+2.63123603E-05	+1.32032529E-07	-2.84004707E-08	-1.12094672E-06
MERC_POS	-2629498.075	-15024668.044	-3.903
MERC_COV	+6.30581398E-07	+5.58305832E-06	+2.63123603E-05	+1.32032529E-07	-2.84004707E-08	-1.12094672E-06
VERT_I95	0.010
HORI_I95	0.005
3D___I95	0.011

