SOFT_NAM	Gins
SOFT_VER	25.2
SOFT_TYP	IPPP

TIME_SYS	TAI

GEOD_SYS	ITRF2020	2025.710954750
GEOC_POS	-5741093.630	1387754.830	-2399341.496
GEOC_COV	+8.35517284E-06	+9.35998949E-07	+2.16862350E-06	-1.54862605E-06	+3.52265986E-06	-7.34924736E-07
GEOD_POS	-22.242718002	166.410954987	80.374
GEOD_COV	+6.00574016E-17	+4.70885970E-17	+1.02441606E-05	+1.31471662E-18	+3.26001796E-12	-2.65616292E-12
UTM__58S	7539629.380	645401.386	80.374
UTM__COV	+5.77411327E-07	+6.38223356E-07	+1.02441606E-05	+1.50079027E-08	-2.94130109E-07	+3.36064834E-07
MERC_POS	-2524523.920	18524782.772	80.374
MERC_COV	+5.77411327E-07	+6.38223356E-07	+1.02441606E-05	+1.50079027E-08	-2.94130109E-07	+3.36064834E-07
VERT_I95	0.006
HORI_I95	0.002
3D___I95	0.007

GEOD_SYS	ITRF1990	1989.000000000	(RGNC91-93)
GEOC_POS	-5741092.814	1387755.475	-2399343.095
GEOC_COV	+8.35500000E-06	+9.36000000E-07	+2.16900000E-06	-1.54900000E-06	+3.52300000E-06	-7.35000000E-07
GEOD_POS	-22.242733567	166.410947042	80.385
GEOD_COV	+6.00405456E-17	+4.70950726E-17	+1.02444652E-05	+1.30182494E-18	+3.25671144E-12	-2.65955071E-12
UTM__58S	7539627.665	645400.551	80.385
UTM__COV	+5.77490736E-07	+6.38044090E-07	+1.02444652E-05	+1.48607385E-08	-2.94505257E-07	+3.35723939E-07
MERC_POS	-2524525.781	18524781.887	80.385
MERC_COV	+5.77490736E-07	+6.38044090E-07	+1.02444652E-05	+1.48607385E-08	-2.94505257E-07	+3.35723939E-07
VERT_I95	0.006
HORI_I95	0.002
3D___I95	0.007

GEOD_SYS	ITRF2005	2007.274000000	(RGTAAF)
GEOC_POS	-5741093.229	1387755.140	-2399342.286
GEOC_COV	+8.35500000E-06	+9.36000000E-07	+2.16900000E-06	-1.54900000E-06	+3.52300000E-06	-7.35000000E-07
GEOD_POS	-22.242725696	166.410951147	80.379
GEOD_COV	+6.00405347E-17	+4.70950795E-17	+1.02444651E-05	+1.30182269E-18	+3.25670518E-12	-2.65956261E-12
UTM__58S	7539628.532	645400.983	80.379
UTM__COV	+5.77490819E-07	+6.38044045E-07	+1.02444651E-05	+1.48607136E-08	-2.94506574E-07	+3.35723312E-07
MERC_POS	-2524524.840	18524782.344	80.379
MERC_COV	+5.77490819E-07	+6.38044045E-07	+1.02444651E-05	+1.48607136E-08	-2.94506574E-07	+3.35723312E-07
VERT_I95	0.006
HORI_I95	0.002
3D___I95	0.007

