SOFT_NAM	Gins
SOFT_VER	25.2
SOFT_TYP	IPPP

TIME_SYS	TAI

GEOD_SYS	ITRF2020	2025.705475298
GEOC_POS	-5741093.624	1387754.832	-2399341.499
GEOC_COV	+7.39488402E-05	+5.85562022E-06	+1.40650665E-05	-9.72370515E-06	+2.86512733E-05	-3.79329354E-06
GEOD_POS	-22.242718053	166.410954957	80.369
GEOD_COV	+4.86811407E-16	+2.12365545E-16	+8.60921603E-05	-1.80385694E-17	+7.31416111E-11	+6.46507872E-12
UTM__58S	7539629.375	645401.383	80.369
UTM__COV	+2.60407569E-06	+5.17329090E-06	+8.60921603E-05	-2.05915928E-07	+7.15910267E-07	+7.53993496E-06
MERC_POS	-2524523.926	18524782.768	80.369
MERC_COV	+2.60407569E-06	+5.17329090E-06	+8.60921603E-05	-2.05915928E-07	+7.15910267E-07	+7.53993496E-06
VERT_I95	0.019
HORI_I95	0.006
3D___I95	0.019

GEOD_SYS	ITRF1990	1989.000000000	(RGNC91-93)
GEOC_POS	-5741092.808	1387755.477	-2399343.099
GEOC_COV	+7.39490000E-05	+5.85600000E-06	+1.40650000E-05	-9.72400000E-06	+2.86510000E-05	-3.79300000E-06
GEOD_POS	-22.242733616	166.410947014	80.381
GEOD_COV	+4.86833615E-16	+2.12383638E-16	+8.60921767E-05	-1.80666878E-17	+7.31397264E-11	+6.46861652E-12
UTM__58S	7539627.660	645400.549	80.381
UTM__COV	+2.60429757E-06	+5.17352578E-06	+8.60921767E-05	-2.06236887E-07	+7.16302028E-07	+7.53973985E-06
MERC_POS	-2524525.787	18524781.884	80.381
MERC_COV	+2.60429757E-06	+5.17352578E-06	+8.60921767E-05	-2.06236887E-07	+7.16302028E-07	+7.53973985E-06
VERT_I95	0.019
HORI_I95	0.006
3D___I95	0.019

GEOD_SYS	ITRF2005	2007.274000000	(RGTAAF)
GEOC_POS	-5741093.222	1387755.142	-2399342.290
GEOC_COV	+7.39490000E-05	+5.85600000E-06	+1.40650000E-05	-9.72400000E-06	+2.86510000E-05	-3.79300000E-06
GEOD_POS	-22.242725745	166.410951119	80.374
GEOD_COV	+4.86833469E-16	+2.12383621E-16	+8.60921778E-05	-1.80667756E-17	+7.31396699E-11	+6.46851468E-12
UTM__58S	7539628.527	645400.980	80.374
UTM__COV	+2.60429736E-06	+5.17352480E-06	+8.60921778E-05	-2.06237900E-07	+7.16290750E-07	+7.53973444E-06
MERC_POS	-2524524.846	18524782.341	80.374
MERC_COV	+2.60429736E-06	+5.17352480E-06	+8.60921778E-05	-2.06237900E-07	+7.16290750E-07	+7.53973444E-06
VERT_I95	0.019
HORI_I95	0.006
3D___I95	0.019

