SOFT_NAM	Gins
SOFT_VER	25.2
SOFT_TYP	IPPP

TIME_SYS	TAI

GEOD_SYS	ITRF2020	2025.708215024
GEOC_POS	-5741093.627	1387754.828	-2399341.496
GEOC_COV	+7.28188634E-06	+7.96462530E-07	+1.86030869E-06	-1.30105911E-06	+3.01901576E-06	-6.10726435E-07
GEOD_POS	-22.242718015	166.410954998	80.370
GEOD_COV	+5.27170171E-17	+4.19300858E-17	+8.86428320E-06	+1.35276607E-18	+3.33149574E-12	-1.92922571E-12
UTM__58S	7539629.379	645401.387	80.370
UTM__COV	+5.14156462E-07	+5.60217902E-07	+8.86428320E-06	+1.54422491E-08	-2.13632742E-07	+3.43433250E-07
MERC_POS	-2524523.922	18524782.773	80.370
MERC_COV	+5.14156462E-07	+5.60217902E-07	+8.86428320E-06	+1.54422491E-08	-2.13632742E-07	+3.43433250E-07
VERT_I95	0.006
HORI_I95	0.002
3D___I95	0.006

GEOD_SYS	ITRF1990	1989.000000000	(RGNC91-93)
GEOC_POS	-5741092.811	1387755.473	-2399343.095
GEOC_COV	+7.28200000E-06	+7.96000000E-07	+1.86000000E-06	-1.30100000E-06	+3.01900000E-06	-6.11000000E-07
GEOD_POS	-22.242733579	166.410947054	80.382
GEOD_COV	+5.26790465E-17	+4.19063522E-17	+8.86432029E-06	+1.38073983E-18	+3.33216996E-12	-1.92837057E-12
UTM__58S	7539627.664	645400.553	80.382
UTM__COV	+5.13865439E-07	+5.59814271E-07	+8.86432029E-06	+1.57615767E-08	-2.13538049E-07	+3.43502716E-07
MERC_POS	-2524525.783	18524781.889	80.382
MERC_COV	+5.13865439E-07	+5.59814271E-07	+8.86432029E-06	+1.57615767E-08	-2.13538049E-07	+3.43502716E-07
VERT_I95	0.006
HORI_I95	0.002
3D___I95	0.006

GEOD_SYS	ITRF2005	2007.274000000	(RGTAAF)
GEOC_POS	-5741093.226	1387755.138	-2399342.286
GEOC_COV	+7.28200000E-06	+7.96000000E-07	+1.86000000E-06	-1.30100000E-06	+3.01900000E-06	-6.11000000E-07
GEOD_POS	-22.242725708	166.410951159	80.376
GEOD_COV	+5.26790363E-17	+4.19063572E-17	+8.86432028E-06	+1.38073697E-18	+3.33216451E-12	-1.92838084E-12
UTM__58S	7539628.531	645400.984	80.376
UTM__COV	+5.13865498E-07	+5.59814224E-07	+8.86432028E-06	+1.57615448E-08	-2.13539186E-07	+3.43502173E-07
MERC_POS	-2524524.841	18524782.345	80.376
MERC_COV	+5.13865498E-07	+5.59814224E-07	+8.86432028E-06	+1.57615448E-08	-2.13539186E-07	+3.43502173E-07
VERT_I95	0.006
HORI_I95	0.002
3D___I95	0.006

