SOFT_NAM	Gins
SOFT_VER	25.2
SOFT_TYP	IPPP

TIME_SYS	TAI

GEOD_SYS	ITRF2020	2021.795886257
GEOC_POS	4332776.309	-166570.126	4661991.203
GEOC_COV	+1.54616851E-05	+1.75079233E-06	+1.42891294E-05	-3.46773565E-07	+1.17733197E-05	-4.57866384E-07
GEOD_POS	47.266902529	-02.201606295	55.077
GEOD_COV	+3.04591769E-16	+2.57262428E-16	+2.65773560E-05	-1.61879033E-17	+1.56827542E-12	-1.36627191E-11
UTM__30N	5235133.806	560395.259	55.077
UTM__COV	+3.17984773E-06	+1.74440302E-06	+2.65773560E-05	-1.36197744E-07	-1.51898022E-06	+1.18682495E-07
MERC_POS	5954348.444	-245081.692	55.077
MERC_COV	+3.17984773E-06	+1.74440302E-06	+2.65773560E-05	-1.36197744E-07	-1.51898022E-06	+1.18682495E-07
VERT_I95	0.010
HORI_I95	0.004
3D___I95	0.011

GEOD_SYS	ETRF2000	2019.000000000	(RGF93_v2b)
GEOC_POS	4332776.719	-166570.678	4661990.785
GEOC_COV	+1.54620000E-05	+1.75100000E-06	+1.42890000E-05	-3.47000000E-07	+1.17730000E-05	-4.58000000E-07
GEOD_POS	47.266897132	-02.201613380	55.062
GEOD_COV	+3.04624969E-16	+2.57297437E-16	+2.65771261E-05	-1.61803399E-17	+1.56490216E-12	-1.36645446E-11
UTM__30N	5235133.200	560394.729	55.062
UTM__COV	+3.18028043E-06	+1.74459350E-06	+2.65771261E-05	-1.36134122E-07	-1.51918317E-06	+1.18427229E-07
MERC_POS	5954347.561	-245082.480	55.062
MERC_COV	+3.18028043E-06	+1.74459350E-06	+2.65771261E-05	-1.36134122E-07	-1.51918317E-06	+1.18427229E-07
VERT_I95	0.010
HORI_I95	0.004
3D___I95	0.011

