SOFT_NAM	Gins
SOFT_VER	25.2
SOFT_TYP	IPPP

TIME_SYS	TAI

GEOD_SYS	ITRF2020	2021.798625983
GEOC_POS	4332776.324	-166570.118	4661991.215
GEOC_COV	+1.09643026E-05	+1.01512510E-06	+9.68413571E-06	-1.81069561E-07	+8.45470973E-06	-7.25875088E-08
GEOD_POS	47.266902503	-02.201606188	55.096
GEOD_COV	+1.77388297E-16	+1.57729028E-16	+1.86980748E-05	+2.76406564E-18	+4.25426456E-12	-1.17446950E-11
UTM__30N	5235133.803	560395.267	55.096
UTM__COV	+1.94958237E-06	+1.01590625E-06	+1.86980748E-05	+2.32556064E-08	-1.30574005E-06	+3.21950296E-07
MERC_POS	5954348.439	-245081.680	55.096
MERC_COV	+1.94958237E-06	+1.01590625E-06	+1.86980748E-05	+2.32556064E-08	-1.30574005E-06	+3.21950296E-07
VERT_I95	0.009
HORI_I95	0.003
3D___I95	0.009

GEOD_SYS	ETRF2000	2019.000000000	(RGF93_v2b)
GEOC_POS	4332776.734	-166570.670	4661990.797
GEOC_COV	+1.09640000E-05	+1.01500000E-06	+9.68400000E-06	-1.81000000E-07	+8.45500000E-06	-7.30000000E-08
GEOD_POS	47.266897106	-02.201613273	55.081
GEOD_COV	+1.77367313E-16	+1.57685850E-16	+1.86981651E-05	+2.72624098E-18	+4.25095361E-12	-1.17441269E-11
UTM__30N	5235133.198	560394.738	55.081
UTM__COV	+1.94904866E-06	+1.01578628E-06	+1.86981651E-05	+2.29373689E-08	-1.30567688E-06	+3.21699765E-07
MERC_POS	5954347.557	-245082.468	55.081
MERC_COV	+1.94904866E-06	+1.01578628E-06	+1.86981651E-05	+2.29373689E-08	-1.30567688E-06	+3.21699765E-07
VERT_I95	0.009
HORI_I95	0.003
3D___I95	0.009

