SOFT_NAM	Gins
SOFT_VER	25.2
SOFT_TYP	IPPP

TIME_SYS	TAI

GEOD_SYS	ITRF2020	2021.804105435
GEOC_POS	4332776.322	-166570.120	4661991.205
GEOC_COV	+3.07538208E-05	+3.02244260E-06	+3.17007931E-05	-3.82723470E-08	+2.57993487E-05	+9.22648807E-07
GEOD_POS	47.266902450	-02.201606214	55.087
GEOD_COV	+5.34384330E-16	+4.45383286E-16	+5.69115439E-05	+6.46910684E-17	+2.77716577E-11	-1.38888638E-11
UTM__30N	5235133.797	560395.265	55.087
UTM__COV	+5.50508306E-06	+3.06042952E-06	+5.69115439E-05	+5.44281582E-07	-1.54412232E-06	+2.10167781E-06
MERC_POS	5954348.431	-245081.683	55.087
MERC_COV	+5.50508306E-06	+3.06042952E-06	+5.69115439E-05	+5.44281582E-07	-1.54412232E-06	+2.10167781E-06
VERT_I95	0.015
HORI_I95	0.006
3D___I95	0.016

GEOD_SYS	ETRF2000	2019.000000000	(RGF93_v2b)
GEOC_POS	4332776.732	-166570.672	4661990.787
GEOC_COV	+3.07540000E-05	+3.02200000E-06	+3.17010000E-05	-3.80000000E-08	+2.57990000E-05	+9.23000000E-07
GEOD_POS	47.266897051	-02.201613300	55.072
GEOD_COV	+5.34310797E-16	+4.45427038E-16	+5.69113672E-05	+6.46924775E-17	+2.77776410E-11	-1.38883399E-11
UTM__30N	5235133.191	560394.735	55.072
UTM__COV	+5.50562382E-06	+3.06000901E-06	+5.69113672E-05	+5.44293490E-07	-1.54406407E-06	+2.10213081E-06
MERC_POS	5954347.548	-245082.472	55.072
MERC_COV	+5.50562382E-06	+3.06000901E-06	+5.69113672E-05	+5.44293490E-07	-1.54406407E-06	+2.10213081E-06
VERT_I95	0.015
HORI_I95	0.006
3D___I95	0.016

