SOFT_NAM	Gins
SOFT_VER	25.2
SOFT_TYP	IPPP

TIME_SYS	TAI

GEOD_SYS	ITRF2020	2021.801365709
GEOC_POS	4332776.311	-166570.124	4661991.204
GEOC_COV	+9.35131785E-06	+8.92865109E-07	+8.38687148E-06	-3.10256634E-07	+7.24529595E-06	-1.93535647E-07
GEOD_POS	47.266902515	-02.201606273	55.079
GEOD_COV	+1.53924383E-16	+1.36616546E-16	+1.60609013E-05	+5.51006391E-18	+9.62150429E-13	-9.52760768E-12
UTM__30N	5235133.804	560395.261	55.079
UTM__COV	+1.68862518E-06	+8.81527952E-07	+1.60609013E-05	+4.63592017E-08	-1.05925091E-06	+7.28127294E-08
MERC_POS	5954348.441	-245081.689	55.079
MERC_COV	+1.68862518E-06	+8.81527952E-07	+1.60609013E-05	+4.63592017E-08	-1.05925091E-06	+7.28127294E-08
VERT_I95	0.008
HORI_I95	0.003
3D___I95	0.009

GEOD_SYS	ETRF2000	2019.000000000	(RGF93_v2b)
GEOC_POS	4332776.721	-166570.676	4661990.786
GEOC_COV	+9.35100000E-06	+8.93000000E-07	+8.38700000E-06	-3.10000000E-07	+7.24500000E-06	-1.94000000E-07
GEOD_POS	47.266897117	-02.201613359	55.065
GEOD_COV	+1.53951231E-16	+1.36629026E-16	+1.60605387E-05	+5.45088247E-18	+9.59692907E-13	-9.52531140E-12
UTM__30N	5235133.199	560394.731	55.065
UTM__COV	+1.68877943E-06	+8.81681886E-07	+1.60605387E-05	+4.58612801E-08	-1.05899561E-06	+7.26267585E-08
MERC_POS	5954347.559	-245082.478	55.065
MERC_COV	+1.68877943E-06	+8.81681886E-07	+1.60605387E-05	+4.58612801E-08	-1.05899561E-06	+7.26267585E-08
VERT_I95	0.008
HORI_I95	0.003
3D___I95	0.009

