SOFT_NAM	Gins
SOFT_VER	22.1
SOFT_TYP	PPP

TIME_SYS	TAI

GEOD_SYS	ITRF2014	2022.735602771
GEOC_POS	-5755946.021	1673289.445	-2172282.372
GEOC_COV	+1.33688184E-05	+4.67000587E-06	+2.25830971E-06	-2.85137333E-06	+4.99946465E-06	-1.32241011E-06
GEOD_POS	-20.043881391	163.790522362	62.194
GEOD_COV	+3.48941687E-16	+2.72700076E-17	+1.61436986E-05	-1.24272362E-17	-2.63671266E-13	-9.39058891E-13
UTM__58S	7783205.140	373510.176	62.194
UTM__COV	+3.34215790E-07	+3.81921956E-06	+1.61436986E-05	-1.43931645E-07	-1.03959380E-07	-2.75850445E-08
MERC_POS	-2263591.979	18233077.546	62.194
MERC_COV	+3.34215790E-07	+3.81921956E-06	+1.61436986E-05	-1.43931645E-07	-1.03959380E-07	-2.75850445E-08
VERT_I95	0.008
HORI_I95	0.004
3D___I95	0.009

GEOD_SYS	ITRF1990	1989.000000000	(RGNC91-93)
GEOC_POS	-5755945.257	1673290.082	-2172283.927
GEOC_COV	+1.33690000E-05	+4.67000000E-06	+2.25800000E-06	-2.85100000E-06	+4.99900000E-06	-1.32200000E-06
GEOD_POS	-20.043896301	163.790514472	62.205
GEOD_COV	+3.48960834E-16	+2.72768438E-17	+1.61432720E-05	-1.24378620E-17	-2.59509420E-13	-9.34342630E-13
UTM__58S	7783203.483	373509.363	62.205
UTM__COV	+3.34299575E-07	+3.81942841E-06	+1.61432720E-05	-1.44054700E-07	-1.03437262E-07	-2.71496335E-08
MERC_POS	-2263593.735	18233076.668	62.205
MERC_COV	+3.34299575E-07	+3.81942841E-06	+1.61432720E-05	-1.44054700E-07	-1.03437262E-07	-2.71496335E-08
VERT_I95	0.008
HORI_I95	0.004
3D___I95	0.009

