SOFT_NAM	Gins
SOFT_VER	22.1
SOFT_TYP	PPP

TIME_SYS	TAI

GEOD_SYS	ITRF2014	2022.738342497
GEOC_POS	-5755946.034	1673289.458	-2172282.379
GEOC_COV	+3.25849859E-05	+1.02797296E-05	+5.24488138E-06	-6.25165169E-06	+1.18557340E-05	-3.23253518E-06
GEOD_POS	-20.043881394	163.790522280	62.212
GEOD_COV	+7.91794565E-16	+5.98782015E-17	+3.87094303E-05	+4.09590024E-18	+6.97375849E-12	-7.01574892E-13
UTM__58S	7783205.139	373510.167	62.212
UTM__COV	+7.33855333E-07	+8.66631135E-06	+3.87094303E-05	+4.74385176E-08	-7.76684953E-08	+7.29588179E-07
MERC_POS	-2263591.979	18233077.537	62.212
MERC_COV	+7.33855333E-07	+8.66631135E-06	+3.87094303E-05	+4.74385176E-08	-7.76684953E-08	+7.29588179E-07
VERT_I95	0.012
HORI_I95	0.006
3D___I95	0.014

GEOD_SYS	ITRF1990	1989.000000000	(RGNC91-93)
GEOC_POS	-5755945.270	1673290.096	-2172283.933
GEOC_COV	+3.25850000E-05	+1.02800000E-05	+5.24500000E-06	-6.25200000E-06	+1.18560000E-05	-3.23300000E-06
GEOD_POS	-20.043896304	163.790514389	62.223
GEOD_COV	+7.91800545E-16	+5.98686152E-17	+3.87098870E-05	+4.11533030E-18	+6.96932008E-12	-7.03850891E-13
UTM__58S	7783203.483	373509.354	62.223
UTM__COV	+7.33737850E-07	+8.66637520E-06	+3.87098870E-05	+4.76635514E-08	-7.79204622E-08	+7.29123769E-07
MERC_POS	-2263593.735	18233076.659	62.223
MERC_COV	+7.33737850E-07	+8.66637520E-06	+3.87098870E-05	+4.76635514E-08	-7.79204622E-08	+7.29123769E-07
VERT_I95	0.012
HORI_I95	0.006
3D___I95	0.014

