SOFT_NAM	Gins
SOFT_VER	22.1
SOFT_TYP	PPP

TIME_SYS	TAI

GEOD_SYS	ITRF2014	2022.732863045
GEOC_POS	-5755946.039	1673289.456	-2172282.375
GEOC_COV	+1.84305312E-05	+6.11943011E-06	+3.10202020E-06	-3.93357865E-06	+6.88676456E-06	-1.72312164E-06
GEOD_POS	-20.043881352	163.790522307	62.214
GEOD_COV	+4.54078088E-16	+3.83034075E-17	+2.22125892E-05	-2.23298214E-17	+6.93265088E-13	-1.09975887E-12
UTM__58S	7783205.144	373510.170	62.214
UTM__COV	+4.69438947E-07	+4.96995340E-06	+2.22125892E-05	-2.58622907E-07	-1.21749820E-07	+7.25287539E-08
MERC_POS	-2263591.974	18233077.540	62.214
MERC_COV	+4.69438947E-07	+4.96995340E-06	+2.22125892E-05	-2.58622907E-07	-1.21749820E-07	+7.25287539E-08
VERT_I95	0.009
HORI_I95	0.005
3D___I95	0.011

GEOD_SYS	ITRF1990	1989.000000000	(RGNC91-93)
GEOC_POS	-5755945.275	1673290.094	-2172283.929
GEOC_COV	+1.84310000E-05	+6.11900000E-06	+3.10200000E-06	-3.93400000E-06	+6.88700000E-06	-1.72300000E-06
GEOD_POS	-20.043896260	163.790514418	62.225
GEOD_COV	+4.54024637E-16	+3.82978420E-17	+2.22132618E-05	-2.23480415E-17	+6.92854798E-13	-1.09915979E-12
UTM__58S	7783203.488	373509.357	62.225
UTM__COV	+4.69370741E-07	+4.96936745E-06	+2.22132618E-05	-2.58833908E-07	-1.21683499E-07	+7.24858231E-08
MERC_POS	-2263593.730	18233076.662	62.225
MERC_COV	+4.69370741E-07	+4.96936745E-06	+2.22132618E-05	-2.58833908E-07	-1.21683499E-07	+7.24858231E-08
VERT_I95	0.009
HORI_I95	0.005
3D___I95	0.011

