SOFT_NAM	Gins
SOFT_VER	24.1
SOFT_TYP	PPP

TIME_SYS	TAI

GEOD_SYS	ITRF2020	2024.902991835
GEOC_POS	-5802653.277	1246237.695	-2328306.001
GEOC_COV	+1.84202856E-05	+4.28994186E-06	+3.61271339E-06	-3.08180142E-06	+7.40747098E-06	-1.32309989E-06
GEOD_POS	-21.551376694	167.878698743	63.121
GEOD_COV	+3.39949348E-16	+4.55842203E-17	+2.21164809E-05	-1.83204396E-17	+1.74502670E-12	-1.91599322E-12
UTM__58S	7614074.994	798159.439	63.121
UTM__COV	+5.58867452E-07	+3.64759244E-06	+2.21164809E-05	-2.10125655E-07	-2.12149060E-07	+1.80758248E-07
MERC_POS	-2442058.030	18688171.259	63.121
MERC_COV	+5.58867452E-07	+3.64759244E-06	+2.21164809E-05	-2.10125655E-07	-2.12149060E-07	+1.80758248E-07
VERT_I95	0.009
HORI_I95	0.004
3D___I95	0.010

GEOD_SYS	ITRF1990	1989.000000000	(RGNC91-93)
GEOC_POS	-5802652.523	1246238.358	-2328307.542
GEOC_COV	+1.84200000E-05	+4.29000000E-06	+3.61300000E-06	-3.08200000E-06	+7.40700000E-06	-1.32300000E-06
GEOD_POS	-21.551391621	167.878690956	63.132
GEOD_COV	+3.39945826E-16	+4.56291911E-17	+2.21160273E-05	-1.83284119E-17	+1.74278610E-12	-1.91423471E-12
UTM__58S	7614073.355	798158.602	63.132
UTM__COV	+5.59418803E-07	+3.64755391E-06	+2.21160273E-05	-2.10217073E-07	-2.11954349E-07	+1.80526138E-07
MERC_POS	-2442059.806	18688170.392	63.132
MERC_COV	+5.59418803E-07	+3.64755391E-06	+2.21160273E-05	-2.10217073E-07	-2.11954349E-07	+1.80526138E-07
VERT_I95	0.009
HORI_I95	0.004
3D___I95	0.010

GEOD_SYS	ITRF2005	2007.274000000	(RGTAAF)
GEOC_POS	-5802652.915	1246238.007	-2328306.745
GEOC_COV	+1.84200000E-05	+4.29000000E-06	+3.61300000E-06	-3.08200000E-06	+7.40700000E-06	-1.32300000E-06
GEOD_POS	-21.551383903	167.878695064	63.126
GEOD_COV	+3.39945789E-16	+4.56291950E-17	+2.21160273E-05	-1.83284047E-17	+1.74277390E-12	-1.91426102E-12
UTM__58S	7614074.202	798159.043	63.126
UTM__COV	+5.59418848E-07	+3.64755389E-06	+2.21160273E-05	-2.10217001E-07	-2.11957262E-07	+1.80524883E-07
MERC_POS	-2442058.888	18688170.850	63.126
MERC_COV	+5.59418848E-07	+3.64755389E-06	+2.21160273E-05	-2.10217001E-07	-2.11957262E-07	+1.80524883E-07
VERT_I95	0.009
HORI_I95	0.004
3D___I95	0.010

