SOFT_NAM	Gins
SOFT_VER	25.1
SOFT_TYP	PPP

TIME_SYS	TAI

GEOD_SYS	ITRF2020	2026.228753456
GEOC_POS	-5746187.374	1425818.658	-2364769.011
GEOC_COV	+6.34564322E-06	+2.58405777E-06	+1.26394630E-06	-1.08128863E-06	+2.19565239E-06	-4.81128764E-07
GEOD_POS	-21.905864627	166.064479978	64.035
GEOD_COV	+2.15104374E-16	+3.71706773E-17	+7.44114988E-06	-7.51051126E-18	-4.64814505E-13	+2.14084214E-12
UTM__58S	7577211.354	609953.487	64.035
UTM__COV	+4.55755624E-07	+2.29674179E-06	+7.44114988E-06	-8.59343404E-08	+2.37055713E-07	-4.80298398E-08
MERC_POS	-2484292.188	18486213.350	64.035
MERC_COV	+4.55755624E-07	+2.29674179E-06	+7.44114988E-06	-8.59343404E-08	+2.37055713E-07	-4.80298398E-08
VERT_I95	0.005
HORI_I95	0.003
3D___I95	0.006

GEOD_SYS	ITRF1990	1989.000000000	(RGNC91-93)
GEOC_POS	-5746186.545	1425819.322	-2364770.644
GEOC_COV	+6.34600000E-06	+2.58400000E-06	+1.26400000E-06	-1.08100000E-06	+2.19600000E-06	-4.81000000E-07
GEOD_POS	-21.905880480	166.064471806	64.046
GEOD_COV	+2.15113897E-16	+3.71594057E-17	+7.44153960E-06	-7.51596206E-18	-4.60893113E-13	+2.13931357E-12
UTM__58S	7577209.605	609952.630	64.046
UTM__COV	+4.55617424E-07	+2.29684297E-06	+7.44153960E-06	-8.59966988E-08	+2.36886455E-07	-4.76246325E-08
MERC_POS	-2484294.079	18486212.440	64.046
MERC_COV	+4.55617424E-07	+2.29684297E-06	+7.44153960E-06	-8.59966988E-08	+2.36886455E-07	-4.76246325E-08
VERT_I95	0.005
HORI_I95	0.003
3D___I95	0.006

GEOD_SYS	ITRF2005	2007.274000000	(RGTAAF)
GEOC_POS	-5746186.961	1425818.982	-2364769.829
GEOC_COV	+6.34600000E-06	+2.58400000E-06	+1.26400000E-06	-1.08100000E-06	+2.19600000E-06	-4.81000000E-07
GEOD_POS	-21.905872574	166.064475970	64.040
GEOD_COV	+2.15113875E-16	+3.71594002E-17	+7.44153966E-06	-7.51595813E-18	-4.60896622E-13	+2.13930481E-12
UTM__58S	7577210.477	609953.067	64.040
UTM__COV	+4.55617355E-07	+2.29684299E-06	+7.44153966E-06	-8.59966583E-08	+2.36885484E-07	-4.76249976E-08
MERC_POS	-2484293.136	18486212.904	64.040
MERC_COV	+4.55617355E-07	+2.29684299E-06	+7.44153966E-06	-8.59966583E-08	+2.36885484E-07	-4.76249976E-08
VERT_I95	0.005
HORI_I95	0.003
3D___I95	0.006

