SOFT_NAM	Gins
SOFT_VER	24.2
SOFT_TYP	PPP

TIME_SYS	TAI

GEOD_SYS	ITRF2020	2025.705465785
GEOC_POS	-5741093.628	1387754.805	-2399341.502
GEOC_COV	+6.00189938E-04	+6.76646996E-05	+4.84469504E-05	-1.19981984E-04	+1.56326235E-04	-2.94254248E-05
GEOD_POS	-22.242718085	166.410955217	80.368
GEOD_COV	+3.97668180E-15	+1.61665120E-15	+6.54218078E-04	-1.65548111E-16	+1.63473222E-10	+8.02582301E-10
UTM__58S	7539629.371	645401.410	80.368
UTM__COV	+1.98237529E-05	+4.22597570E-05	+6.54218078E-04	-1.88978362E-06	+8.88739232E-05	+1.68519321E-05
MERC_POS	-2524523.930	18524782.797	80.368
MERC_COV	+1.98237529E-05	+4.22597570E-05	+6.54218078E-04	-1.88978362E-06	+8.88739232E-05	+1.68519321E-05
VERT_I95	0.051
HORI_I95	0.016
3D___I95	0.054

GEOD_SYS	ITRF1990	1989.000000000	(RGNC91-93)
GEOC_POS	-5741092.811	1387755.450	-2399343.102
GEOC_COV	+6.00190000E-04	+6.76650000E-05	+4.84470000E-05	-1.19982000E-04	+1.56326000E-04	-2.94250000E-05
GEOD_POS	-22.242733648	166.410947273	80.379
GEOD_COV	+3.97670939E-15	+1.61667835E-15	+6.54217873E-04	-1.65578104E-16	+1.63474749E-10	+8.02586068E-10
UTM__58S	7539627.656	645400.575	80.379
UTM__COV	+1.98240860E-05	+4.22600410E-05	+6.54217873E-04	-1.89012580E-06	+8.88743407E-05	+1.68520876E-05
MERC_POS	-2524525.791	18524781.913	80.379
MERC_COV	+1.98240860E-05	+4.22600410E-05	+6.54217873E-04	-1.89012580E-06	+8.88743407E-05	+1.68520876E-05
VERT_I95	0.051
HORI_I95	0.016
3D___I95	0.054

GEOD_SYS	ITRF2005	2007.274000000	(RGTAAF)
GEOC_POS	-5741093.226	1387755.115	-2399342.292
GEOC_COV	+6.00190000E-04	+6.76650000E-05	+4.84470000E-05	-1.19982000E-04	+1.56326000E-04	-2.94250000E-05
GEOD_POS	-22.242725777	166.410951378	80.373
GEOD_COV	+3.97670875E-15	+1.61667635E-15	+6.54217900E-04	-1.65578761E-16	+1.63474320E-10	+8.02585286E-10
UTM__58S	7539628.523	645401.006	80.373
UTM__COV	+1.98240614E-05	+4.22600388E-05	+6.54217900E-04	-1.89013340E-06	+8.88742539E-05	+1.68520443E-05
MERC_POS	-2524524.850	18524782.370	80.373
MERC_COV	+1.98240614E-05	+4.22600388E-05	+6.54217900E-04	-1.89013340E-06	+8.88742539E-05	+1.68520443E-05
VERT_I95	0.051
HORI_I95	0.016
3D___I95	0.054

