SOFT_NAM	Gins
SOFT_VER	25.2
SOFT_TYP	IPPP

TIME_SYS	TAI

GEOD_SYS	ITRF2020	2025.771228723
GEOC_POS	-5047638.244	-2974912.402	-2511846.220
GEOC_COV	+1.25277959E-05	+5.25295384E-06	+3.84837811E-06	+6.82177630E-06	+5.75776744E-06	+3.35606515E-06
GEOD_POS	-23.345012795	-149.486297454	1.369
GEOD_COV	+1.10967164E-16	+8.19030733E-17	+1.94641620E-05	+6.88624997E-18	+9.72441645E-13	+6.80664806E-13
UTM__06S	7416100.065	245797.516	1.369
UTM__COV	+1.00456700E-06	+1.16039883E-06	+1.94641620E-05	+7.79881352E-08	+7.53828669E-08	+9.94420223E-08
MERC_POS	-2656870.158	-16640738.513	1.369
MERC_COV	+1.00456700E-06	+1.16039883E-06	+1.94641620E-05	+7.79881352E-08	+7.53828669E-08	+9.94420223E-08
VERT_I95	0.009
HORI_I95	0.003
3D___I95	0.009

GEOD_SYS	ITRF1992	1993.000000000	(RGPF)
GEOC_POS	-5047636.810	-2974913.957	-2511847.249
GEOC_COV	+1.25280000E-05	+5.25300000E-06	+3.84800000E-06	+6.82200000E-06	+5.75800000E-06	+3.35600000E-06
GEOD_POS	-23.345022920	-149.486277238	1.368
GEOD_COV	+1.10956766E-16	+8.18717634E-17	+1.94645271E-05	+6.90174936E-18	+9.72061031E-13	+6.82080332E-13
UTM__06S	7416098.979	245799.603	1.368
UTM__COV	+1.00418297E-06	+1.16028992E-06	+1.94645271E-05	+7.81636630E-08	+7.55396349E-08	+9.94030931E-08
MERC_POS	-2656871.378	-16640736.263	1.368
MERC_COV	+1.00418297E-06	+1.16028992E-06	+1.94645271E-05	+7.81636630E-08	+7.55396349E-08	+9.94030931E-08
VERT_I95	0.009
HORI_I95	0.003
3D___I95	0.009

GEOD_SYS	ITRF2005	2007.274000000	(RGTAAF)
GEOC_POS	-5047637.441	-2974913.286	-2511846.794
GEOC_COV	+1.25280000E-05	+5.25300000E-06	+3.84800000E-06	+6.82200000E-06	+5.75800000E-06	+3.35600000E-06
GEOD_POS	-23.345018415	-149.486286017	1.373
GEOD_COV	+1.10956762E-16	+8.18717616E-17	+1.94645271E-05	+6.90174853E-18	+9.72086284E-13	+6.82067072E-13
UTM__06S	7416099.462	245798.697	1.373
UTM__COV	+1.00418295E-06	+1.16028996E-06	+1.94645271E-05	+7.81636563E-08	+7.55381664E-08	+9.94056789E-08
MERC_POS	-2656870.835	-16640737.240	1.373
MERC_COV	+1.00418295E-06	+1.16028996E-06	+1.94645271E-05	+7.81636563E-08	+7.55381664E-08	+9.94056789E-08
VERT_I95	0.009
HORI_I95	0.003
3D___I95	0.009

