SOFT_NAM	Gins
SOFT_VER	25.2
SOFT_TYP	IPPP

TIME_SYS	TAI

GEOD_SYS	ITRF2020	2025.773968449
GEOC_POS	-5047638.236	-2974912.408	-2511846.217
GEOC_COV	+1.20419656E-05	+5.23482633E-06	+3.73278058E-06	+6.23224243E-06	+5.38533594E-06	+3.18502303E-06
GEOD_POS	-23.345012782	-149.486297366	1.364
GEOD_COV	+1.47023997E-16	+8.68662448E-17	+1.84066805E-05	+6.68433950E-19	+4.07139341E-13	+6.91332856E-13
UTM__06S	7416100.066	245797.525	1.364
UTM__COV	+1.06544186E-06	+1.53745007E-06	+1.84066805E-05	+7.57014593E-09	+7.65643414E-08	+4.16341274E-08
MERC_POS	-2656870.156	-16640738.503	1.364
MERC_COV	+1.06544186E-06	+1.53745007E-06	+1.84066805E-05	+7.57014593E-09	+7.65643414E-08	+4.16341274E-08
VERT_I95	0.009
HORI_I95	0.003
3D___I95	0.009

GEOD_SYS	ITRF1992	1993.000000000	(RGPF)
GEOC_POS	-5047636.802	-2974913.963	-2511847.246
GEOC_COV	+1.20420000E-05	+5.23500000E-06	+3.73300000E-06	+6.23200000E-06	+5.38500000E-06	+3.18500000E-06
GEOD_POS	-23.345022907	-149.486277148	1.363
GEOD_COV	+1.47057474E-16	+8.68973757E-17	+1.84063764E-05	+6.54240657E-19	+4.07162362E-13	+6.92039080E-13
UTM__06S	7416098.980	245799.613	1.363
UTM__COV	+1.06582369E-06	+1.53779991E-06	+1.84063764E-05	+7.40940354E-09	+7.66425550E-08	+4.16364784E-08
MERC_POS	-2656871.377	-16640736.253	1.363
MERC_COV	+1.06582369E-06	+1.53779991E-06	+1.84063764E-05	+7.40940354E-09	+7.66425550E-08	+4.16364784E-08
VERT_I95	0.009
HORI_I95	0.003
3D___I95	0.009

GEOD_SYS	ITRF2005	2007.274000000	(RGTAAF)
GEOC_POS	-5047637.433	-2974913.292	-2511846.790
GEOC_COV	+1.20420000E-05	+5.23500000E-06	+3.73300000E-06	+6.23200000E-06	+5.38500000E-06	+3.18500000E-06
GEOD_POS	-23.345018402	-149.486285927	1.369
GEOD_COV	+1.47057465E-16	+8.68973746E-17	+1.84063764E-05	+6.54238767E-19	+4.07185605E-13	+6.92026736E-13
UTM__06S	7416099.464	245798.706	1.369
UTM__COV	+1.06582368E-06	+1.53779992E-06	+1.84063764E-05	+7.40938240E-09	+7.66411880E-08	+4.16388567E-08
MERC_POS	-2656870.834	-16640737.230	1.369
MERC_COV	+1.06582368E-06	+1.53779992E-06	+1.84063764E-05	+7.40938240E-09	+7.66411880E-08	+4.16388567E-08
VERT_I95	0.009
HORI_I95	0.003
3D___I95	0.009

