SOFT_NAM	Gins
SOFT_VER	22.2
SOFT_TYP	PPP

TIME_SYS	TAI

GEOD_SYS	ITRF2020	2024.064194021
GEOC_POS	-5079255.483	-3440582.486	-1738917.309
GEOC_COV	+1.48433517E-05	+8.94967093E-06	+2.10005603E-06	+7.37028352E-06	+4.83931596E-06	+3.05334000E-06
GEOD_POS	-15.926580016	-145.887100463	1.962
GEOD_COV	+3.45315662E-16	+3.40718053E-17	+2.15169169E-05	+1.50394639E-17	-5.00034591E-13	-1.61079354E-12
UTM__06S	8238868.421	619120.660	1.962
UTM__COV	+4.17215600E-07	+3.95894617E-06	+2.15169169E-05	+1.78195492E-07	-1.78247142E-07	-5.35404120E-08
MERC_POS	-1784503.441	-16240077.737	1.962
MERC_COV	+4.17215600E-07	+3.95894617E-06	+2.15169169E-05	+1.78195492E-07	-1.78247142E-07	-5.35404120E-08
VERT_I95	0.009
HORI_I95	0.004
3D___I95	0.010

GEOD_SYS	ITRF1992	1993.000000000	(RGPF)
GEOC_POS	-5079254.077	-3440584.027	-1738918.340
GEOC_COV	+1.48430000E-05	+8.95000000E-06	+2.10000000E-06	+7.37000000E-06	+4.83900000E-06	+3.05300000E-06
GEOD_POS	-15.926589724	-145.887081185	1.956
GEOD_COV	+3.45348687E-16	+3.40845989E-17	+2.15163033E-05	+1.50528463E-17	-4.98460692E-13	-1.60811145E-12
UTM__06S	8238867.336	619122.718	1.956
UTM__COV	+4.17372260E-07	+3.95932440E-06	+2.15163033E-05	+1.78354045E-07	-1.77950348E-07	-5.33718866E-08
MERC_POS	-1784504.558	-16240075.591	1.956
MERC_COV	+4.17372260E-07	+3.95932440E-06	+2.15163033E-05	+1.78354045E-07	-1.77950348E-07	-5.33718866E-08
VERT_I95	0.009
HORI_I95	0.004
3D___I95	0.010

