SOFT_NAM	Gins
SOFT_VER	22.2
SOFT_TYP	PPP

TIME_SYS	TAI

GEOD_SYS	ITRF2020	2024.061461780
GEOC_POS	-5079255.481	-3440582.485	-1738917.309
GEOC_COV	+1.77764092E-05	+1.10970323E-05	+2.66013833E-06	+9.13103427E-06	+5.92641544E-06	+3.94309219E-06
GEOD_POS	-15.926580021	-145.887100459	1.961
GEOD_COV	+4.11549850E-16	+4.26418130E-17	+2.62931206E-05	+1.14112187E-17	+2.41485844E-12	-3.38141806E-12
UTM__06S	8238868.421	619120.660	1.961
UTM__COV	+5.22156940E-07	+4.71830235E-06	+2.62931206E-05	+1.35206131E-07	-3.74180856E-07	+2.58567143E-07
MERC_POS	-1784503.441	-16240077.736	1.961
MERC_COV	+5.22156940E-07	+4.71830235E-06	+2.62931206E-05	+1.35206131E-07	-3.74180856E-07	+2.58567143E-07
VERT_I95	0.010
HORI_I95	0.005
3D___I95	0.011

GEOD_SYS	ITRF1992	1993.000000000	(RGPF)
GEOC_POS	-5079254.076	-3440584.026	-1738918.340
GEOC_COV	+1.77760000E-05	+1.10970000E-05	+2.66000000E-06	+9.13100000E-06	+5.92600000E-06	+3.94300000E-06
GEOD_POS	-15.926589727	-145.887081182	1.955
GEOD_COV	+4.11539490E-16	+4.26464281E-17	+2.62926034E-05	+1.14023091E-17	+2.41665224E-12	-3.37878005E-12
UTM__06S	8238867.336	619122.718	1.955
UTM__COV	+5.22213453E-07	+4.71818311E-06	+2.62926034E-05	+1.35100559E-07	-3.73888939E-07	+2.58759199E-07
MERC_POS	-1784504.558	-16240075.591	1.955
MERC_COV	+5.22213453E-07	+4.71818311E-06	+2.62926034E-05	+1.35100559E-07	-3.73888939E-07	+2.58759199E-07
VERT_I95	0.010
HORI_I95	0.005
3D___I95	0.011

