SOFT_NAM	Gins
SOFT_VER	25.2
SOFT_TYP	IPPP

TIME_SYS	TAI

GEOD_SYS	ITRF2020	2022.952050641
GEOC_POS	-5769192.373	1519998.184	-2247985.047
GEOC_COV	+1.44951986E-04	+2.55245435E-05	+1.88965790E-05	-4.31563993E-05	+4.52541687E-05	-1.82853669E-05
GEOD_POS	-20.773460478	165.239815825	65.659
GEOD_COV	+1.10785471E-15	+3.54054700E-16	+1.73021189E-04	+2.48825319E-16	-9.39659345E-11	+9.07311816E-11
UTM__58S	7702905.251	524961.242	65.659
UTM__COV	+4.33995469E-06	+1.20119644E-05	+1.73021189E-04	+2.86858418E-06	+1.00453248E-05	-9.78444173E-06
MERC_POS	-2349738.575	18394412.156	65.659
MERC_COV	+4.33995469E-06	+1.20119644E-05	+1.73021189E-04	+2.86858418E-06	+1.00453248E-05	-9.78444173E-06
VERT_I95	0.026
HORI_I95	0.008
3D___I95	0.028

GEOD_SYS	ITRF1990	1989.000000000	(RGNC91-93)
GEOC_POS	-5769191.619	1519998.826	-2247986.567
GEOC_COV	+1.44952000E-04	+2.55250000E-05	+1.88970000E-05	-4.31560000E-05	+4.52540000E-05	-1.82850000E-05
GEOD_POS	-20.773475118	165.239808019	65.669
GEOD_COV	+1.10791232E-15	+3.54097425E-16	+1.73020935E-04	+2.48807257E-16	-9.39625447E-11	+9.07315854E-11
UTM__58S	7702903.632	524960.427	65.669
UTM__COV	+4.34047844E-06	+1.20125868E-05	+1.73020935E-04	+2.86837569E-06	+1.00453695E-05	-9.78408783E-06
MERC_POS	-2349740.308	18394411.288	65.669
MERC_COV	+4.34047844E-06	+1.20125868E-05	+1.73020935E-04	+2.86837569E-06	+1.00453695E-05	-9.78408783E-06
VERT_I95	0.026
HORI_I95	0.008
3D___I95	0.028

