SOFT_NAM	Gins
SOFT_VER	25.2
SOFT_TYP	IPPP

TIME_SYS	TAI

GEOD_SYS	ITRF2020	2022.056160230
GEOC_POS	-5739709.168	1384702.712	-2404332.377
GEOC_COV	+7.79237147E-06	+1.06360851E-06	+1.79922843E-06	-1.72594819E-06	+2.94938786E-06	-7.37406767E-07
GEOD_POS	-22.291484172	166.436586890	63.099
GEOD_COV	+6.09000480E-17	+4.79166463E-17	+9.42091328E-06	+1.97035264E-18	-1.11093271E-13	+7.62968494E-13
UTM__58S	7534205.400	647991.886	63.099
UTM__COV	+5.87568911E-07	+6.46726221E-07	+9.42091328E-06	+2.24844141E-08	+8.44875666E-08	-1.14482518E-08
MERC_POS	-2530356.330	18527636.102	63.099
MERC_COV	+5.87568911E-07	+6.46726221E-07	+9.42091328E-06	+2.24844141E-08	+8.44875666E-08	-1.14482518E-08
VERT_I95	0.006
HORI_I95	0.002
3D___I95	0.007

GEOD_SYS	ITRF1990	1989.000000000	(RGNC91-93)
GEOC_POS	-5739708.431	1384703.295	-2404333.820
GEOC_COV	+7.79200000E-06	+1.06400000E-06	+1.79900000E-06	-1.72600000E-06	+2.94900000E-06	-7.37000000E-07
GEOD_POS	-22.291498210	166.436579716	63.110
GEOD_COV	+6.09307498E-17	+4.79241559E-17	+9.42028687E-06	+1.93835215E-18	-1.11938512E-13	+7.65781208E-13
UTM__58S	7534203.853	647991.132	63.110
UTM__COV	+5.87661000E-07	+6.47052131E-07	+9.42028687E-06	+2.21192427E-08	+8.47990337E-08	-1.15353534E-08
MERC_POS	-2530358.009	18527635.303	63.110
MERC_COV	+5.87661000E-07	+6.47052131E-07	+9.42028687E-06	+2.21192427E-08	+8.47990337E-08	-1.15353534E-08
VERT_I95	0.006
HORI_I95	0.002
3D___I95	0.007

GEOD_SYS	ITRF2005	2007.274000000	(RGTAAF)
GEOC_POS	-5739708.846	1384702.961	-2404333.011
GEOC_COV	+7.79200000E-06	+1.06400000E-06	+1.79900000E-06	-1.72600000E-06	+2.94900000E-06	-7.37000000E-07
GEOD_POS	-22.291490342	166.436583815	63.104
GEOD_COV	+6.09307431E-17	+4.79241543E-17	+9.42028689E-06	+1.93835184E-18	-1.11944134E-13	+7.65770267E-13
UTM__58S	7534204.720	647991.563	63.104
UTM__COV	+5.87660978E-07	+6.47052131E-07	+9.42028689E-06	+2.21192403E-08	+8.47978220E-08	-1.15359334E-08
MERC_POS	-2530357.068	18527635.760	63.104
MERC_COV	+5.87660978E-07	+6.47052131E-07	+9.42028689E-06	+2.21192403E-08	+8.47978220E-08	-1.15359334E-08
VERT_I95	0.006
HORI_I95	0.002
3D___I95	0.007

