SOFT_NAM	Gins
SOFT_VER	25.2
SOFT_TYP	IPPP

TIME_SYS	TAI

GEOD_SYS	ITRF2020	2022.058899956
GEOC_POS	-5739709.175	1384702.712	-2404332.382
GEOC_COV	+4.92124233E-06	+8.69583736E-07	+1.11641256E-06	-1.10222726E-06	+1.85393491E-06	-4.58271383E-07
GEOD_POS	-22.291484188	166.436586915	63.108
GEOD_COV	+5.55444647E-17	+2.96525666E-17	+5.95377680E-06	-1.03620251E-18	-5.53709499E-13	+6.62868127E-13
UTM__58S	7534205.398	647991.889	63.108
UTM__COV	+3.63609051E-07	+5.89852768E-07	+5.95377680E-06	-1.18244856E-08	+7.34029197E-08	-5.70602134E-08
MERC_POS	-2530356.332	18527636.105	63.108
MERC_COV	+3.63609051E-07	+5.89852768E-07	+5.95377680E-06	-1.18244856E-08	+7.34029197E-08	-5.70602134E-08
VERT_I95	0.005
HORI_I95	0.002
3D___I95	0.005

GEOD_SYS	ITRF1990	1989.000000000	(RGNC91-93)
GEOC_POS	-5739708.439	1384703.294	-2404333.825
GEOC_COV	+4.92100000E-06	+8.70000000E-07	+1.11600000E-06	-1.10200000E-06	+1.85400000E-06	-4.58000000E-07
GEOD_POS	-22.291498227	166.436579740	63.119
GEOD_COV	+5.55900190E-17	+2.96201529E-17	+5.95345200E-06	-1.05710039E-18	-5.52208309E-13	+6.63208837E-13
UTM__58S	7534203.851	647991.134	63.119
UTM__COV	+3.63211587E-07	+5.90336414E-07	+5.95345200E-06	-1.20629578E-08	+7.34406486E-08	-5.69055090E-08
MERC_POS	-2530358.011	18527635.306	63.119
MERC_COV	+3.63211587E-07	+5.90336414E-07	+5.95345200E-06	-1.20629578E-08	+7.34406486E-08	-5.69055090E-08
VERT_I95	0.005
HORI_I95	0.002
3D___I95	0.005

GEOD_SYS	ITRF2005	2007.274000000	(RGTAAF)
GEOC_POS	-5739708.854	1384702.960	-2404333.016
GEOC_COV	+4.92100000E-06	+8.70000000E-07	+1.11600000E-06	-1.10200000E-06	+1.85400000E-06	-4.58000000E-07
GEOD_POS	-22.291490359	166.436583839	63.112
GEOD_COV	+5.55900137E-17	+2.96201513E-17	+5.95345201E-06	-1.05709954E-18	-5.52211759E-13	+6.63201885E-13
UTM__58S	7534204.718	647991.565	63.112
UTM__COV	+3.63211566E-07	+5.90336423E-07	+5.95345201E-06	-1.20629487E-08	+7.34398786E-08	-5.69058677E-08
MERC_POS	-2530357.070	18527635.762	63.112
MERC_COV	+3.63211566E-07	+5.90336423E-07	+5.95345201E-06	-1.20629487E-08	+7.34398786E-08	-5.69058677E-08
VERT_I95	0.005
HORI_I95	0.002
3D___I95	0.005

