SOFT_NAM	Gins
SOFT_VER	25.2
SOFT_TYP	IPPP

TIME_SYS	TAI

GEOD_SYS	ITRF2020	2022.061639682
GEOC_POS	-5739709.175	1384702.710	-2404332.380
GEOC_COV	+4.22634536E-06	+6.12618909E-07	+9.58282742E-07	-8.80159295E-07	+1.59167696E-06	-3.53824832E-07
GEOD_POS	-22.291484176	166.436586930	63.106
GEOD_COV	+3.86136058E-17	+2.55493609E-17	+5.07389673E-06	-1.03090922E-18	+4.71753542E-13	+5.14340442E-13
UTM__58S	7534205.399	647991.890	63.106
UTM__COV	+3.13294259E-07	+4.10056022E-07	+5.07389673E-06	-1.17640819E-08	+5.69556577E-08	+4.86145855E-08
MERC_POS	-2530356.330	18527636.106	63.106
MERC_COV	+3.13294259E-07	+4.10056022E-07	+5.07389673E-06	-1.17640819E-08	+5.69556577E-08	+4.86145855E-08
VERT_I95	0.005
HORI_I95	0.002
3D___I95	0.005

GEOD_SYS	ITRF1990	1989.000000000	(RGNC91-93)
GEOC_POS	-5739708.438	1384703.293	-2404333.823
GEOC_COV	+4.22600000E-06	+6.13000000E-07	+9.58000000E-07	-8.80000000E-07	+1.59200000E-06	-3.54000000E-07
GEOD_POS	-22.291498216	166.436579755	63.117
GEOD_COV	+3.86525775E-17	+2.55048590E-17	+5.07378164E-06	-1.02403657E-18	+4.71196866E-13	+5.11764878E-13
UTM__58S	7534203.852	647991.136	63.117
UTM__COV	+3.12748565E-07	+4.10469800E-07	+5.07378164E-06	-1.16856545E-08	+5.66704520E-08	+4.85572148E-08
MERC_POS	-2530358.010	18527635.308	63.117
MERC_COV	+3.12748565E-07	+4.10469800E-07	+5.07378164E-06	-1.16856545E-08	+5.66704520E-08	+4.85572148E-08
VERT_I95	0.005
HORI_I95	0.002
3D___I95	0.005

GEOD_SYS	ITRF2005	2007.274000000	(RGTAAF)
GEOC_POS	-5739708.853	1384702.958	-2404333.015
GEOC_COV	+4.22600000E-06	+6.13000000E-07	+9.58000000E-07	-8.80000000E-07	+1.59200000E-06	-3.54000000E-07
GEOD_POS	-22.291490348	166.436583854	63.111
GEOD_COV	+3.86525727E-17	+2.55048578E-17	+5.07378166E-06	-1.02403719E-18	+4.71193814E-13	+5.11758979E-13
UTM__58S	7534204.719	647991.567	63.111
UTM__COV	+3.12748549E-07	+4.10469794E-07	+5.07378166E-06	-1.16856622E-08	+5.66697987E-08	+4.85569030E-08
MERC_POS	-2530357.069	18527635.764	63.111
MERC_COV	+3.12748549E-07	+4.10469794E-07	+5.07378166E-06	-1.16856622E-08	+5.66697987E-08	+4.85569030E-08
VERT_I95	0.005
HORI_I95	0.002
3D___I95	0.005

