SOFT_NAM	Gins
SOFT_VER	25.2
SOFT_TYP	IPPP

TIME_SYS	TAI

GEOD_SYS	ITRF2020	2022.053420504
GEOC_POS	-5739709.140	1384702.709	-2404332.364
GEOC_COV	+7.95781047E-05	+1.45870893E-05	+2.67385049E-05	-2.42254643E-05	+4.00795815E-05	-1.26076524E-05
GEOD_POS	-22.291484158	166.436586858	63.068
GEOD_COV	+6.70064639E-16	+4.88637822E-16	+1.07796138E-04	+7.44301724E-18	-7.10666163E-11	-7.84616786E-11
UTM__58S	7534205.401	647991.883	63.068
UTM__COV	+5.99182982E-06	+7.11573114E-06	+1.07796138E-04	+8.49349891E-08	-8.68847969E-06	-7.32347247E-06
MERC_POS	-2530356.328	18527636.098	63.068
MERC_COV	+5.99182982E-06	+7.11573114E-06	+1.07796138E-04	+8.49349891E-08	-8.68847969E-06	-7.32347247E-06
VERT_I95	0.021
HORI_I95	0.007
3D___I95	0.022

GEOD_SYS	ITRF1990	1989.000000000	(RGNC91-93)
GEOC_POS	-5739708.403	1384703.292	-2404333.807
GEOC_COV	+7.95780000E-05	+1.45870000E-05	+2.67390000E-05	-2.42250000E-05	+4.00800000E-05	-1.26080000E-05
GEOD_POS	-22.291498195	166.436579685	63.079
GEOD_COV	+6.70076057E-16	+4.88640374E-16	+1.07796288E-04	+7.47582706E-18	-7.10637183E-11	-7.84671605E-11
UTM__58S	7534203.854	647991.129	63.079
UTM__COV	+5.99186115E-06	+7.11585099E-06	+1.07796288E-04	+8.53093859E-08	-8.68908676E-06	-7.32317311E-06
MERC_POS	-2530358.007	18527635.300	63.079
MERC_COV	+5.99186115E-06	+7.11585099E-06	+1.07796288E-04	+8.53093859E-08	-8.68908676E-06	-7.32317311E-06
VERT_I95	0.021
HORI_I95	0.007
3D___I95	0.022

GEOD_SYS	ITRF2005	2007.274000000	(RGTAAF)
GEOC_POS	-5739708.818	1384702.957	-2404332.998
GEOC_COV	+7.95780000E-05	+1.45870000E-05	+2.67390000E-05	-2.42250000E-05	+4.00800000E-05	-1.26080000E-05
GEOD_POS	-22.291490327	166.436583784	63.073
GEOD_COV	+6.70076074E-16	+4.88640571E-16	+1.07796284E-04	+7.47596787E-18	-7.10637767E-11	-7.84672887E-11
UTM__58S	7534204.721	647991.559	63.073
UTM__COV	+5.99186354E-06	+7.11585196E-06	+1.07796284E-04	+8.53109972E-08	-8.68910094E-06	-7.32317953E-06
MERC_POS	-2530357.066	18527635.756	63.073
MERC_COV	+5.99186354E-06	+7.11585196E-06	+1.07796284E-04	+8.53109972E-08	-8.68910094E-06	-7.32317953E-06
VERT_I95	0.021
HORI_I95	0.007
3D___I95	0.022

