SOFT_NAM	Gins
SOFT_VER	23.2
SOFT_TYP	PPP

TIME_SYS	TAI

GEOD_SYS	ITRF2020	2024.277308775
GEOC_POS	-5238715.430	-3094694.923	-1906571.733
GEOC_COV	+2.19389849E-05	+1.12177091E-05	+3.71159236E-06	+9.36790766E-06	+7.80106485E-06	+4.32623849E-06
GEOD_POS	-17.508410978	-149.428147697	12.412
GEOD_COV	+5.13109580E-16	+6.00972909E-17	+3.03456526E-05	+1.52579243E-17	-2.25016559E-12	-4.65392696E-12
UTM__06S	8062556.359	242183.463	12.412
UTM__COV	+7.36129893E-07	+5.78650379E-06	+3.03456526E-05	+1.79328078E-07	-5.15073661E-07	-2.38955779E-07
MERC_POS	-1967240.255	-16634265.312	12.412
MERC_COV	+7.36129893E-07	+5.78650379E-06	+3.03456526E-05	+1.79328078E-07	-5.15073661E-07	-2.38955779E-07
VERT_I95	0.011
HORI_I95	0.005
3D___I95	0.012

GEOD_SYS	ITRF1992	1993.000000000	(RGPF)
GEOC_POS	-5238714.101	-3094696.517	-1906572.776
GEOC_COV	+2.19390000E-05	+1.12180000E-05	+3.71200000E-06	+9.36800000E-06	+7.80100000E-06	+4.32600000E-06
GEOD_POS	-17.508420868	-149.428128416	12.408
GEOD_COV	+5.13121947E-16	+6.01370817E-17	+3.03457401E-05	+1.52761965E-17	-2.24924325E-12	-4.65319257E-12
UTM__06S	8062555.291	242185.525	12.408
UTM__COV	+7.36617290E-07	+5.78664262E-06	+3.03457401E-05	+1.79542824E-07	-5.14992383E-07	-2.38857818E-07
MERC_POS	-1967241.403	-16634263.166	12.408
MERC_COV	+7.36617290E-07	+5.78664262E-06	+3.03457401E-05	+1.79542824E-07	-5.14992383E-07	-2.38857818E-07
VERT_I95	0.011
HORI_I95	0.005
3D___I95	0.012

