SOFT_NAM	Gins
SOFT_VER	23.2
SOFT_TYP	PPP

TIME_SYS	TAI

GEOD_SYS	ITRF2020	2024.274576534
GEOC_POS	-5238715.432	-3094694.927	-1906571.739
GEOC_COV	+1.72506285E-05	+8.75798049E-06	+2.95949658E-06	+7.06825063E-06	+6.05283617E-06	+3.42637137E-06
GEOD_POS	-17.508411017	-149.428147681	12.418
GEOD_COV	+4.22472562E-16	+5.09432408E-17	+2.35797427E-05	+2.54768897E-18	-3.12849797E-12	-4.05956482E-12
UTM__06S	8062556.355	242183.465	12.418
UTM__COV	+6.24002212E-07	+4.76436064E-06	+2.35797427E-05	+2.99432714E-08	-4.49292594E-07	-3.32230070E-07
MERC_POS	-1967240.260	-16634265.310	12.418
MERC_COV	+6.24002212E-07	+4.76436064E-06	+2.35797427E-05	+2.99432714E-08	-4.49292594E-07	-3.32230070E-07
VERT_I95	0.010
HORI_I95	0.005
3D___I95	0.011

GEOD_SYS	ITRF1992	1993.000000000	(RGPF)
GEOC_POS	-5238714.104	-3094696.520	-1906572.782
GEOC_COV	+1.72510000E-05	+8.75800000E-06	+2.95900000E-06	+7.06800000E-06	+6.05300000E-06	+3.42600000E-06
GEOD_POS	-17.508420906	-149.428128402	12.414
GEOD_COV	+4.22501895E-16	+5.09090480E-17	+2.35797257E-05	+2.57339675E-18	-3.13216691E-12	-4.05773013E-12
UTM__06S	8062555.286	242185.527	12.414
UTM__COV	+6.23583386E-07	+4.76469091E-06	+2.35797257E-05	+3.02454161E-08	-4.49089540E-07	-3.32619674E-07
MERC_POS	-1967241.407	-16634263.164	12.414
MERC_COV	+6.23583386E-07	+4.76469091E-06	+2.35797257E-05	+3.02454161E-08	-4.49089540E-07	-3.32619674E-07
VERT_I95	0.010
HORI_I95	0.005
3D___I95	0.011

