SOFT_NAM	Gins
SOFT_VER	25.2
SOFT_TYP	IPPP

TIME_SYS	TAI

GEOD_SYS	ITRF2020	2025.212324613
GEOC_POS	-4824629.850	-4041667.466	-1030249.536
GEOC_COV	+8.11982843E-06	+5.33015355E-06	+7.54830696E-07	+5.75618216E-06	+1.34051913E-06	+1.04392846E-06
GEOD_POS	-9.357980209	-140.046567935	5.095
GEOD_COV	+6.74134083E-17	+4.28455700E-17	+1.28672280E-05	+4.28461913E-20	-3.36364617E-12	+2.69518649E-12
UTM__07S	8965428.489	604695.069	5.095
UTM__COV	+5.24137770E-07	+8.13446895E-07	+1.28672280E-05	+5.20563183E-10	+2.98097674E-07	-3.69489214E-07
MERC_POS	-1039445.061	-15589912.630	5.095
MERC_COV	+5.24137770E-07	+8.13446895E-07	+1.28672280E-05	+5.20563183E-10	+2.98097674E-07	-3.69489214E-07
VERT_I95	0.007
HORI_I95	0.002
3D___I95	0.008

GEOD_SYS	ITRF1992	1993.000000000	(RGPF)
GEOC_POS	-4824628.318	-4041669.013	-1030250.579
GEOC_COV	+8.12000000E-06	+5.33000000E-06	+7.55000000E-07	+5.75600000E-06	+1.34100000E-06	+1.04400000E-06
GEOD_POS	-9.357989776	-140.046548182	5.087
GEOD_COV	+6.74266816E-17	+4.28478715E-17	+1.28672271E-05	+6.08893223E-20	-3.36578401E-12	+2.69120364E-12
UTM__07S	8965427.425	604697.235	5.087
UTM__COV	+5.24165924E-07	+8.13607011E-07	+1.28672271E-05	+7.39779605E-10	+2.97657155E-07	-3.69724041E-07
MERC_POS	-1039446.133	-15589910.431	5.087
MERC_COV	+5.24165924E-07	+8.13607011E-07	+1.28672271E-05	+7.39779605E-10	+2.97657155E-07	-3.69724041E-07
VERT_I95	0.007
HORI_I95	0.002
3D___I95	0.008

