SOFT_NAM	Gins
SOFT_VER	25.2
SOFT_TYP	IPPP

TIME_SYS	TAI

GEOD_SYS	ITRF2020	2025.206845161
GEOC_POS	-4824629.835	-4041667.456	-1030249.537
GEOC_COV	+2.94005064E-05	+2.41156808E-05	+3.34225281E-06	+2.35236809E-05	+5.57901703E-06	+5.10334322E-06
GEOD_POS	-9.357980241	-140.046567917	5.078
GEOD_COV	+2.59840856E-16	+1.76737838E-16	+5.15609921E-05	-6.39577722E-18	+1.41495508E-11	+3.54741578E-12
UTM__07S	8965428.485	604695.071	5.078
UTM__COV	+2.16206660E-06	+3.13538125E-06	+5.15609921E-05	-7.77059997E-08	+3.92357409E-07	+1.55429737E-06
MERC_POS	-1039445.064	-15589912.628	5.078
MERC_COV	+2.16206660E-06	+3.13538125E-06	+5.15609921E-05	-7.77059997E-08	+3.92357409E-07	+1.55429737E-06
VERT_I95	0.014
HORI_I95	0.005
3D___I95	0.015

GEOD_SYS	ITRF1992	1993.000000000	(RGPF)
GEOC_POS	-4824628.304	-4041669.003	-1030250.579
GEOC_COV	+2.94010000E-05	+2.41160000E-05	+3.34200000E-06	+2.35240000E-05	+5.57900000E-06	+5.10300000E-06
GEOD_POS	-9.357989806	-140.046548167	5.070
GEOD_COV	+2.59847164E-16	+1.76725442E-16	+5.15616279E-05	-6.37568458E-18	+1.41487587E-11	+3.55092411E-12
UTM__07S	8965427.422	604697.237	5.070
UTM__COV	+2.16191495E-06	+3.13545719E-06	+5.15616279E-05	-7.74618803E-08	+3.92745443E-07	+1.55421031E-06
MERC_POS	-1039446.137	-15589910.429	5.070
MERC_COV	+2.16191495E-06	+3.13545719E-06	+5.15616279E-05	-7.74618803E-08	+3.92745443E-07	+1.55421031E-06
VERT_I95	0.014
HORI_I95	0.005
3D___I95	0.015

