SOFT_NAM	Gins
SOFT_VER	25.2
SOFT_TYP	IPPP

TIME_SYS	TAI

GEOD_SYS	ITRF2020	2025.209584887
GEOC_POS	-4824629.858	-4041667.475	-1030249.543
GEOC_COV	+7.05943173E-06	+4.86244093E-06	+7.28728603E-07	+4.99293322E-06	+1.01956110E-06	+9.29331176E-07
GEOD_POS	-9.357980252	-140.046567920	5.109
GEOD_COV	+7.06716694E-17	+4.57644038E-17	+1.12379940E-05	-7.44686730E-18	-1.76940089E-12	+3.19640900E-12
UTM__07S	8965428.484	604695.071	5.109
UTM__COV	+5.59844405E-07	+8.52762851E-07	+1.12379940E-05	-9.04763023E-08	+3.53534753E-07	-1.94364839E-07
MERC_POS	-1039445.066	-15589912.628	5.109
MERC_COV	+5.59844405E-07	+8.52762851E-07	+1.12379940E-05	-9.04763023E-08	+3.53534753E-07	-1.94364839E-07
VERT_I95	0.007
HORI_I95	0.002
3D___I95	0.007

GEOD_SYS	ITRF1992	1993.000000000	(RGPF)
GEOC_POS	-4824628.327	-4041669.022	-1030250.586
GEOC_COV	+7.05900000E-06	+4.86200000E-06	+7.29000000E-07	+4.99300000E-06	+1.02000000E-06	+9.29000000E-07
GEOD_POS	-9.357989819	-140.046548169	5.100
GEOD_COV	+7.06300099E-17	+4.57819656E-17	+1.12376806E-05	-7.40327630E-18	-1.77016172E-12	+3.19443476E-12
UTM__07S	8965427.420	604697.237	5.100
UTM__COV	+5.60059241E-07	+8.52260116E-07	+1.12376806E-05	-8.99466874E-08	+3.53316394E-07	-1.94448409E-07
MERC_POS	-1039446.138	-15589910.430	5.100
MERC_COV	+5.60059241E-07	+8.52260116E-07	+1.12376806E-05	-8.99466874E-08	+3.53316394E-07	-1.94448409E-07
VERT_I95	0.007
HORI_I95	0.002
3D___I95	0.007

