SOFT_NAM	Gins
SOFT_VER	25.2
SOFT_TYP	IPPP

TIME_SYS	TAI

GEOD_SYS	ITRF2020	2022.132872558
GEOC_POS	4601312.635	559590.921	4366643.960
GEOC_COV	+2.47715982E-05	+3.24531847E-06	+1.92731796E-05	+2.33832351E-06	+1.91458851E-05	+1.19398070E-06
GEOD_POS	43.483200265	006.934003082	52.732
GEOD_COV	+4.58166530E-16	+2.32549859E-16	+4.14209300E-05	-6.72054791E-17	-1.23560664E-11	-1.66970862E-11
UTM__32N	4816548.914	332927.589	52.732
UTM__COV	+2.87057072E-06	+2.99859560E-06	+4.14209300E-05	-6.04057160E-07	-1.85509765E-06	-9.99602890E-07
MERC_POS	5356398.299	771889.692	52.732
MERC_COV	+2.87057072E-06	+2.99859560E-06	+4.14209300E-05	-6.04057160E-07	-1.85509765E-06	-9.99602890E-07
VERT_I95	0.013
HORI_I95	0.005
3D___I95	0.014

GEOD_SYS	ETRF2000	2019.000000000	(RGF93_v2b)
GEOC_POS	4601313.118	559590.335	4366643.526
GEOC_COV	+2.47720000E-05	+3.24500000E-06	+1.92730000E-05	+2.33800000E-06	+1.91460000E-05	+1.19400000E-06
GEOD_POS	43.483194898	006.933995165	52.730
GEOD_COV	+4.58131226E-16	+2.32544783E-16	+4.14211269E-05	-6.71744217E-17	-1.23595609E-11	-1.66992160E-11
UTM__32N	4816548.334	332926.934	52.730
UTM__COV	+2.87050806E-06	+2.99836507E-06	+4.14211269E-05	-6.03778062E-07	-1.85533427E-06	-9.99885683E-07
MERC_POS	5356397.479	771888.811	52.730
MERC_COV	+2.87050806E-06	+2.99836507E-06	+4.14211269E-05	-6.03778062E-07	-1.85533427E-06	-9.99885683E-07
VERT_I95	0.013
HORI_I95	0.005
3D___I95	0.014

