SOFT_NAM	Gins
SOFT_VER	25.2
SOFT_TYP	IPPP

TIME_SYS	TAI

GEOD_SYS	ITRF2020	2022.124653380
GEOC_POS	4601312.624	559590.931	4366643.944
GEOC_COV	+1.60161216E-05	+1.28675399E-06	+9.72594246E-06	+1.66074312E-06	+1.11214223E-05	+1.54263365E-06
GEOD_POS	43.483200220	006.934003210	52.714
GEOD_COV	+1.68588637E-16	+1.28066845E-16	+2.43446003E-05	+2.69377630E-17	+2.34014914E-13	-2.37448827E-11
UTM__32N	4816548.908	332927.599	52.714
UTM__COV	+1.58084350E-06	+1.10337423E-06	+2.43446003E-05	+2.42122350E-07	-2.63812951E-06	+1.89317519E-08
MERC_POS	5356398.293	771889.706	52.714
MERC_COV	+1.58084350E-06	+1.10337423E-06	+2.43446003E-05	+2.42122350E-07	-2.63812951E-06	+1.89317519E-08
VERT_I95	0.010
HORI_I95	0.003
3D___I95	0.010

GEOD_SYS	ETRF2000	2019.000000000	(RGF93_v2b)
GEOC_POS	4601313.107	559590.344	4366643.510
GEOC_COV	+1.60160000E-05	+1.28700000E-06	+9.72600000E-06	+1.66100000E-06	+1.11210000E-05	+1.54300000E-06
GEOD_POS	43.483194854	006.933995295	52.712
GEOD_COV	+1.68615963E-16	+1.28097499E-16	+2.43442248E-05	+2.69487326E-17	+2.40205503E-13	-2.37445379E-11
UTM__32N	4816548.328	332926.944	52.712
UTM__COV	+1.58122189E-06	+1.10355327E-06	+2.43442248E-05	+2.42220968E-07	-2.63809120E-06	+1.94325709E-08
MERC_POS	5356397.472	771888.825	52.712
MERC_COV	+1.58122189E-06	+1.10355327E-06	+2.43442248E-05	+2.42220968E-07	-2.63809120E-06	+1.94325709E-08
VERT_I95	0.010
HORI_I95	0.003
3D___I95	0.010

