SOFT_NAM	Gins
SOFT_VER	25.2
SOFT_TYP	IPPP

TIME_SYS	TAI

GEOD_SYS	ITRF2020	2022.127393106
GEOC_POS	4601312.625	559590.929	4366643.945
GEOC_COV	+4.48669370E-06	+5.03430602E-07	+3.24970315E-06	+5.14646253E-07	+3.15577529E-06	+4.76997609E-07
GEOD_POS	43.483200226	006.934003187	52.715
GEOD_COV	+6.69438481E-17	+5.51348816E-17	+7.12111611E-06	+5.76343669E-18	+9.86836198E-13	-4.33288992E-12
UTM__32N	4816548.909	332927.597	52.715
UTM__COV	+6.80579110E-07	+4.38132239E-07	+7.12111611E-06	+5.18029963E-08	-4.81397399E-07	+7.98348181E-08
MERC_POS	5356398.293	771889.704	52.715
MERC_COV	+6.80579110E-07	+4.38132239E-07	+7.12111611E-06	+5.18029963E-08	-4.81397399E-07	+7.98348181E-08
VERT_I95	0.005
HORI_I95	0.002
3D___I95	0.006

GEOD_SYS	ETRF2000	2019.000000000	(RGF93_v2b)
GEOC_POS	4601313.107	559590.342	4366643.511
GEOC_COV	+4.48700000E-06	+5.03000000E-07	+3.25000000E-06	+5.15000000E-07	+3.15600000E-06	+4.77000000E-07
GEOD_POS	43.483194860	006.933995272	52.713
GEOD_COV	+6.68667299E-17	+5.51440572E-17	+7.12168003E-06	+5.74189835E-18	+9.88922494E-13	-4.33315332E-12
UTM__32N	4816548.329	332926.942	52.713
UTM__COV	+6.80692371E-07	+4.37627595E-07	+7.12168003E-06	+5.16094096E-08	-4.81426663E-07	+8.00036060E-08
MERC_POS	5356397.473	771888.823	52.713
MERC_COV	+6.80692371E-07	+4.37627595E-07	+7.12168003E-06	+5.16094096E-08	-4.81426663E-07	+8.00036060E-08
VERT_I95	0.005
HORI_I95	0.002
3D___I95	0.006

