SOFT_NAM	Gins
SOFT_VER	25.2
SOFT_TYP	IPPP

TIME_SYS	TAI

GEOD_SYS	ITRF2020	2022.130132832
GEOC_POS	4601312.628	559590.931	4366643.947
GEOC_COV	+4.48962583E-06	+4.94503477E-07	+3.26224048E-06	+4.95356159E-07	+3.17245982E-06	+4.52911664E-07
GEOD_POS	43.483200216	006.934003214	52.719
GEOD_COV	+6.63127008E-17	+5.44934336E-17	+7.13970711E-06	+5.21333174E-18	+5.85610303E-13	-4.26166467E-12
UTM__32N	4816548.908	332927.599	52.719
UTM__COV	+6.72661145E-07	+4.34001524E-07	+7.13970711E-06	+4.68585359E-08	-4.73484055E-07	+4.73757369E-08
MERC_POS	5356398.292	771889.707	52.719
MERC_COV	+6.72661145E-07	+4.34001524E-07	+7.13970711E-06	+4.68585359E-08	-4.73484055E-07	+4.73757369E-08
VERT_I95	0.005
HORI_I95	0.002
3D___I95	0.006

GEOD_SYS	ETRF2000	2019.000000000	(RGF93_v2b)
GEOC_POS	4601313.111	559590.345	4366643.513
GEOC_COV	+4.49000000E-06	+4.95000000E-07	+3.26200000E-06	+4.95000000E-07	+3.17200000E-06	+4.53000000E-07
GEOD_POS	43.483194849	006.933995298	52.717
GEOD_COV	+6.64013257E-17	+5.45303822E-17	+7.13930114E-06	+5.25023430E-18	+5.83867444E-13	-4.26425820E-12
UTM__32N	4816548.328	332926.944	52.717
UTM__COV	+6.73117233E-07	+4.34581631E-07	+7.13930114E-06	+4.71902281E-08	-4.73772204E-07	+4.72347442E-08
MERC_POS	5356397.471	771888.826	52.717
MERC_COV	+6.73117233E-07	+4.34581631E-07	+7.13930114E-06	+4.71902281E-08	-4.73772204E-07	+4.72347442E-08
VERT_I95	0.005
HORI_I95	0.002
3D___I95	0.006

