SOFT_NAM	Gins
SOFT_VER	25.2
SOFT_TYP	IPPP

TIME_SYS	TAI

GEOD_SYS	ITRF2020	2024.749995857
GEOC_POS	-5222897.732	-3101798.294	-1937945.085
GEOC_COV	+5.56105252E-05	+3.26972795E-05	+1.33138558E-05	+3.72543268E-05	+2.24707120E-05	+1.48312731E-05
GEOD_POS	-17.805902359	-149.294577825	9.718
GEOD_COV	+5.30195896E-16	+3.35464273E-16	+9.15527497E-05	+9.87318545E-17	+7.34395605E-11	-1.59467817E-11
UTM__06S	8029798.554	256772.394	9.718
UTM__COV	+4.10933606E-06	+5.95957468E-06	+9.15527497E-05	+1.15853575E-06	-1.76496355E-06	+7.78609183E-06
MERC_POS	-2001782.817	-16619396.382	9.718
MERC_COV	+4.10933606E-06	+5.95957468E-06	+9.15527497E-05	+1.15853575E-06	-1.76496355E-06	+7.78609183E-06
VERT_I95	0.019
HORI_I95	0.006
3D___I95	0.020

GEOD_SYS	ITRF1992	1993.000000000	(RGPF)
GEOC_POS	-5222896.391	-3101799.894	-1937946.118
GEOC_COV	+5.56110000E-05	+3.26970000E-05	+1.33140000E-05	+3.72540000E-05	+2.24710000E-05	+1.48310000E-05
GEOD_POS	-17.805912170	-149.294558393	9.714
GEOD_COV	+5.30213654E-16	+3.35469703E-16	+9.15528238E-05	+9.87503189E-17	+7.34338238E-11	-1.59478331E-11
UTM__06S	8029797.493	256774.468	9.714
UTM__COV	+4.10940258E-06	+5.95977363E-06	+9.15528238E-05	+1.15875235E-06	-1.76507992E-06	+7.78548319E-06
MERC_POS	-2001783.957	-16619394.218	9.714
MERC_COV	+4.10940258E-06	+5.95977363E-06	+9.15528238E-05	+1.15875235E-06	-1.76507992E-06	+7.78548319E-06
VERT_I95	0.019
HORI_I95	0.006
3D___I95	0.020

