SOFT_NAM	Gins
SOFT_VER	25.2
SOFT_TYP	IPPP

TIME_SYS	TAI

GEOD_SYS	ITRF2020	2024.752728098
GEOC_POS	-5222897.754	-3101798.323	-1937945.095
GEOC_COV	+3.98971012E-05	+2.32926038E-05	+9.59410025E-06	+2.70113386E-05	+1.67098593E-05	+1.11522120E-05
GEOD_POS	-17.805902357	-149.294577696	9.753
GEOD_COV	+3.47327206E-16	+2.08898545E-16	+6.63207900E-05	+6.11616221E-17	+5.36563807E-11	-1.66464299E-11
UTM__06S	8029798.555	256772.407	9.753
UTM__COV	+2.55894413E-06	+3.90407105E-06	+6.63207900E-05	+7.17680497E-07	-1.84239947E-06	+5.68867116E-06
MERC_POS	-2001782.817	-16619396.367	9.753
MERC_COV	+2.55894413E-06	+3.90407105E-06	+6.63207900E-05	+7.17680497E-07	-1.84239947E-06	+5.68867116E-06
VERT_I95	0.016
HORI_I95	0.005
3D___I95	0.017

GEOD_SYS	ITRF1992	1993.000000000	(RGPF)
GEOC_POS	-5222896.413	-3101799.923	-1937946.128
GEOC_COV	+3.98970000E-05	+2.32930000E-05	+9.59400000E-06	+2.70110000E-05	+1.67100000E-05	+1.11520000E-05
GEOD_POS	-17.805912169	-149.294558262	9.749
GEOD_COV	+3.47377064E-16	+2.08888431E-16	+6.63205487E-05	+6.11838605E-17	+5.36559672E-11	-1.66468605E-11
UTM__06S	8029797.494	256774.481	9.749
UTM__COV	+2.55882024E-06	+3.90463103E-06	+6.63205487E-05	+7.17941407E-07	-1.84244713E-06	+5.68862701E-06
MERC_POS	-2001783.957	-16619394.204	9.749
MERC_COV	+2.55882024E-06	+3.90463103E-06	+6.63205487E-05	+7.17941407E-07	-1.84244713E-06	+5.68862701E-06
VERT_I95	0.016
HORI_I95	0.005
3D___I95	0.017

