SOFT_NAM	Gins
SOFT_VER	21.2
SOFT_TYP	IPPP

TIME_SYS	TAI

GEOD_SYS	ITRF2014	2022.894506881
GEOC_POS	-5210331.431	-3293051.782	-1634303.053
GEOC_COV	+8.30753936E-06	+5.11139678E-06	+1.05300489E-06	+3.79982654E-06	+2.47374784E-06	+1.57827607E-06
GEOD_POS	-14.945755505	-147.706152347	4.653
GEOD_COV	+2.23929293E-16	+1.96684683E-17	+1.16396174E-05	+3.03921818E-18	+1.71100651E-12	-9.79538824E-13
UTM__06S	8347552.982	424062.567	4.653
UTM__COV	+2.40801759E-07	+2.59152182E-06	+1.16396174E-05	+3.61766557E-08	-1.08384259E-07	+1.84066029E-07
MERC_POS	-1671935.893	-16442573.666	4.653
MERC_COV	+2.40801759E-07	+2.59152182E-06	+1.16396174E-05	+3.61766557E-08	-1.08384259E-07	+1.84066029E-07
VERT_I95	0.007
HORI_I95	0.003
3D___I95	0.008

GEOD_SYS	ITRF1992	1993.000000000	(RGPF)
GEOC_POS	-5210330.141	-3293053.315	-1634304.055
GEOC_COV	+8.30800000E-06	+5.11100000E-06	+1.05300000E-06	+3.80000000E-06	+2.47400000E-06	+1.57800000E-06
GEOD_POS	-14.945764891	-147.706133899	4.649
GEOD_COV	+2.23902627E-16	+1.96674444E-17	+1.16399978E-05	+3.06233937E-18	+1.70728875E-12	-9.79186118E-13
UTM__06S	8347551.951	424064.554	4.649
UTM__COV	+2.40789224E-07	+2.59121299E-06	+1.16399978E-05	+3.64518720E-08	-1.08345232E-07	+1.83666073E-07
MERC_POS	-1671936.968	-16442571.613	4.649
MERC_COV	+2.40789224E-07	+2.59121299E-06	+1.16399978E-05	+3.64518720E-08	-1.08345232E-07	+1.83666073E-07
VERT_I95	0.007
HORI_I95	0.003
3D___I95	0.008

