SOFT_NAM	Gins
SOFT_VER	21.2
SOFT_TYP	IPPP

TIME_SYS	TAI

GEOD_SYS	ITRF2014	2022.891767155
GEOC_POS	-5210331.434	-3293051.764	-1634303.047
GEOC_COV	+2.83239383E-04	+9.24095215E-05	+4.46690224E-05	+1.12621858E-04	+9.73646288E-05	+4.38127300E-05
GEOD_POS	-14.945755468	-147.706152502	4.645
GEOD_COV	+3.90170319E-15	+8.98326987E-16	+3.64165474E-04	+3.95940272E-16	-3.75886976E-10	-1.84611594E-10
UTM__06S	8347552.987	424062.550	4.645
UTM__COV	+1.09982493E-05	+4.51542038E-05	+3.64165474E-04	+4.71298670E-06	-2.04269502E-05	-4.04370308E-05
MERC_POS	-1671935.889	-16442573.684	4.645
MERC_COV	+1.09982493E-05	+4.51542038E-05	+3.64165474E-04	+4.71298670E-06	-2.04269502E-05	-4.04370308E-05
VERT_I95	0.038
HORI_I95	0.015
3D___I95	0.041

GEOD_SYS	ITRF1992	1993.000000000	(RGPF)
GEOC_POS	-5210330.144	-3293053.297	-1634304.049
GEOC_COV	+2.83239000E-04	+9.24100000E-05	+4.46690000E-05	+1.12622000E-04	+9.73650000E-05	+4.38130000E-05
GEOD_POS	-14.945764853	-147.706134055	4.641
GEOD_COV	+3.90171469E-15	+8.98306103E-16	+3.64165673E-04	+3.95947823E-16	-3.75883795E-10	-1.84614648E-10
UTM__06S	8347551.955	424064.537	4.641
UTM__COV	+1.09979936E-05	+4.51543329E-05	+3.64165673E-04	+4.71307638E-06	-2.04272881E-05	-4.04366868E-05
MERC_POS	-1671936.964	-16442571.630	4.641
MERC_COV	+1.09979936E-05	+4.51543329E-05	+3.64165673E-04	+4.71307638E-06	-2.04272881E-05	-4.04366868E-05
VERT_I95	0.038
HORI_I95	0.015
3D___I95	0.041

