SOFT_NAM	Gins
SOFT_VER	21.2
SOFT_TYP	IPPP

TIME_SYS	TAI

GEOD_SYS	ITRF2014	2022.897246607
GEOC_POS	-5210331.420	-3293051.780	-1634303.058
GEOC_COV	+7.05454424E-06	+4.77240088E-06	+8.91761121E-07	+3.39674060E-06	+2.08527084E-06	+1.40303636E-06
GEOD_POS	-14.945755573	-147.706152313	4.644
GEOD_COV	+2.03554272E-16	+1.71844167E-17	+1.01525940E-05	+3.41240321E-18	+4.00717781E-12	-3.63945772E-13
UTM__06S	8347552.975	424062.570	4.644
UTM__COV	+2.10389426E-07	+2.35572278E-06	+1.01525940E-05	+4.06187804E-08	-4.02699635E-08	+4.31082699E-07
MERC_POS	-1671935.901	-16442573.662	4.644
MERC_COV	+2.10389426E-07	+2.35572278E-06	+1.01525940E-05	+4.06187804E-08	-4.02699635E-08	+4.31082699E-07
VERT_I95	0.006
HORI_I95	0.003
3D___I95	0.007

GEOD_SYS	ITRF1992	1993.000000000	(RGPF)
GEOC_POS	-5210330.130	-3293053.312	-1634304.060
GEOC_COV	+7.05500000E-06	+4.77200000E-06	+8.92000000E-07	+3.39700000E-06	+2.08500000E-06	+1.40300000E-06
GEOD_POS	-14.945764959	-147.706133863	4.641
GEOD_COV	+2.03520509E-16	+1.72151606E-17	+1.01529023E-05	+3.39720451E-18	+4.00495377E-12	-3.61519095E-13
UTM__06S	8347551.943	424064.558	4.641
UTM__COV	+2.10765825E-07	+2.35533183E-06	+1.01529023E-05	+4.04378642E-08	-4.00014559E-08	+4.30843423E-07
MERC_POS	-1671936.976	-16442571.609	4.641
MERC_COV	+2.10765825E-07	+2.35533183E-06	+1.01529023E-05	+4.04378642E-08	-4.00014559E-08	+4.30843423E-07
VERT_I95	0.006
HORI_I95	0.003
3D___I95	0.007

