SOFT_NAM	Gins
SOFT_VER	22.1
SOFT_TYP	PPP

TIME_SYS	TAI

GEOD_SYS	ITRF2020	2023.127383593
GEOC_POS	-5737470.706	1346641.638	-2430960.763
GEOC_COV	+6.61920602E-05	+1.16704650E-05	+1.03196734E-05	-1.27876889E-05	+2.31250007E-05	-5.81365354E-06
GEOD_POS	-22.551621865	166.791197070	61.114
GEOD_COV	+8.34387075E-16	+1.68539005E-16	+7.72875932E-05	+5.32375945E-17	+4.67095278E-12	+3.58330556E-11
UTM__58S	7505009.763	684186.625	61.114
UTM__COV	+2.06680974E-06	+8.82779559E-06	+7.72875932E-05	+6.06402260E-07	+3.96811163E-06	+4.80449590E-07
MERC_POS	-2561503.593	18567111.127	61.114
MERC_COV	+2.06680974E-06	+8.82779559E-06	+7.72875932E-05	+6.06402260E-07	+3.96811163E-06	+4.80449590E-07
VERT_I95	0.018
HORI_I95	0.007
3D___I95	0.019

GEOD_SYS	ITRF1990	1989.000000000	(RGNC91-93)
GEOC_POS	-5737469.948	1346642.215	-2430962.253
GEOC_COV	+6.61920000E-05	+1.16700000E-05	+1.03200000E-05	-1.27880000E-05	+2.31250000E-05	-5.81400000E-06
GEOD_POS	-22.551636395	166.791189927	61.126
GEOD_COV	+8.34332232E-16	+1.68558032E-16	+7.72877434E-05	+5.32586350E-17	+4.66807942E-12	+3.58318644E-11
UTM__58S	7505008.163	684185.870	61.126
UTM__COV	+2.06704309E-06	+8.82721353E-06	+7.72877434E-05	+6.06641861E-07	+3.96797973E-06	+4.80153989E-07
MERC_POS	-2561505.334	18567110.332	61.126
MERC_COV	+2.06704309E-06	+8.82721353E-06	+7.72877434E-05	+6.06641861E-07	+3.96797973E-06	+4.80153989E-07
VERT_I95	0.018
HORI_I95	0.007
3D___I95	0.019

GEOD_SYS	ITRF2005	2007.274000000	(RGTAAF)
GEOC_POS	-5737470.362	1346641.893	-2430961.444
GEOC_COV	+6.61920000E-05	+1.16700000E-05	+1.03200000E-05	-1.27880000E-05	+2.31250000E-05	-5.81400000E-06
GEOD_POS	-22.551628502	166.791193891	61.119
GEOD_COV	+8.34332130E-16	+1.68557946E-16	+7.72877445E-05	+5.32586198E-17	+4.66803643E-12	+3.58317713E-11
UTM__58S	7505009.032	684186.289	61.119
UTM__COV	+2.06704202E-06	+8.82721344E-06	+7.72877445E-05	+6.06641721E-07	+3.96796941E-06	+4.80149594E-07
MERC_POS	-2561504.388	18567110.773	61.119
MERC_COV	+2.06704202E-06	+8.82721344E-06	+7.72877445E-05	+6.06641721E-07	+3.96796941E-06	+4.80149594E-07
VERT_I95	0.018
HORI_I95	0.007
3D___I95	0.019

