SOFT_NAM	Gins
SOFT_VER	22.1
SOFT_TYP	PPP

TIME_SYS	TAI

GEOD_SYS	ITRF2020	2023.124643867
GEOC_POS	-5737470.731	1346641.651	-2430960.779
GEOC_COV	+7.28519523E-06	+1.72324568E-06	+1.44671218E-06	-1.11425777E-06	+2.93130171E-06	-5.67570413E-07
GEOD_POS	-22.551621901	166.791197004	61.145
GEOD_COV	+1.43469492E-16	+1.81238581E-17	+8.71499464E-06	-1.44650561E-18	+2.58650521E-12	+3.14752983E-13
UTM__58S	7505009.759	684186.618	61.145
UTM__COV	+2.22254586E-07	+1.51790386E-06	+8.71499464E-06	-1.64764071E-08	+3.48553858E-08	+2.66045373E-07
MERC_POS	-2561503.597	18567111.119	61.145
MERC_COV	+2.22254586E-07	+1.51790386E-06	+8.71499464E-06	-1.64764071E-08	+3.48553858E-08	+2.66045373E-07
VERT_I95	0.006
HORI_I95	0.003
3D___I95	0.006

GEOD_SYS	ITRF1990	1989.000000000	(RGNC91-93)
GEOC_POS	-5737469.973	1346642.228	-2430962.269
GEOC_COV	+7.28500000E-06	+1.72300000E-06	+1.44700000E-06	-1.11400000E-06	+2.93100000E-06	-5.68000000E-07
GEOD_POS	-22.551636430	166.791189861	61.157
GEOD_COV	+1.43457395E-16	+1.81514262E-17	+8.71463178E-06	-1.39885552E-18	+2.58687066E-12	+3.14098600E-13
UTM__58S	7505008.159	684185.864	61.157
UTM__COV	+2.22592658E-07	+1.51777556E-06	+8.71463178E-06	-1.59336477E-08	+3.47829203E-08	+2.66082935E-07
MERC_POS	-2561505.338	18567110.324	61.157
MERC_COV	+2.22592658E-07	+1.51777556E-06	+8.71463178E-06	-1.59336477E-08	+3.47829203E-08	+2.66082935E-07
VERT_I95	0.006
HORI_I95	0.003
3D___I95	0.006

GEOD_SYS	ITRF2005	2007.274000000	(RGTAAF)
GEOC_POS	-5737470.387	1346641.906	-2430961.459
GEOC_COV	+7.28500000E-06	+1.72300000E-06	+1.44700000E-06	-1.11400000E-06	+2.93100000E-06	-5.68000000E-07
GEOD_POS	-22.551628537	166.791193824	61.151
GEOD_COV	+1.43457376E-16	+1.81514254E-17	+8.71463183E-06	-1.39885584E-18	+2.58686602E-12	+3.14088091E-13
UTM__58S	7505009.028	684186.282	61.151
UTM__COV	+2.22592648E-07	+1.51777553E-06	+8.71463183E-06	-1.59336522E-08	+3.47817565E-08	+2.66082473E-07
MERC_POS	-2561504.393	18567110.765	61.151
MERC_COV	+2.22592648E-07	+1.51777553E-06	+8.71463183E-06	-1.59336522E-08	+3.47817565E-08	+2.66082473E-07
VERT_I95	0.006
HORI_I95	0.003
3D___I95	0.006

