SOFT_NAM	Gins
SOFT_VER	22.1
SOFT_TYP	PPP

TIME_SYS	TAI

GEOD_SYS	ITRF2020	2023.121904141
GEOC_POS	-5737470.718	1346641.651	-2430960.774
GEOC_COV	+6.31408635E-06	+1.72305236E-06	+1.26125603E-06	-9.96906062E-07	+2.52639761E-06	-5.37048167E-07
GEOD_POS	-22.551621906	166.791196975	61.131
GEOD_COV	+1.43594615E-16	+1.67328231E-17	+7.57397091E-06	-8.78058165E-20	+1.35670610E-12	+3.54017741E-13
UTM__58S	7505009.759	684186.615	61.131
UTM__COV	+2.05196192E-07	+1.51922765E-06	+7.57397091E-06	-1.00015123E-09	+3.92035202E-08	+1.39549450E-07
MERC_POS	-2561503.598	18567111.116	61.131
MERC_COV	+2.05196192E-07	+1.51922765E-06	+7.57397091E-06	-1.00015123E-09	+3.92035202E-08	+1.39549450E-07
VERT_I95	0.006
HORI_I95	0.003
3D___I95	0.006

GEOD_SYS	ITRF1990	1989.000000000	(RGNC91-93)
GEOC_POS	-5737469.959	1346642.227	-2430962.264
GEOC_COV	+6.31400000E-06	+1.72300000E-06	+1.26100000E-06	-9.97000000E-07	+2.52600000E-06	-5.37000000E-07
GEOD_POS	-22.551636434	166.791189834	61.143
GEOD_COV	+1.43585580E-16	+1.67375003E-17	+7.57361470E-06	-8.73305591E-20	+1.35572587E-12	+3.57254058E-13
UTM__58S	7505008.159	684185.861	61.143
UTM__COV	+2.05253550E-07	+1.51913175E-06	+7.57361470E-06	-9.94737721E-10	+3.95619063E-08	+1.39448610E-07
MERC_POS	-2561505.339	18567110.321	61.143
MERC_COV	+2.05253550E-07	+1.51913175E-06	+7.57361470E-06	-9.94737721E-10	+3.95619063E-08	+1.39448610E-07
VERT_I95	0.006
HORI_I95	0.003
3D___I95	0.006

GEOD_SYS	ITRF2005	2007.274000000	(RGTAAF)
GEOC_POS	-5737470.373	1346641.906	-2430961.454
GEOC_COV	+6.31400000E-06	+1.72300000E-06	+1.26100000E-06	-9.97000000E-07	+2.52600000E-06	-5.37000000E-07
GEOD_POS	-22.551628541	166.791193797	61.136
GEOD_COV	+1.43585563E-16	+1.67374995E-17	+7.57361473E-06	-8.73294029E-20	+1.35572202E-12	+3.57244926E-13
UTM__58S	7505009.028	684186.279	61.136
UTM__COV	+2.05253540E-07	+1.51913174E-06	+7.57361473E-06	-9.94724605E-10	+3.95608950E-08	+1.39448222E-07
MERC_POS	-2561504.393	18567110.762	61.136
MERC_COV	+2.05253540E-07	+1.51913174E-06	+7.57361473E-06	-9.94724605E-10	+3.95608950E-08	+1.39448222E-07
VERT_I95	0.006
HORI_I95	0.003
3D___I95	0.006

