SOFT_NAM	Gins
SOFT_VER	25.2
SOFT_TYP	IPPP

TIME_SYS	TAI

GEOD_SYS	ITRF2020	2024.274586021
GEOC_POS	-5238715.413	-3094694.916	-1906571.730
GEOC_COV	+1.98438990E-05	+8.31283393E-06	+2.96997047E-06	+1.09135049E-05	+5.84533749E-06	+3.42216783E-06
GEOD_POS	-17.508411004	-149.428147682	12.394
GEOD_COV	+1.54064040E-16	+9.84290844E-17	+2.81836182E-05	+7.72147601E-18	+1.87676842E-12	+1.06666796E-11
UTM__06S	8062556.356	242183.464	12.394
UTM__COV	+1.20565486E-06	+1.73743033E-06	+2.81836182E-05	+9.07513643E-08	+1.18053544E-06	+1.99302958E-07
MERC_POS	-1967240.258	-16634265.310	12.394
MERC_COV	+1.20565486E-06	+1.73743033E-06	+2.81836182E-05	+9.07513643E-08	+1.18053544E-06	+1.99302958E-07
VERT_I95	0.011
HORI_I95	0.003
3D___I95	0.011

GEOD_SYS	ITRF1992	1993.000000000	(RGPF)
GEOC_POS	-5238714.099	-3094696.498	-1906572.750
GEOC_COV	+1.98440000E-05	+8.31300000E-06	+2.97000000E-06	+1.09140000E-05	+5.84500000E-06	+3.42200000E-06
GEOD_POS	-17.508420674	-149.428128559	12.390
GEOD_COV	+1.54038828E-16	+9.84529968E-17	+2.81839064E-05	+7.72609404E-18	+1.87916653E-12	+1.06708559E-11
UTM__06S	8062555.312	242185.509	12.390
UTM__COV	+1.20594776E-06	+1.73714582E-06	+2.81839064E-05	+9.08056357E-08	+1.18099765E-06	+1.99557614E-07
MERC_POS	-1967241.380	-16634263.181	12.390
MERC_COV	+1.20594776E-06	+1.73714582E-06	+2.81839064E-05	+9.08056357E-08	+1.18099765E-06	+1.99557614E-07
VERT_I95	0.011
HORI_I95	0.003
3D___I95	0.011

