SOFT_NAM	Gins
SOFT_VER	25.2
SOFT_TYP	IPPP

TIME_SYS	TAI

GEOD_SYS	ITRF2020	2024.277318262
GEOC_POS	-5238715.418	-3094694.913	-1906571.740
GEOC_COV	+4.00664072E-05	+1.45695145E-05	+5.61451872E-06	+2.10691562E-05	+1.15162790E-05	+6.47545596E-06
GEOD_POS	-17.508411078	-149.428147723	12.400
GEOD_COV	+2.40510572E-16	+1.81757783E-16	+5.53117789E-05	-2.63789475E-18	-9.75464823E-12	+2.23044501E-11
UTM__06S	8062556.348	242183.460	12.400
UTM__COV	+2.22634556E-06	+2.71231601E-06	+5.53117789E-05	-3.10034697E-08	+2.46854642E-06	-1.03589246E-06
MERC_POS	-1967240.267	-16634265.315	12.400
MERC_COV	+2.22634556E-06	+2.71231601E-06	+5.53117789E-05	-3.10034697E-08	+2.46854642E-06	-1.03589246E-06
VERT_I95	0.015
HORI_I95	0.004
3D___I95	0.016

GEOD_SYS	ITRF1992	1993.000000000	(RGPF)
GEOC_POS	-5238714.104	-3094696.496	-1906572.759
GEOC_COV	+4.00660000E-05	+1.45700000E-05	+5.61500000E-06	+2.10690000E-05	+1.15160000E-05	+6.47500000E-06
GEOD_POS	-17.508420749	-149.428128598	12.395
GEOD_COV	+2.40545357E-16	+1.81813389E-16	+5.53112653E-05	-2.60955468E-18	-9.75268516E-12	+2.23059646E-11
UTM__06S	8062555.303	242185.505	12.395
UTM__COV	+2.22702668E-06	+2.71270800E-06	+5.53112653E-05	-3.06703841E-08	+2.46871404E-06	-1.03568393E-06
MERC_POS	-1967241.389	-16634263.186	12.395
MERC_COV	+2.22702668E-06	+2.71270800E-06	+5.53112653E-05	-3.06703841E-08	+2.46871404E-06	-1.03568393E-06
VERT_I95	0.015
HORI_I95	0.004
3D___I95	0.016

