SOFT_NAM	Gins
SOFT_VER	25.2
SOFT_TYP	IPPP

TIME_SYS	TAI

GEOD_SYS	ITRF2020	2024.271853781
GEOC_POS	-5238715.387	-3094694.897	-1906571.728
GEOC_COV	+3.33489790E-05	+1.37322240E-05	+4.94071482E-06	+1.86599603E-05	+9.63786360E-06	+5.81544014E-06
GEOD_POS	-17.508411068	-149.428147707	12.363
GEOD_COV	+2.18485261E-16	+1.69231064E-16	+4.74850823E-05	+2.10038507E-18	+4.02507737E-12	+1.95625859E-11
UTM__06S	8062556.349	242183.462	12.363
UTM__COV	+2.07290614E-06	+2.46392938E-06	+4.74850823E-05	+2.46860585E-08	+2.16509042E-06	+4.27442094E-07
MERC_POS	-1967240.266	-16634265.313	12.363
MERC_COV	+2.07290614E-06	+2.46392938E-06	+4.74850823E-05	+2.46860585E-08	+2.16509042E-06	+4.27442094E-07
VERT_I95	0.014
HORI_I95	0.004
3D___I95	0.014

GEOD_SYS	ITRF1992	1993.000000000	(RGPF)
GEOC_POS	-5238714.073	-3094696.479	-1906572.747
GEOC_COV	+3.33490000E-05	+1.37320000E-05	+4.94100000E-06	+1.86600000E-05	+9.63800000E-06	+5.81500000E-06
GEOD_POS	-17.508420737	-149.428128586	12.358
GEOD_COV	+2.18467934E-16	+1.69257228E-16	+4.74850397E-05	+2.13445892E-18	+4.02287894E-12	+1.95626841E-11
UTM__06S	8062555.305	242185.507	12.358
UTM__COV	+2.07322662E-06	+2.46373372E-06	+4.74850397E-05	+2.50865309E-08	+2.16510129E-06	+4.27208609E-07
MERC_POS	-1967241.388	-16634263.184	12.358
MERC_COV	+2.07322662E-06	+2.46373372E-06	+4.74850397E-05	+2.50865309E-08	+2.16510129E-06	+4.27208609E-07
VERT_I95	0.014
HORI_I95	0.004
3D___I95	0.014

