SOFT_NAM	Gins
SOFT_VER	24.1
SOFT_TYP	PPP

TIME_SYS	TAI

GEOD_SYS	ITRF2020	2025.206835648
GEOC_POS	-4824629.851	-4041667.482	-1030249.552
GEOC_COV	+5.59960188E-05	+5.82052619E-05	+4.87147455E-06	+2.97276731E-05	+1.15193022E-05	+7.28310528E-06
GEOD_POS	-9.357980331	-140.046567827	5.109
GEOD_COV	+2.32267081E-15	+2.19642261E-16	+8.83592200E-05	+2.31621997E-16	+5.38786146E-11	+2.27064236E-12
UTM__07S	8965428.475	604695.081	5.109
UTM__COV	+2.68692435E-06	+2.80266109E-05	+8.83592200E-05	+2.81410974E-06	+2.51141511E-07	+5.91844861E-06
MERC_POS	-1039445.075	-15589912.618	5.109
MERC_COV	+2.68692435E-06	+2.80266109E-05	+8.83592200E-05	+2.81410974E-06	+2.51141511E-07	+5.91844861E-06
VERT_I95	0.019
HORI_I95	0.011
3D___I95	0.022

GEOD_SYS	ITRF1992	1993.000000000	(RGPF)
GEOC_POS	-4824628.320	-4041669.029	-1030250.594
GEOC_COV	+5.59960000E-05	+5.82050000E-05	+4.87100000E-06	+2.97280000E-05	+1.15190000E-05	+7.28300000E-06
GEOD_POS	-9.357989896	-140.046548077	5.101
GEOD_COV	+2.32263051E-15	+2.19612815E-16	+8.83593128E-05	+2.31612155E-16	+5.38780325E-11	+2.27432848E-12
UTM__07S	8965427.412	604697.247	5.101
UTM__COV	+2.68656413E-06	+2.80261230E-05	+8.83593128E-05	+2.81399008E-06	+2.51549209E-07	+5.91838450E-06
MERC_POS	-1039446.147	-15589910.419	5.101
MERC_COV	+2.68656413E-06	+2.80261230E-05	+8.83593128E-05	+2.81399008E-06	+2.51549209E-07	+5.91838450E-06
VERT_I95	0.019
HORI_I95	0.011
3D___I95	0.022

