SOFT_NAM	Gins
SOFT_VER	24.1
SOFT_TYP	PPP

TIME_SYS	TAI

GEOD_SYS	ITRF2020	2025.209575374
GEOC_POS	-4824629.870	-4041667.489	-1030249.539
GEOC_COV	+1.17597254E-05	+8.29435767E-06	+9.79267504E-07	+6.28106769E-06	+2.45615567E-06	+1.83777025E-06
GEOD_POS	-9.357980188	-140.046567892	5.126
GEOD_COV	+2.93333995E-16	+3.32849483E-17	+1.70866419E-05	+5.58432530E-18	-5.68479508E-12	-3.69368137E-12
UTM__07S	8965428.491	604695.074	5.126
UTM__COV	+4.07180923E-07	+3.53952775E-06	+1.70866419E-05	+6.78472016E-08	-4.08534932E-07	-6.24462375E-07
MERC_POS	-1039445.059	-15589912.625	5.126
MERC_COV	+4.07180923E-07	+3.53952775E-06	+1.70866419E-05	+6.78472016E-08	-4.08534932E-07	-6.24462375E-07
VERT_I95	0.008
HORI_I95	0.004
3D___I95	0.009

GEOD_SYS	ITRF1992	1993.000000000	(RGPF)
GEOC_POS	-4824628.338	-4041669.036	-1030250.581
GEOC_COV	+1.17600000E-05	+8.29400000E-06	+9.79000000E-07	+6.28100000E-06	+2.45600000E-06	+1.83800000E-06
GEOD_POS	-9.357989755	-140.046548141	5.117
GEOD_COV	+2.93331537E-16	+3.32627949E-17	+1.70865922E-05	+5.55759713E-18	-5.68733079E-12	-3.69358635E-12
UTM__07S	8965427.427	604697.240	5.117
UTM__COV	+4.06909916E-07	+3.53949789E-06	+1.70865922E-05	+6.75224636E-08	-4.08524422E-07	-6.24740900E-07
MERC_POS	-1039446.131	-15589910.426	5.117
MERC_COV	+4.06909916E-07	+3.53949789E-06	+1.70865922E-05	+6.75224636E-08	-4.08524422E-07	-6.24740900E-07
VERT_I95	0.008
HORI_I95	0.004
3D___I95	0.009

