SOFT_NAM	Gins
SOFT_VER	23.2
SOFT_TYP	PPP

TIME_SYS	TAI

GEOD_SYS	ITRF2020	2024.331953584
GEOC_POS	-5062225.917	-3539616.569	-1583891.401
GEOC_COV	+1.24366684E-05	+8.98883882E-06	+1.70553949E-06	+7.09419851E-06	+3.78189672E-06	+2.96850805E-06
GEOD_POS	-14.474712197	-145.037931624	0.354
GEOD_COV	+2.97508605E-16	+3.25064535E-17	+1.92752537E-05	-4.46280235E-18	+7.94471935E-12	-2.39394610E-12
UTM__06S	8398866.505	711479.532	0.354
UTM__COV	+3.97944841E-07	+3.45784813E-06	+1.92752537E-05	-5.32338025E-08	-2.64875026E-07	+8.56508647E-07
MERC_POS	-1618062.106	-16145548.694	0.354
MERC_COV	+3.97944841E-07	+3.45784813E-06	+1.92752537E-05	-5.32338025E-08	-2.64875026E-07	+8.56508647E-07
VERT_I95	0.009
HORI_I95	0.004
3D___I95	0.010

GEOD_SYS	ITRF1992	1993.000000000	(RGPF)
GEOC_POS	-5062224.491	-3539618.127	-1583892.445
GEOC_COV	+1.24370000E-05	+8.98900000E-06	+1.70600000E-06	+7.09400000E-06	+3.78200000E-06	+2.96900000E-06
GEOD_POS	-14.474721952	-145.037912199	0.348
GEOD_COV	+2.97543309E-16	+3.25276744E-17	+1.92755442E-05	-4.49378908E-18	+7.94413848E-12	-2.39762766E-12
UTM__06S	8398865.408	711481.618	0.348
UTM__COV	+3.98204627E-07	+3.45825117E-06	+1.92755442E-05	-5.36034202E-08	-2.65282367E-07	+8.56445986E-07
MERC_POS	-1618063.221	-16145546.532	0.348
MERC_COV	+3.98204627E-07	+3.45825117E-06	+1.92755442E-05	-5.36034202E-08	-2.65282367E-07	+8.56445986E-07
VERT_I95	0.009
HORI_I95	0.004
3D___I95	0.010

