SOFT_NAM	Gins
SOFT_VER	24.1
SOFT_TYP	PPP

TIME_SYS	TAI

GEOD_SYS	ITRF2020	2025.045191813
GEOC_POS	4379317.735	4418548.171	-1401868.074
GEOC_COV	+2.65359187E-04	+2.95700329E-04	+4.83100087E-05	+2.01049663E-04	-9.56705003E-05	-9.93423587E-05
GEOD_POS	-12.781768678	045.255485081	-12.622
GEOD_COV	+6.73091637E-15	+8.18351169E-16	+5.20001214E-04	+8.55083746E-17	+1.24185716E-10	-2.79289301E-10
UTM__38S	8586983.779	527729.241	-12.622
UTM__COV	+1.00155122E-05	+7.93527982E-05	+5.20001214E-04	+1.02711579E-06	-3.08973354E-05	+1.34839046E-05
MERC_POS	-1425363.363	5037817.555	-12.622
MERC_COV	+1.00155122E-05	+7.93527982E-05	+5.20001214E-04	+1.02711579E-06	-3.08973354E-05	+1.34839046E-05
VERT_I95	0.046
HORI_I95	0.019
3D___I95	0.049

GEOD_SYS	ITRF2000	2004.000000000	(RGM04)
GEOC_POS	4379318.025	4418547.802	-1401868.376
GEOC_COV	+2.65359000E-04	+2.95700000E-04	+4.83100000E-05	+2.01050000E-04	-9.56710000E-05	-9.93420000E-05
GEOD_POS	-12.781771454	045.255480792	-12.612
GEOD_COV	+6.73086631E-15	+8.18347133E-16	+5.20001331E-04	+8.55561023E-17	+1.24184107E-10	-2.79289702E-10
UTM__38S	8586983.472	527728.775	-12.612
UTM__COV	+1.00154629E-05	+7.93522066E-05	+5.20001331E-04	+1.02768908E-06	-3.08973799E-05	+1.34837298E-05
MERC_POS	-1425363.678	5037817.077	-12.612
MERC_COV	+1.00154629E-05	+7.93522066E-05	+5.20001331E-04	+1.02768908E-06	-3.08973799E-05	+1.34837298E-05
VERT_I95	0.046
HORI_I95	0.019
3D___I95	0.049

