SOFT_NAM	Gins
SOFT_VER	24.1
SOFT_TYP	PPP

TIME_SYS	TAI

GEOD_SYS	ITRF2020	2025.039712360
GEOC_POS	4379317.687	4418548.129	-1401868.054
GEOC_COV	+1.11900773E-04	+1.27518571E-04	+1.56510639E-05	+9.46669888E-05	-3.73951269E-05	-3.89013590E-05
GEOD_POS	-12.781768629	045.255485122	-12.689
GEOD_COV	+2.11859963E-15	+1.71538959E-16	+2.27994195E-04	+6.13325588E-17	+6.42316570E-11	-5.22636861E-11
UTM__38S	8586983.784	527729.246	-12.689
UTM__COV	+2.09940496E-06	+2.49768080E-05	+2.27994195E-04	+7.36718930E-07	-5.78184921E-06	+6.97417992E-06
MERC_POS	-1425363.358	5037817.559	-12.689
MERC_COV	+2.09940496E-06	+2.49768080E-05	+2.27994195E-04	+7.36718930E-07	-5.78184921E-06	+6.97417992E-06
VERT_I95	0.030
HORI_I95	0.010
3D___I95	0.032

GEOD_SYS	ITRF2000	2004.000000000	(RGM04)
GEOC_POS	4379317.977	4418547.760	-1401868.355
GEOC_COV	+1.11901000E-04	+1.27519000E-04	+1.56510000E-05	+9.46670000E-05	-3.73950000E-05	-3.89010000E-05
GEOD_POS	-12.781771404	045.255480835	-12.679
GEOD_COV	+2.11862656E-15	+1.71547449E-16	+2.27994366E-04	+6.13475795E-17	+6.42323680E-11	-5.22599931E-11
UTM__38S	8586983.478	527728.780	-12.679
UTM__COV	+2.09950887E-06	+2.49771250E-05	+2.27994366E-04	+7.36899351E-07	-5.78144067E-06	+6.97425705E-06
MERC_POS	-1425363.673	5037817.082	-12.679
MERC_COV	+2.09950887E-06	+2.49771250E-05	+2.27994366E-04	+7.36899351E-07	-5.78144067E-06	+6.97425705E-06
VERT_I95	0.030
HORI_I95	0.010
3D___I95	0.032

