SOFT_NAM	Gins
SOFT_VER	24.1
SOFT_TYP	PPP

TIME_SYS	TAI

GEOD_SYS	ITRF2020	2025.036972634
GEOC_POS	4379317.686	4418548.128	-1401868.055
GEOC_COV	+1.80257651E-04	+1.83706529E-04	+2.30648873E-05	+1.44855480E-04	-5.79712804E-05	-5.42309690E-05
GEOD_POS	-12.781768643	045.255485125	-12.690
GEOD_COV	+3.14836244E-15	+3.02619260E-16	+3.46208425E-04	+2.51412982E-16	-2.22477287E-12	-5.43992378E-11
UTM__38S	8586983.783	527729.246	-12.690
UTM__COV	+3.70365064E-06	+3.71169913E-05	+3.46208425E-04	+3.01994090E-06	-6.01810193E-06	-2.41562603E-07
MERC_POS	-1425363.359	5037817.560	-12.690
MERC_COV	+3.70365064E-06	+3.71169913E-05	+3.46208425E-04	+3.01994090E-06	-6.01810193E-06	-2.41562603E-07
VERT_I95	0.037
HORI_I95	0.013
3D___I95	0.039

GEOD_SYS	ITRF2000	2004.000000000	(RGM04)
GEOC_POS	4379317.976	4418547.759	-1401868.357
GEOC_COV	+1.80258000E-04	+1.83707000E-04	+2.30650000E-05	+1.44855000E-04	-5.79710000E-05	-5.42310000E-05
GEOD_POS	-12.781771417	045.255480838	-12.680
GEOD_COV	+3.14843799E-15	+3.02633867E-16	+3.46208289E-04	+2.51396169E-16	-2.22352795E-12	-5.43980151E-11
UTM__38S	8586983.476	527728.780	-12.680
UTM__COV	+3.70382942E-06	+3.71178813E-05	+3.46208289E-04	+3.01973893E-06	-6.01796667E-06	-2.41427429E-07
MERC_POS	-1425363.674	5037817.082	-12.680
MERC_COV	+3.70382942E-06	+3.71178813E-05	+3.46208289E-04	+3.01973893E-06	-6.01796667E-06	-2.41427429E-07
VERT_I95	0.037
HORI_I95	0.013
3D___I95	0.039

