SOFT_NAM	Gins
SOFT_VER	21.2
SOFT_TYP	PPP

TIME_SYS	TAI

GEOD_SYS	ITRF2014	2022.327383593
GEOC_POS	-5345673.862	-2959299.252	-1823364.081
GEOC_COV	+4.35666479E-05	+1.89789164E-05	+5.86239765E-06	+1.81222557E-05	+1.38999411E-05	+7.52803372E-06
GEOD_POS	-16.721727929	-151.031626130	8.824
GEOD_COV	+8.25552464E-16	+8.70635302E-17	+5.79531033E-05	-7.61984709E-18	-7.56297195E-12	-1.42241294E-12
UTM__05S	8150190.896	709861.508	8.824
UTM__COV	+1.06627184E-06	+9.38858682E-06	+5.79531033E-05	-8.99269500E-08	-1.57413338E-07	-8.06529513E-07
MERC_POS	-1876169.031	-16812763.714	8.824
MERC_COV	+1.06627184E-06	+9.38858682E-06	+5.79531033E-05	-8.99269500E-08	-1.57413338E-07	-8.06529513E-07
VERT_I95	0.015
HORI_I95	0.006
3D___I95	0.017

GEOD_SYS	ITRF1992	1993.000000000	(RGPF)
GEOC_POS	-5345672.671	-2959300.786	-1823365.065
GEOC_COV	+4.35670000E-05	+1.89790000E-05	+5.86200000E-06	+1.81220000E-05	+1.39000000E-05	+7.52800000E-06
GEOD_POS	-16.721737226	-151.031608139	8.820
GEOD_COV	+8.25584530E-16	+8.70326481E-17	+5.79531558E-05	-7.62116296E-18	-7.56550607E-12	-1.42142558E-12
UTM__05S	8150189.848	709863.417	8.820
UTM__COV	+1.06589362E-06	+9.38895057E-06	+5.79531558E-05	-8.99424751E-08	-1.57304070E-07	-8.06799717E-07
MERC_POS	-1876170.105	-16812761.712	8.820
MERC_COV	+1.06589362E-06	+9.38895057E-06	+5.79531558E-05	-8.99424751E-08	-1.57304070E-07	-8.06799717E-07
VERT_I95	0.015
HORI_I95	0.006
3D___I95	0.017

