SOFT_NAM	Gins
SOFT_VER	21.2
SOFT_TYP	PPP

TIME_SYS	TAI

GEOD_SYS	ITRF2014	2022.330123319
GEOC_POS	-5345673.858	-2959299.258	-1823364.077
GEOC_COV	+4.59885056E-05	+1.99343845E-05	+6.07622795E-06	+1.93668230E-05	+1.47967301E-05	+7.79979985E-06
GEOD_POS	-16.721727897	-151.031626064	8.822
GEOD_COV	+8.47070921E-16	+8.30236675E-17	+6.13490174E-05	+9.29113806E-18	-7.74012947E-12	-1.06301307E-12
UTM__05S	8150190.899	709861.515	8.822
UTM__COV	+1.01679542E-06	+9.63330524E-06	+6.13490174E-05	+1.09650981E-07	-1.17639843E-07	-8.25421923E-07
MERC_POS	-1876169.028	-16812763.707	8.822
MERC_COV	+1.01679542E-06	+9.63330524E-06	+6.13490174E-05	+1.09650981E-07	-1.17639843E-07	-8.25421923E-07
VERT_I95	0.016
HORI_I95	0.007
3D___I95	0.017

GEOD_SYS	ITRF1992	1993.000000000	(RGPF)
GEOC_POS	-5345672.667	-2959300.792	-1823365.061
GEOC_COV	+4.59890000E-05	+1.99340000E-05	+6.07600000E-06	+1.93670000E-05	+1.47970000E-05	+7.80000000E-06
GEOD_POS	-16.721737195	-151.031608072	8.819
GEOD_COV	+8.47042175E-16	+8.29945688E-17	+6.13495836E-05	+9.28080446E-18	-7.74265666E-12	-1.06377757E-12
UTM__05S	8150189.851	709863.424	8.819
UTM__COV	+1.01643904E-06	+9.63297739E-06	+6.13495836E-05	+1.09529022E-07	-1.17724448E-07	-8.25691387E-07
MERC_POS	-1876170.102	-16812761.704	8.819
MERC_COV	+1.01643904E-06	+9.63297739E-06	+6.13495836E-05	+1.09529022E-07	-1.17724448E-07	-8.25691387E-07
VERT_I95	0.016
HORI_I95	0.007
3D___I95	0.017

