SOFT_NAM	Gins
SOFT_VER	22.1
SOFT_TYP	PPP

TIME_SYS	TAI

GEOD_SYS	ITRF2020	2023.119164415
GEOC_POS	-5737470.722	1346641.667	-2430960.785
GEOC_COV	+2.19256170E-04	+6.81077898E-05	+9.35174279E-05	-4.04166375E-05	+1.16769874E-04	-6.57101758E-06
GEOD_POS	-22.551621969	166.791196837	61.143
GEOD_COV	+5.48373956E-15	+2.60154899E-15	+2.90960510E-04	-1.73129152E-15	+5.25364349E-11	-2.99713908E-10
UTM__58S	7505009.752	684186.600	61.143
UTM__COV	+3.19030414E-05	+5.80178357E-05	+2.90960510E-04	-1.97202580E-05	-3.31899758E-05	+5.40384583E-06
MERC_POS	-2561503.605	18567111.101	61.143
MERC_COV	+3.19030414E-05	+5.80178357E-05	+2.90960510E-04	-1.97202580E-05	-3.31899758E-05	+5.40384583E-06
VERT_I95	0.034
HORI_I95	0.019
3D___I95	0.039

GEOD_SYS	ITRF1990	1989.000000000	(RGNC91-93)
GEOC_POS	-5737469.964	1346642.243	-2430962.275
GEOC_COV	+2.19256000E-04	+6.81080000E-05	+9.35170000E-05	-4.04170000E-05	+1.16770000E-04	-6.57100000E-06
GEOD_POS	-22.551636496	166.791189696	61.154
GEOD_COV	+5.48374337E-15	+2.60151130E-15	+2.90960557E-04	-1.73130951E-15	+5.25332315E-11	-2.99712645E-10
UTM__58S	7505008.152	684185.847	61.154
UTM__COV	+3.19025794E-05	+5.80178641E-05	+2.90960557E-04	-1.97204610E-05	-3.31898360E-05	+5.40351577E-06
MERC_POS	-2561505.346	18567110.306	61.154
MERC_COV	+3.19025794E-05	+5.80178641E-05	+2.90960557E-04	-1.97204610E-05	-3.31898360E-05	+5.40351577E-06
VERT_I95	0.034
HORI_I95	0.019
3D___I95	0.039

GEOD_SYS	ITRF2005	2007.274000000	(RGTAAF)
GEOC_POS	-5737470.378	1346641.921	-2430961.465
GEOC_COV	+2.19256000E-04	+6.81080000E-05	+9.35170000E-05	-4.04170000E-05	+1.16770000E-04	-6.57100000E-06
GEOD_POS	-22.551628603	166.791193659	61.148
GEOD_COV	+5.48374279E-15	+2.60151197E-15	+2.90960548E-04	-1.73130923E-15	+5.25330661E-11	-2.99712978E-10
UTM__58S	7505009.021	684186.265	61.148
UTM__COV	+3.19025875E-05	+5.80178644E-05	+2.90960548E-04	-1.97204588E-05	-3.31898729E-05	+5.40349906E-06
MERC_POS	-2561504.400	18567110.747	61.148
MERC_COV	+3.19025875E-05	+5.80178644E-05	+2.90960548E-04	-1.97204588E-05	-3.31898729E-05	+5.40349906E-06
VERT_I95	0.034
HORI_I95	0.019
3D___I95	0.039

