SOFT_NAM	Gins
SOFT_VER	25.1
SOFT_TYP	PPP

TIME_SYS	TAI

GEOD_SYS	ITRF2020	2025.782178114
GEOC_POS	-5047171.206	-2975948.890	-2511560.235
GEOC_COV	+4.33231419E-05	+2.54428947E-05	+1.10747350E-05	+1.75673033E-05	+1.76068561E-05	+1.12892567E-05
GEOD_POS	-23.342198142	-149.475246672	1.920
GEOD_COV	+1.40409691E-15	+2.13577269E-16	+6.25377252E-05	-3.95845320E-17	+9.14021776E-12	+1.18083419E-11
UTM__06S	7416431.266	246922.509	1.920
UTM__COV	+2.61959107E-06	+1.46834553E-05	+6.25377252E-05	-4.48311977E-07	+1.30776032E-06	+9.34699766E-07
MERC_POS	-2656530.826	-16639508.346	1.920
MERC_COV	+2.61959107E-06	+1.46834553E-05	+6.25377252E-05	-4.48311977E-07	+1.30776032E-06	+9.34699766E-07
VERT_I95	0.016
HORI_I95	0.008
3D___I95	0.018

GEOD_SYS	ITRF1992	1993.000000000	(RGPF)
GEOC_POS	-5047169.771	-2975950.445	-2511561.264
GEOC_COV	+4.33230000E-05	+2.54430000E-05	+1.10750000E-05	+1.75670000E-05	+1.76070000E-05	+1.12890000E-05
GEOD_POS	-23.342208269	-149.475226447	1.919
GEOD_COV	+1.40412643E-15	+2.13591497E-16	+6.25374727E-05	-3.95619108E-17	+9.13857907E-12	+1.18064783E-11
UTM__06S	7416430.180	246924.597	1.919
UTM__COV	+2.61976558E-06	+1.46837618E-05	+6.25374727E-05	-4.48055749E-07	+1.30755393E-06	+9.34532118E-07
MERC_POS	-2656532.047	-16639506.094	1.919
MERC_COV	+2.61976558E-06	+1.46837618E-05	+6.25374727E-05	-4.48055749E-07	+1.30755393E-06	+9.34532118E-07
VERT_I95	0.016
HORI_I95	0.008
3D___I95	0.018

GEOD_SYS	ITRF2005	2007.274000000	(RGTAAF)
GEOC_POS	-5047170.402	-2975949.775	-2511560.808
GEOC_COV	+4.33230000E-05	+2.54430000E-05	+1.10750000E-05	+1.75670000E-05	+1.76070000E-05	+1.12890000E-05
GEOD_POS	-23.342203764	-149.475235227	1.924
GEOD_COV	+1.40412635E-15	+2.13591485E-16	+6.25374726E-05	-3.95619643E-17	+9.13864502E-12	+1.18064358E-11
UTM__06S	7416430.664	246923.691	1.924
UTM__COV	+2.61976544E-06	+1.46837620E-05	+6.25374726E-05	-4.48056370E-07	+1.30754922E-06	+9.34538895E-07
MERC_POS	-2656531.504	-16639507.072	1.924
MERC_COV	+2.61976544E-06	+1.46837620E-05	+6.25374726E-05	-4.48056370E-07	+1.30754922E-06	+9.34538895E-07
VERT_I95	0.016
HORI_I95	0.008
3D___I95	0.018

