SOFT_NAM	Gins
SOFT_VER	25.1
SOFT_TYP	PPP

TIME_SYS	TAI

GEOD_SYS	ITRF2020	2025.779438388
GEOC_POS	-5047171.232	-2975948.898	-2511560.237
GEOC_COV	+4.40273029E-05	+2.39179461E-05	+1.14594384E-05	+1.72333535E-05	+1.77765722E-05	+1.10793056E-05
GEOD_POS	-23.342198066	-149.475246737	1.945
GEOD_COV	+1.34120669E-15	+2.35583986E-16	+6.24894012E-05	-5.77099477E-17	-2.10232606E-12	+9.76382376E-12
UTM__06S	7416431.275	246922.503	1.945
UTM__COV	+2.88951026E-06	+1.40257760E-05	+6.24894012E-05	-6.53590169E-07	+1.08133228E-06	-2.14988716E-07
MERC_POS	-2656530.817	-16639508.353	1.945
MERC_COV	+2.88951026E-06	+1.40257760E-05	+6.24894012E-05	-6.53590169E-07	+1.08133228E-06	-2.14988716E-07
VERT_I95	0.016
HORI_I95	0.008
3D___I95	0.018

GEOD_SYS	ITRF1992	1993.000000000	(RGPF)
GEOC_POS	-5047169.798	-2975950.453	-2511561.266
GEOC_COV	+4.40270000E-05	+2.39180000E-05	+1.14590000E-05	+1.72330000E-05	+1.77770000E-05	+1.10790000E-05
GEOD_POS	-23.342208193	-149.475226514	1.944
GEOD_COV	+1.34123286E-15	+2.35534556E-16	+6.24890485E-05	-5.76714182E-17	-2.10447642E-12	+9.76232663E-12
UTM__06S	7416430.188	246924.590	1.944
UTM__COV	+2.88890399E-06	+1.40260475E-05	+6.24890485E-05	-6.53153757E-07	+1.08116648E-06	-2.15208601E-07
MERC_POS	-2656532.038	-16639506.102	1.944
MERC_COV	+2.88890399E-06	+1.40260475E-05	+6.24890485E-05	-6.53153757E-07	+1.08116648E-06	-2.15208601E-07
VERT_I95	0.016
HORI_I95	0.008
3D___I95	0.018

GEOD_SYS	ITRF2005	2007.274000000	(RGTAAF)
GEOC_POS	-5047170.428	-2975949.782	-2511560.811
GEOC_COV	+4.40270000E-05	+2.39180000E-05	+1.14590000E-05	+1.72330000E-05	+1.77770000E-05	+1.10790000E-05
GEOD_POS	-23.342203688	-149.475235294	1.950
GEOD_COV	+1.34123275E-15	+2.35534549E-16	+6.24890488E-05	-5.76714610E-17	-2.10440953E-12	+9.76228526E-12
UTM__06S	7416430.672	246923.684	1.950
UTM__COV	+2.88890391E-06	+1.40260473E-05	+6.24890488E-05	-6.53154265E-07	+1.08116190E-06	-2.15201768E-07
MERC_POS	-2656531.495	-16639507.079	1.950
MERC_COV	+2.88890391E-06	+1.40260473E-05	+6.24890488E-05	-6.53154265E-07	+1.08116190E-06	-2.15201768E-07
VERT_I95	0.016
HORI_I95	0.008
3D___I95	0.018

