SOFT_NAM	Gins
SOFT_VER	25.2
SOFT_TYP	IPPP

TIME_SYS	TAI

GEOD_SYS	ITRF2020	2025.782187627
GEOC_POS	-5047171.271	-2975948.872	-2511560.242
GEOC_COV	+5.29464034E-05	+1.87438871E-05	+1.56398587E-05	+2.60219602E-05	+2.35680085E-05	+1.33203092E-05
GEOD_POS	-23.342198035	-149.475247147	1.966
GEOD_COV	+4.58710935E-16	+3.25509922E-16	+7.85406634E-05	-4.26261622E-17	-2.31855090E-11	+6.95831977E-13
UTM__06S	7416431.277	246922.461	1.966
UTM__COV	+3.99247963E-06	+4.79700623E-06	+7.85406634E-05	-4.82759765E-07	+7.70625937E-08	-2.37100369E-06
MERC_POS	-2656530.813	-16639508.399	1.966
MERC_COV	+3.99247963E-06	+4.79700623E-06	+7.85406634E-05	-4.82759765E-07	+7.70625937E-08	-2.37100369E-06
VERT_I95	0.018
HORI_I95	0.006
3D___I95	0.019

GEOD_SYS	ITRF1992	1993.000000000	(RGPF)
GEOC_POS	-5047169.836	-2975950.427	-2511561.272
GEOC_COV	+5.29460000E-05	+1.87440000E-05	+1.56400000E-05	+2.60220000E-05	+2.35680000E-05	+1.33200000E-05
GEOD_POS	-23.342208163	-149.475226922	1.965
GEOD_COV	+4.58705893E-16	+3.25526364E-16	+7.85403659E-05	-4.25963733E-17	-2.31845578E-11	+6.95727679E-13
UTM__06S	7416430.191	246924.549	1.965
UTM__COV	+3.99268131E-06	+4.79695277E-06	+7.85403659E-05	-4.82422356E-07	+7.70510429E-08	-2.37090623E-06
MERC_POS	-2656532.034	-16639506.147	1.965
MERC_COV	+3.99268131E-06	+4.79695277E-06	+7.85403659E-05	-4.82422356E-07	+7.70510429E-08	-2.37090623E-06
VERT_I95	0.018
HORI_I95	0.006
3D___I95	0.019

GEOD_SYS	ITRF2005	2007.274000000	(RGTAAF)
GEOC_POS	-5047170.467	-2975949.757	-2511560.816
GEOC_COV	+5.29460000E-05	+1.87440000E-05	+1.56400000E-05	+2.60220000E-05	+2.35680000E-05	+1.33200000E-05
GEOD_POS	-23.342203658	-149.475235702	1.970
GEOD_COV	+4.58705792E-16	+3.25526368E-16	+7.85403666E-05	-4.25963587E-17	-2.31844559E-11	+6.95676668E-13
UTM__06S	7416430.675	246923.642	1.970
UTM__COV	+3.99268136E-06	+4.79695205E-06	+7.85403666E-05	-4.82422208E-07	+7.70453935E-08	-2.37089590E-06
MERC_POS	-2656531.491	-16639507.125	1.970
MERC_COV	+3.99268136E-06	+4.79695205E-06	+7.85403666E-05	-4.82422208E-07	+7.70453935E-08	-2.37089590E-06
VERT_I95	0.018
HORI_I95	0.006
3D___I95	0.019

