SOFT_NAM	Gins
SOFT_VER	25.2
SOFT_TYP	IPPP

TIME_SYS	TAI

GEOD_SYS	ITRF2020	2025.779447901
GEOC_POS	-5047171.256	-2975948.850	-2511560.237
GEOC_COV	+3.83623784E-05	+1.26201725E-05	+1.09428060E-05	+1.78369395E-05	+1.71963211E-05	+9.07113581E-06
GEOD_POS	-23.342198075	-149.475247259	1.942
GEOD_COV	+3.49312677E-16	+2.05882753E-16	+5.57471762E-05	-1.73613865E-17	-2.71668093E-11	-7.71693233E-13
UTM__06S	7416431.273	246922.449	1.942
UTM__COV	+2.52521547E-06	+3.65296518E-06	+5.57471762E-05	-1.96625226E-07	-8.54641405E-08	-2.77814064E-06
MERC_POS	-2656530.818	-16639508.411	1.942
MERC_COV	+2.52521547E-06	+3.65296518E-06	+5.57471762E-05	-1.96625226E-07	-8.54641405E-08	-2.77814064E-06
VERT_I95	0.015
HORI_I95	0.005
3D___I95	0.016

GEOD_SYS	ITRF1992	1993.000000000	(RGPF)
GEOC_POS	-5047169.822	-2975950.405	-2511561.266
GEOC_COV	+3.83620000E-05	+1.26200000E-05	+1.09430000E-05	+1.78370000E-05	+1.71960000E-05	+9.07100000E-06
GEOD_POS	-23.342208202	-149.475227036	1.940
GEOD_COV	+3.49286275E-16	+2.05913095E-16	+5.57467238E-05	-1.73609776E-17	-2.71657259E-11	-7.71003636E-13
UTM__06S	7416430.186	246924.537	1.940
UTM__COV	+2.52558763E-06	+3.65268852E-06	+5.57467238E-05	-1.96620581E-07	-8.53877685E-08	-2.77802963E-06
MERC_POS	-2656532.039	-16639506.160	1.940
MERC_COV	+2.52558763E-06	+3.65268852E-06	+5.57467238E-05	-1.96620581E-07	-8.53877685E-08	-2.77802963E-06
VERT_I95	0.015
HORI_I95	0.005
3D___I95	0.016

GEOD_SYS	ITRF2005	2007.274000000	(RGTAAF)
GEOC_POS	-5047170.452	-2975949.735	-2511560.810
GEOC_COV	+3.83620000E-05	+1.26200000E-05	+1.09430000E-05	+1.78370000E-05	+1.71960000E-05	+9.07100000E-06
GEOD_POS	-23.342203697	-149.475235816	1.946
GEOD_COV	+3.49286174E-16	+2.05913098E-16	+5.57467246E-05	-1.73609648E-17	-2.71656535E-11	-7.71039646E-13
UTM__06S	7416430.670	246923.630	1.946
UTM__COV	+2.52558767E-06	+3.65268772E-06	+5.57467246E-05	-1.96620443E-07	-8.53917566E-08	-2.77802233E-06
MERC_POS	-2656531.496	-16639507.137	1.946
MERC_COV	+2.52558767E-06	+3.65268772E-06	+5.57467246E-05	-1.96620443E-07	-8.53917566E-08	-2.77802233E-06
VERT_I95	0.015
HORI_I95	0.005
3D___I95	0.016

