SOFT_NAM	Gins
SOFT_VER	22.2
SOFT_TYP	PPP

TIME_SYS	TAI

GEOD_SYS	ITRF2014	2022.675328799
GEOC_POS	-5228664.205	-3095179.067	-1933005.209
GEOC_COV	+1.95559818E-04	+8.40991990E-05	+2.47454529E-05	+1.01113920E-04	+6.35884264E-05	+3.57493414E-05
GEOD_POS	-17.759030440	-149.376010170	9.605
GEOD_COV	+2.16736240E-15	+3.12151613E-16	+2.76206175E-04	+1.26396643E-16	-6.67385132E-12	+6.87261178E-11
UTM__06S	8034880.123	248070.740	9.605
UTM__COV	+3.82372631E-06	+2.43745686E-05	+2.76206175E-04	+1.48353860E-06	+7.60645710E-06	-7.07748942E-07
MERC_POS	-1996336.543	-16628461.389	9.605
MERC_COV	+3.82372631E-06	+2.43745686E-05	+2.76206175E-04	+1.48353860E-06	+7.60645710E-06	-7.07748942E-07
VERT_I95	0.033
HORI_I95	0.011
3D___I95	0.035

GEOD_SYS	ITRF1992	1993.000000000	(RGPF)
GEOC_POS	-5228662.940	-3095180.576	-1933006.196
GEOC_COV	+1.95560000E-04	+8.40990000E-05	+2.47450000E-05	+1.01114000E-04	+6.35880000E-05	+3.57490000E-05
GEOD_POS	-17.759039808	-149.375991852	9.602
GEOD_COV	+2.16734750E-15	+3.12145122E-16	+2.76205955E-04	+1.26399488E-16	-6.67595806E-12	+6.87320917E-11
UTM__06S	8034879.111	248072.696	9.602
UTM__COV	+3.82364680E-06	+2.43743985E-05	+2.76205955E-04	+1.48357191E-06	+7.60711828E-06	-7.07972321E-07
MERC_POS	-1996337.631	-16628459.350	9.602
MERC_COV	+3.82364680E-06	+2.43743985E-05	+2.76205955E-04	+1.48357191E-06	+7.60711828E-06	-7.07972321E-07
VERT_I95	0.033
HORI_I95	0.011
3D___I95	0.035

