SOFT_NAM	Gins
SOFT_VER	22.2
SOFT_TYP	PPP

TIME_SYS	TAI

GEOD_SYS	ITRF2014	2022.678068525
GEOC_POS	-5228664.187	-3095179.046	-1933005.214
GEOC_COV	+3.74098555E-05	+1.62393780E-05	+5.51140525E-06	+1.71970730E-05	+1.30707361E-05	+7.25424129E-06
GEOD_POS	-17.759030554	-149.376010249	9.582
GEOD_COV	+5.91850798E-16	+5.62706859E-17	+5.18152802E-05	+7.53925797E-18	-1.02484902E-11	-1.02129620E-12
UTM__06S	8034880.111	248070.732	9.582
UTM__COV	+6.89292292E-07	+6.65606627E-06	+5.18152802E-05	+8.84895344E-08	-1.13034840E-07	-1.08683243E-06
MERC_POS	-1996336.556	-16628461.398	9.582
MERC_COV	+6.89292292E-07	+6.65606627E-06	+5.18152802E-05	+8.84895344E-08	-1.13034840E-07	-1.08683243E-06
VERT_I95	0.014
HORI_I95	0.005
3D___I95	0.015

GEOD_SYS	ITRF1992	1993.000000000	(RGPF)
GEOC_POS	-5228662.923	-3095180.556	-1933006.201
GEOC_COV	+3.74100000E-05	+1.62390000E-05	+5.51100000E-06	+1.71970000E-05	+1.30710000E-05	+7.25400000E-06
GEOD_POS	-17.759039923	-149.375991930	9.579
GEOD_COV	+5.91835048E-16	+5.62353204E-17	+5.18152525E-05	+7.56018651E-18	-1.02519765E-11	-1.02106840E-12
UTM__06S	8034879.098	248072.688	9.579
UTM__COV	+6.88859080E-07	+6.65588844E-06	+5.18152525E-05	+8.87351716E-08	-1.13009627E-07	-1.08720209E-06
MERC_POS	-1996337.645	-16628459.358	9.579
MERC_COV	+6.88859080E-07	+6.65588844E-06	+5.18152525E-05	+8.87351716E-08	-1.13009627E-07	-1.08720209E-06
VERT_I95	0.014
HORI_I95	0.005
3D___I95	0.015

