SOFT_NAM	Gins
SOFT_VER	25.2
SOFT_TYP	IPPP

TIME_SYS	TAI

GEOD_SYS	ITRF2020	2024.668028644
GEOC_POS	-4142928.130	-4159207.495	-2485168.156
GEOC_COV	+6.39726105E-06	+6.18050924E-06	+2.74689327E-06	+5.50608559E-06	+3.34364275E-06	+3.30779158E-06
GEOD_POS	-23.082931290	-134.887650866	-6.802
GEOD_COV	+7.46111484E-17	+6.07428722E-17	+1.37964177E-05	-1.68775102E-18	-1.29922018E-12	+5.34192929E-14
UTM__08S	7447295.295	511506.670	-6.802
UTM__COV	+7.44978910E-07	+7.83266913E-07	+1.37964177E-05	-1.91507477E-08	+5.91592232E-09	-1.33117694E-07
MERC_POS	-2625304.933	-15015624.609	-6.802
MERC_COV	+7.44978910E-07	+7.83266913E-07	+1.37964177E-05	-1.91507477E-08	+5.91592232E-09	-1.33117694E-07
VERT_I95	0.007
HORI_I95	0.002
3D___I95	0.008

GEOD_SYS	ITRF1992	1993.000000000	(RGPF)
GEOC_POS	-4142926.356	-4159208.701	-2485169.083
GEOC_COV	+6.39700000E-06	+6.18100000E-06	+2.74700000E-06	+5.50600000E-06	+3.34400000E-06	+3.30800000E-06
GEOD_POS	-23.082940393	-134.887630300	-6.804
GEOD_COV	+7.46301208E-17	+6.07271082E-17	+1.37967484E-05	-1.66615710E-18	-1.29628978E-12	+5.06901937E-14
UTM__08S	7447294.286	511508.776	-6.804
UTM__COV	+7.44785575E-07	+7.83465979E-07	+1.37967484E-05	-1.89057223E-08	+5.61368809E-09	-1.32817437E-07
MERC_POS	-2625306.029	-15015622.319	-6.804
MERC_COV	+7.44785575E-07	+7.83465979E-07	+1.37967484E-05	-1.89057223E-08	+5.61368809E-09	-1.32817437E-07
VERT_I95	0.007
HORI_I95	0.002
3D___I95	0.008

GEOD_SYS	ITRF2005	2007.274000000	(RGTAAF)
GEOC_POS	-4142927.161	-4159208.164	-2485168.658
GEOC_COV	+6.39700000E-06	+6.18100000E-06	+2.74700000E-06	+5.50600000E-06	+3.34400000E-06	+3.30800000E-06
GEOD_POS	-23.082936198	-134.887639565	-6.798
GEOD_COV	+7.46301120E-17	+6.07271083E-17	+1.37967485E-05	-1.66615633E-18	-1.29627085E-12	+5.06816662E-14
UTM__08S	7447294.751	511507.827	-6.798
UTM__COV	+7.44785576E-07	+7.83465937E-07	+1.37967485E-05	-1.89057142E-08	+5.61274372E-09	-1.32815502E-07
MERC_POS	-2625305.524	-15015623.351	-6.798
MERC_COV	+7.44785576E-07	+7.83465937E-07	+1.37967485E-05	-1.89057142E-08	+5.61274372E-09	-1.32815502E-07
VERT_I95	0.007
HORI_I95	0.002
3D___I95	0.008

