SOFT_NAM	Gins
SOFT_VER	25.2
SOFT_TYP	IPPP

TIME_SYS	TAI

GEOD_SYS	ITRF2020	2024.665296404
GEOC_POS	-4142928.124	-4159207.495	-2485168.156
GEOC_COV	+2.41652379E-06	+2.57340594E-06	+1.12945904E-06	+2.10112514E-06	+1.28359850E-06	+1.33003178E-06
GEOD_POS	-23.082931298	-134.887650830	-6.805
GEOD_COV	+3.74879708E-17	+2.68412631E-17	+5.39664675E-06	+5.74808288E-20	+7.42067362E-13	-2.67000906E-13
UTM__08S	7447295.294	511506.674	-6.805
UTM__COV	+3.29193767E-07	+3.93548253E-07	+5.39664675E-06	+6.52229409E-10	-2.95690289E-08	+7.60319902E-08
MERC_POS	-2625304.934	-15015624.605	-6.805
MERC_COV	+3.29193767E-07	+3.93548253E-07	+5.39664675E-06	+6.52229409E-10	-2.95690289E-08	+7.60319902E-08
VERT_I95	0.005
HORI_I95	0.002
3D___I95	0.005

GEOD_SYS	ITRF1992	1993.000000000	(RGPF)
GEOC_POS	-4142926.351	-4159208.701	-2485169.082
GEOC_COV	+2.41700000E-06	+2.57300000E-06	+1.12900000E-06	+2.10100000E-06	+1.28400000E-06	+1.33000000E-06
GEOD_POS	-23.082940400	-134.887630265	-6.808
GEOD_COV	+3.75034035E-17	+2.67930964E-17	+5.39668676E-06	+6.71409828E-20	+7.36921233E-13	-2.67428451E-13
UTM__08S	7447294.285	511508.779	-6.808
UTM__COV	+3.28603029E-07	+3.93710213E-07	+5.39668676E-06	+7.61842191E-10	-2.96163775E-08	+7.55047144E-08
MERC_POS	-2625306.029	-15015622.315	-6.808
MERC_COV	+3.28603029E-07	+3.93710213E-07	+5.39668676E-06	+7.61842191E-10	-2.96163775E-08	+7.55047144E-08
VERT_I95	0.005
HORI_I95	0.002
3D___I95	0.005

GEOD_SYS	ITRF2005	2007.274000000	(RGTAAF)
GEOC_POS	-4142927.156	-4159208.164	-2485168.657
GEOC_COV	+2.41700000E-06	+2.57300000E-06	+1.12900000E-06	+2.10100000E-06	+1.28400000E-06	+1.33000000E-06
GEOD_POS	-23.082936205	-134.887639530	-6.801
GEOD_COV	+3.75034033E-17	+2.67930967E-17	+5.39668673E-06	+6.71397413E-20	+7.36928455E-13	-2.67431846E-13
UTM__08S	7447294.750	511507.831	-6.801
UTM__COV	+3.28603033E-07	+3.93710236E-07	+5.39668673E-06	+7.61828129E-10	-2.96167534E-08	+7.55054567E-08
MERC_POS	-2625305.525	-15015623.347	-6.801
MERC_COV	+3.28603033E-07	+3.93710236E-07	+5.39668673E-06	+7.61828129E-10	-2.96167534E-08	+7.55054567E-08
VERT_I95	0.005
HORI_I95	0.002
3D___I95	0.005

