SOFT_NAM	Gins
SOFT_VER	25.2
SOFT_TYP	IPPP

TIME_SYS	TAI

GEOD_SYS	ITRF2020	2024.659831923
GEOC_POS	-4142928.145	-4159207.530	-2485168.158
GEOC_COV	+1.92627219E-05	+1.92147574E-05	+8.06434025E-06	+1.66773196E-05	+9.93016901E-06	+9.92332273E-06
GEOD_POS	-23.082931178	-134.887650734	-6.769
GEOD_COV	+2.44012704E-16	+1.80916855E-16	+4.17613285E-05	-4.64238861E-19	-9.26413334E-13	+2.91315901E-12
UTM__08S	7447295.308	511506.684	-6.769
UTM__COV	+2.21884870E-06	+2.56164238E-06	+4.17613285E-05	-5.26767355E-09	+3.22617945E-07	-9.49200216E-08
MERC_POS	-2625304.920	-15015624.594	-6.769
MERC_COV	+2.21884870E-06	+2.56164238E-06	+4.17613285E-05	-5.26767355E-09	+3.22617945E-07	-9.49200216E-08
VERT_I95	0.013
HORI_I95	0.004
3D___I95	0.014

GEOD_SYS	ITRF1992	1993.000000000	(RGPF)
GEOC_POS	-4142926.372	-4159208.735	-2485169.084
GEOC_COV	+1.92630000E-05	+1.92150000E-05	+8.06400000E-06	+1.66770000E-05	+9.93000000E-06	+9.92300000E-06
GEOD_POS	-23.082940279	-134.887630173	-6.771
GEOD_COV	+2.44067991E-16	+1.80913104E-16	+4.17609749E-05	-4.56058548E-19	-9.27101573E-13	+2.91630629E-12
UTM__08S	7447294.299	511508.789	-6.771
UTM__COV	+2.21880270E-06	+2.56222244E-06	+4.17609749E-05	-5.17485198E-09	+3.22966491E-07	-9.49905319E-08
MERC_POS	-2625306.015	-15015622.305	-6.771
MERC_COV	+2.21880270E-06	+2.56222244E-06	+4.17609749E-05	-5.17485198E-09	+3.22966491E-07	-9.49905319E-08
VERT_I95	0.013
HORI_I95	0.004
3D___I95	0.014

GEOD_SYS	ITRF2005	2007.274000000	(RGTAAF)
GEOC_POS	-4142927.177	-4159208.198	-2485168.659
GEOC_COV	+1.92630000E-05	+1.92150000E-05	+8.06400000E-06	+1.66770000E-05	+9.93000000E-06	+9.92300000E-06
GEOD_POS	-23.082936084	-134.887639438	-6.765
GEOD_COV	+2.44067972E-16	+1.80913100E-16	+4.17609749E-05	-4.56055605E-19	-9.27044433E-13	+2.91628021E-12
UTM__08S	7447294.764	511507.840	-6.765
UTM__COV	+2.21880265E-06	+2.56222240E-06	+4.17609749E-05	-5.17481876E-09	+3.22963603E-07	-9.49846804E-08
MERC_POS	-2625305.510	-15015623.337	-6.765
MERC_COV	+2.21880265E-06	+2.56222240E-06	+4.17609749E-05	-5.17481876E-09	+3.22963603E-07	-9.49846804E-08
VERT_I95	0.013
HORI_I95	0.004
3D___I95	0.014

