SOFT_NAM	Gins
SOFT_VER	25.2
SOFT_TYP	IPPP

TIME_SYS	TAI

GEOD_SYS	ITRF2020	2024.662564163
GEOC_POS	-4142928.129	-4159207.506	-2485168.159
GEOC_COV	+5.46230893E-06	+5.39468905E-06	+2.25407666E-06	+4.63578167E-06	+2.71966370E-06	+2.76362237E-06
GEOD_POS	-23.082931288	-134.887650786	-6.793
GEOD_COV	+7.55273855E-17	+5.36253842E-17	+1.16605024E-05	-3.70004494E-18	-3.76944532E-13	+1.18783355E-12
UTM__08S	7447295.296	511506.678	-6.793
UTM__COV	+6.57686720E-07	+7.92885561E-07	+1.16605024E-05	-4.19840525E-08	+1.31546687E-07	-3.86216191E-08
MERC_POS	-2625304.933	-15015624.600	-6.793
MERC_COV	+6.57686720E-07	+7.92885561E-07	+1.16605024E-05	-4.19840525E-08	+1.31546687E-07	-3.86216191E-08
VERT_I95	0.007
HORI_I95	0.002
3D___I95	0.007

GEOD_SYS	ITRF1992	1993.000000000	(RGPF)
GEOC_POS	-4142926.356	-4159208.712	-2485169.086
GEOC_COV	+5.46200000E-06	+5.39500000E-06	+2.25400000E-06	+4.63600000E-06	+2.72000000E-06	+2.76400000E-06
GEOD_POS	-23.082940389	-134.887630223	-6.795
GEOD_COV	+7.55065826E-17	+5.35931657E-17	+1.16610414E-05	-3.69165705E-18	-3.74096578E-13	+1.18565972E-12
UTM__08S	7447294.287	511508.784	-6.795
UTM__COV	+6.57291579E-07	+7.92667065E-07	+1.16610414E-05	-4.18888731E-08	+1.31305946E-07	-3.83298161E-08
MERC_POS	-2625306.028	-15015622.311	-6.795
MERC_COV	+6.57291579E-07	+7.92667065E-07	+1.16610414E-05	-4.18888731E-08	+1.31305946E-07	-3.83298161E-08
VERT_I95	0.007
HORI_I95	0.002
3D___I95	0.007

GEOD_SYS	ITRF2005	2007.274000000	(RGTAAF)
GEOC_POS	-4142927.161	-4159208.175	-2485168.661
GEOC_COV	+5.46200000E-06	+5.39500000E-06	+2.25400000E-06	+4.63600000E-06	+2.72000000E-06	+2.76400000E-06
GEOD_POS	-23.082936195	-134.887639488	-6.789
GEOD_COV	+7.55065762E-17	+5.35931646E-17	+1.16610414E-05	-3.69165572E-18	-3.74080735E-13	+1.18565252E-12
UTM__08S	7447294.752	511507.835	-6.789
UTM__COV	+6.57291566E-07	+7.92667049E-07	+1.16610414E-05	-4.18888594E-08	+1.31305149E-07	-3.83281940E-08
MERC_POS	-2625305.524	-15015623.342	-6.789
MERC_COV	+6.57291566E-07	+7.92667049E-07	+1.16610414E-05	-4.18888594E-08	+1.31305149E-07	-3.83281940E-08
VERT_I95	0.007
HORI_I95	0.002
3D___I95	0.007

