SOFT_NAM	Gins
SOFT_VER	22.2
SOFT_TYP	PPP

TIME_SYS	TAI

GEOD_SYS	ITRF2020	2024.061461780
GEOC_POS	-4981209.289	-3530926.158	-1837927.638
GEOC_COV	+9.25982769E-06	+6.16370396E-06	+1.55491948E-06	+4.72209936E-06	+3.18957383E-06	+2.24274069E-06
GEOD_POS	-16.859210596	-144.669109941	-0.172
GEOD_COV	+2.41584188E-16	+2.66375240E-17	+1.39087573E-05	+3.73632028E-18	+8.84389713E-13	-1.40357200E-12
UTM__06S	8134554.022	748349.355	-0.172
UTM__COV	+3.26238995E-07	+2.74345481E-06	+1.39087573E-05	+4.40635779E-08	-1.55330129E-07	+9.42450035E-08
MERC_POS	-1892056.918	-16104491.652	-0.172
MERC_COV	+3.26238995E-07	+2.74345481E-06	+1.39087573E-05	+4.40635779E-08	-1.55330129E-07	+9.42450035E-08
VERT_I95	0.007
HORI_I95	0.004
3D___I95	0.008

GEOD_SYS	ITRF1992	1993.000000000	(RGPF)
GEOC_POS	-4981207.838	-3530927.661	-1837928.660
GEOC_COV	+9.26000000E-06	+6.16400000E-06	+1.55500000E-06	+4.72200000E-06	+3.19000000E-06	+2.24300000E-06
GEOD_POS	-16.859220257	-144.669090561	-0.177
GEOD_COV	+2.41614888E-16	+2.66218103E-17	+1.39091503E-05	+3.73980500E-18	+8.84489651E-13	-1.40719251E-12
UTM__06S	8134552.928	748351.408	-0.177
UTM__COV	+3.26046544E-07	+2.74380316E-06	+1.39091503E-05	+4.41046720E-08	-1.55730803E-07	+9.42556485E-08
MERC_POS	-1892058.035	-16104489.495	-0.177
MERC_COV	+3.26046544E-07	+2.74380316E-06	+1.39091503E-05	+4.41046720E-08	-1.55730803E-07	+9.42556485E-08
VERT_I95	0.007
HORI_I95	0.004
3D___I95	0.008

