SOFT_NAM	Gins
SOFT_VER	22.2
SOFT_TYP	PPP

TIME_SYS	TAI

GEOD_SYS	ITRF2020	2024.069658502
GEOC_POS	-4981209.293	-3530926.165	-1837927.641
GEOC_COV	+1.05415842E-05	+5.18419324E-06	+1.61200681E-06	+3.61574212E-06	+3.52840882E-06	+1.70764480E-06
GEOD_POS	-16.859210603	-144.669109912	-0.165
GEOD_COV	+3.13849944E-16	+2.88426950E-17	+1.34204256E-05	+1.98173156E-17	-1.37080569E-11	-2.59879542E-12
UTM__06S	8134554.021	748349.358	-0.165
UTM__COV	+3.53246490E-07	+3.56411215E-06	+1.34204256E-05	+2.33711718E-07	-2.87602794E-07	-1.46079930E-06
MERC_POS	-1892056.919	-16104491.649	-0.165
MERC_COV	+3.53246490E-07	+3.56411215E-06	+1.34204256E-05	+2.33711718E-07	-2.87602794E-07	-1.46079930E-06
VERT_I95	0.007
HORI_I95	0.004
3D___I95	0.008

GEOD_SYS	ITRF1992	1993.000000000	(RGPF)
GEOC_POS	-4981207.842	-3530927.668	-1837928.663
GEOC_COV	+1.05420000E-05	+5.18400000E-06	+1.61200000E-06	+3.61600000E-06	+3.52800000E-06	+1.70800000E-06
GEOD_POS	-16.859220266	-144.669090527	-0.169
GEOD_COV	+3.13829548E-16	+2.88511163E-17	+1.34207702E-05	+1.97696630E-17	-1.37084691E-11	-2.59665387E-12
UTM__06S	8134552.927	748351.412	-0.169
UTM__COV	+3.53349629E-07	+3.56388017E-06	+1.34207702E-05	+2.33149724E-07	-2.87365794E-07	-1.46084315E-06
MERC_POS	-1892058.036	-16104489.491	-0.169
MERC_COV	+3.53349629E-07	+3.56388017E-06	+1.34207702E-05	+2.33149724E-07	-2.87365794E-07	-1.46084315E-06
VERT_I95	0.007
HORI_I95	0.004
3D___I95	0.008

