SOFT_NAM	Gins
SOFT_VER	24.1
SOFT_TYP	PPP

TIME_SYS	TAI

GEOD_SYS	ITRF2020	2025.080808251
GEOC_POS	-5034736.548	-3510865.281	-1727937.198
GEOC_COV	+3.33414086E-05	+2.09043842E-05	+4.68154711E-06	+1.48273801E-05	+1.04895091E-05	+6.98176762E-06
GEOD_POS	-15.823423405	-145.110837450	0.397
GEOD_COV	+9.63717539E-16	+7.63270079E-17	+4.69327269E-05	+5.82639776E-18	-7.07218718E-12	-5.63087410E-12
UTM__06S	8249686.597	702332.450	0.397
UTM__COV	+9.34620170E-07	+1.10599928E-05	+4.69327269E-05	+6.90686753E-08	-6.23095009E-07	-7.57628472E-07
MERC_POS	-1772638.745	-16153664.534	0.397
MERC_COV	+9.34620170E-07	+1.10599928E-05	+4.69327269E-05	+6.90686753E-08	-6.23095009E-07	-7.57628472E-07
VERT_I95	0.014
HORI_I95	0.007
3D___I95	0.015

GEOD_SYS	ITRF1992	1993.000000000	(RGPF)
GEOC_POS	-5034735.089	-3510866.848	-1727938.237
GEOC_COV	+3.33410000E-05	+2.09040000E-05	+4.68200000E-06	+1.48270000E-05	+1.04900000E-05	+6.98200000E-06
GEOD_POS	-15.823433178	-145.110817664	0.392
GEOD_COV	+9.63714581E-16	+7.63336803E-17	+4.69323404E-05	+5.83104540E-18	-7.07360498E-12	-5.63779296E-12
UTM__06S	8249685.497	702334.560	0.392
UTM__COV	+9.34701874E-07	+1.10599578E-05	+4.69323404E-05	+6.91237671E-08	-6.23860629E-07	-7.57780321E-07
MERC_POS	-1772639.868	-16153662.331	0.392
MERC_COV	+9.34701874E-07	+1.10599578E-05	+4.69323404E-05	+6.91237671E-08	-6.23860629E-07	-7.57780321E-07
VERT_I95	0.014
HORI_I95	0.007
3D___I95	0.015

