SOFT_NAM	Gins
SOFT_VER	25.2
SOFT_TYP	IPPP

TIME_SYS	TAI

GEOD_SYS	ITRF2020	2026.094516394
GEOC_POS	-5746187.395	1425818.664	-2364769.026
GEOC_COV	+6.06885456E-06	+6.90878566E-07	+1.34447684E-06	-1.18699990E-06	+2.29319629E-06	-4.89612466E-07
GEOD_POS	-21.905864684	166.064479966	64.060
GEOD_COV	+4.19480426E-17	+3.37182254E-17	+7.24289203E-06	+5.24637285E-19	+2.14358419E-12	+2.54983039E-13
UTM__58S	7577211.347	609953.485	64.060
UTM__COV	+4.13424562E-07	+4.47893371E-07	+7.24289203E-06	+6.00283494E-09	+2.82343033E-08	+2.21499124E-07
MERC_POS	-2484292.195	18486213.349	64.060
MERC_COV	+4.13424562E-07	+4.47893371E-07	+7.24289203E-06	+6.00283494E-09	+2.82343033E-08	+2.21499124E-07
VERT_I95	0.005
HORI_I95	0.002
3D___I95	0.006

GEOD_SYS	ITRF1990	1989.000000000	(RGNC91-93)
GEOC_POS	-5746186.569	1425819.326	-2364770.653
GEOC_COV	+6.06900000E-06	+6.91000000E-07	+1.34400000E-06	-1.18700000E-06	+2.29300000E-06	-4.90000000E-07
GEOD_POS	-21.905880481	166.064471822	64.072
GEOD_COV	+4.19595562E-17	+3.36918720E-17	+7.24288235E-06	+5.59155479E-19	+2.14211395E-12	+2.57574305E-13
UTM__58S	7577209.604	609952.632	64.072
UTM__COV	+4.13101441E-07	+4.48016209E-07	+7.24288235E-06	+6.39778718E-09	+2.85212346E-08	+2.21347178E-07
MERC_POS	-2484294.079	18486212.442	64.072
MERC_COV	+4.13101441E-07	+4.48016209E-07	+7.24288235E-06	+6.39778718E-09	+2.85212346E-08	+2.21347178E-07
VERT_I95	0.005
HORI_I95	0.002
3D___I95	0.006

GEOD_SYS	ITRF2005	2007.274000000	(RGTAAF)
GEOC_POS	-5746186.984	1425818.986	-2364769.839
GEOC_COV	+6.06900000E-06	+6.91000000E-07	+1.34400000E-06	-1.18700000E-06	+2.29300000E-06	-4.90000000E-07
GEOD_POS	-21.905872575	166.064475986	64.066
GEOD_COV	+4.19595488E-17	+3.36918715E-17	+7.24288239E-06	+5.59152695E-19	+2.14210940E-12	+2.57565853E-13
UTM__58S	7577210.477	609953.068	64.066
UTM__COV	+4.13101434E-07	+4.48016178E-07	+7.24288239E-06	+6.39775566E-09	+2.85202986E-08	+2.21346720E-07
MERC_POS	-2484293.136	18486212.906	64.066
MERC_COV	+4.13101434E-07	+4.48016178E-07	+7.24288239E-06	+6.39775566E-09	+2.85202986E-08	+2.21346720E-07
VERT_I95	0.005
HORI_I95	0.002
3D___I95	0.006

