SOFT_NAM	Gins
SOFT_VER	25.2
SOFT_TYP	IPPP

TIME_SYS	TAI

GEOD_SYS	ITRF2020	2026.097256120
GEOC_POS	-5746187.406	1425818.666	-2364769.033
GEOC_COV	+4.94080427E-06	+5.77182455E-07	+1.10165555E-06	-9.91375311E-07	+1.87595951E-06	-4.17047626E-07
GEOD_POS	-21.905864701	166.064479976	64.073
GEOD_COV	+3.43547215E-17	+2.73459602E-17	+5.91753215E-06	+8.69465241E-19	+1.45895057E-12	+1.38715986E-13
UTM__58S	7577211.345	609953.487	64.073
UTM__COV	+3.35293199E-07	+3.66816927E-07	+5.91753215E-06	+9.94831381E-09	+1.53600382E-08	+1.50755111E-07
MERC_POS	-2484292.197	18486213.350	64.073
MERC_COV	+3.35293199E-07	+3.66816927E-07	+5.91753215E-06	+9.94831381E-09	+1.53600382E-08	+1.50755111E-07
VERT_I95	0.005
HORI_I95	0.002
3D___I95	0.005

GEOD_SYS	ITRF1990	1989.000000000	(RGNC91-93)
GEOC_POS	-5746186.580	1425819.328	-2364770.660
GEOC_COV	+4.94100000E-06	+5.77000000E-07	+1.10200000E-06	-9.91000000E-07	+1.87600000E-06	-4.17000000E-07
GEOD_POS	-21.905880499	166.064471831	64.085
GEOD_COV	+3.43561312E-17	+2.73685525E-17	+5.91759789E-06	+8.78630571E-19	+1.46293260E-12	+1.37466513E-13
UTM__58S	7577209.602	609952.633	64.085
UTM__COV	+3.35570209E-07	+3.66831899E-07	+5.91759789E-06	+1.00531813E-08	+1.52216840E-08	+1.51166563E-07
MERC_POS	-2484294.081	18486212.443	64.085
MERC_COV	+3.35570209E-07	+3.66831899E-07	+5.91759789E-06	+1.00531813E-08	+1.52216840E-08	+1.51166563E-07
VERT_I95	0.005
HORI_I95	0.002
3D___I95	0.005

GEOD_SYS	ITRF2005	2007.274000000	(RGTAAF)
GEOC_POS	-5746186.995	1425818.988	-2364769.846
GEOC_COV	+4.94100000E-06	+5.77000000E-07	+1.10200000E-06	-9.91000000E-07	+1.87600000E-06	-4.17000000E-07
GEOD_POS	-21.905872593	166.064475995	64.079
GEOD_COV	+3.43561255E-17	+2.73685524E-17	+5.91759792E-06	+8.78628686E-19	+1.46292891E-12	+1.37459601E-13
UTM__58S	7577210.475	609953.069	64.079
UTM__COV	+3.35570207E-07	+3.66831878E-07	+5.91759792E-06	+1.00531603E-08	+1.52209186E-08	+1.51166190E-07
MERC_POS	-2484293.138	18486212.907	64.079
MERC_COV	+3.35570207E-07	+3.66831878E-07	+5.91759792E-06	+1.00531603E-08	+1.52209186E-08	+1.51166190E-07
VERT_I95	0.005
HORI_I95	0.002
3D___I95	0.005

