SOFT_NAM	Gins
SOFT_VER	25.2
SOFT_TYP	IPPP

TIME_SYS	TAI

GEOD_SYS	ITRF2020	2026.091776668
GEOC_POS	-5746187.395	1425818.668	-2364769.028
GEOC_COV	+1.34250470E-05	+1.37161782E-06	+2.82866129E-06	-2.48030338E-06	+4.97838925E-06	-1.03769822E-06
GEOD_POS	-21.905864694	166.064479929	64.062
GEOD_COV	+8.53400711E-17	+6.92921020E-17	+1.58645199E-05	+4.82079021E-18	+6.30240814E-12	+1.44640681E-12
UTM__58S	7577211.346	609953.482	64.062
UTM__COV	+8.49601560E-07	+9.11204666E-07	+1.58645199E-05	+5.51588855E-08	+1.60160804E-07	+6.51235388E-07
MERC_POS	-2484292.196	18486213.345	64.062
MERC_COV	+8.49601560E-07	+9.11204666E-07	+1.58645199E-05	+5.51588855E-08	+1.60160804E-07	+6.51235388E-07
VERT_I95	0.008
HORI_I95	0.003
3D___I95	0.008

GEOD_SYS	ITRF1990	1989.000000000	(RGNC91-93)
GEOC_POS	-5746186.569	1425819.330	-2364770.655
GEOC_COV	+1.34250000E-05	+1.37200000E-06	+2.82900000E-06	-2.48000000E-06	+4.97800000E-06	-1.03800000E-06
GEOD_POS	-21.905880490	166.064471786	64.073
GEOD_COV	+8.53868513E-17	+6.93312538E-17	+1.58642144E-05	+4.85763352E-18	+6.30253904E-12	+1.44686082E-12
UTM__58S	7577209.604	609952.628	64.073
UTM__COV	+8.50081613E-07	+9.11703956E-07	+1.58642144E-05	+5.55804362E-08	+1.60211077E-07	+6.51248843E-07
MERC_POS	-2484294.080	18486212.438	64.073
MERC_COV	+8.50081613E-07	+9.11703956E-07	+1.58642144E-05	+5.55804362E-08	+1.60211077E-07	+6.51248843E-07
VERT_I95	0.008
HORI_I95	0.003
3D___I95	0.008

GEOD_SYS	ITRF2005	2007.274000000	(RGTAAF)
GEOC_POS	-5746186.984	1425818.990	-2364769.840
GEOC_COV	+1.34250000E-05	+1.37200000E-06	+2.82900000E-06	-2.48000000E-06	+4.97800000E-06	-1.03800000E-06
GEOD_POS	-21.905872584	166.064475950	64.067
GEOD_COV	+8.53868335E-17	+6.93312508E-17	+1.58642146E-05	+4.85762462E-18	+6.30252897E-12	+1.44684231E-12
UTM__58S	7577210.476	609953.065	64.067
UTM__COV	+8.50081573E-07	+9.11703865E-07	+1.58642146E-05	+5.55803373E-08	+1.60209027E-07	+6.51247838E-07
MERC_POS	-2484293.137	18486212.902	64.067
MERC_COV	+8.50081573E-07	+9.11703865E-07	+1.58642146E-05	+5.55803373E-08	+1.60209027E-07	+6.51247838E-07
VERT_I95	0.008
HORI_I95	0.003
3D___I95	0.008

