SOFT_NAM	Gins
SOFT_VER	25.1
SOFT_TYP	PPP

TIME_SYS	TAI

GEOD_SYS	ITRF2020	2026.231493182
GEOC_POS	-5746187.368	1425818.645	-2364769.011
GEOC_COV	+1.31747217E-05	+4.89855186E-06	+2.56952644E-06	-2.08978027E-06	+4.74666383E-06	-9.29740470E-07
GEOD_POS	-21.905864663	166.064480078	64.026
GEOD_COV	+4.12239928E-16	+6.28386155E-17	+1.54707013E-05	-1.66823870E-17	+1.65147587E-12	+3.22321335E-12
UTM__58S	7577211.349	609953.497	64.026
UTM__COV	+7.70474320E-07	+4.40162443E-06	+1.54707013E-05	-1.90877807E-07	+3.56906809E-07	+1.70648980E-07
MERC_POS	-2484292.192	18486213.361	64.026
MERC_COV	+7.70474320E-07	+4.40162443E-06	+1.54707013E-05	-1.90877807E-07	+3.56906809E-07	+1.70648980E-07
VERT_I95	0.008
HORI_I95	0.005
3D___I95	0.009

GEOD_SYS	ITRF1990	1989.000000000	(RGNC91-93)
GEOC_POS	-5746186.539	1425819.310	-2364770.644
GEOC_COV	+1.31750000E-05	+4.89900000E-06	+2.57000000E-06	-2.09000000E-06	+4.74700000E-06	-9.30000000E-07
GEOD_POS	-21.905880517	166.064471905	64.037
GEOD_COV	+4.12271449E-16	+6.28543654E-17	+1.54713725E-05	-1.66761651E-17	+1.64877322E-12	+3.22045804E-12
UTM__58S	7577209.600	609952.641	64.037
UTM__COV	+7.70667438E-07	+4.40196003E-06	+1.54713725E-05	-1.90806597E-07	+3.56601714E-07	+1.70369694E-07
MERC_POS	-2484294.084	18486212.451	64.037
MERC_COV	+7.70667438E-07	+4.40196003E-06	+1.54713725E-05	-1.90806597E-07	+3.56601714E-07	+1.70369694E-07
VERT_I95	0.008
HORI_I95	0.005
3D___I95	0.009

GEOD_SYS	ITRF2005	2007.274000000	(RGTAAF)
GEOC_POS	-5746186.954	1425818.970	-2364769.830
GEOC_COV	+1.31750000E-05	+4.89900000E-06	+2.57000000E-06	-2.09000000E-06	+4.74700000E-06	-9.30000000E-07
GEOD_POS	-21.905872611	166.064476070	64.031
GEOD_COV	+4.12271403E-16	+6.28543568E-17	+1.54713727E-05	-1.66761598E-17	+1.64876556E-12	+3.22043965E-12
UTM__58S	7577210.473	609953.077	64.031
UTM__COV	+7.70667329E-07	+4.40196002E-06	+1.54713727E-05	-1.90806546E-07	+3.56599677E-07	+1.70368911E-07
MERC_POS	-2484293.141	18486212.915	64.031
MERC_COV	+7.70667329E-07	+4.40196002E-06	+1.54713727E-05	-1.90806546E-07	+3.56599677E-07	+1.70368911E-07
VERT_I95	0.008
HORI_I95	0.005
3D___I95	0.009

