SOFT_NAM	Gins
SOFT_VER	24.1
SOFT_TYP	PPP

TIME_SYS	TAI

GEOD_SYS	ITRF2020	2024.913920797
GEOC_POS	-5741235.530	1387243.039	-2399261.089
GEOC_COV	+4.51827448E-05	+1.22903029E-05	+8.68682598E-06	+3.90205193E-07	+1.58948274E-05	-8.84835269E-07
GEOD_POS	-22.241985400	166.416104066	66.323
GEOD_COV	+1.34402862E-15	+2.16814475E-16	+4.92183275E-05	+2.75492870E-17	+8.10908552E-11	+8.28316956E-12
UTM__58S	7539705.532	645932.845	66.323
UTM__COV	+2.65861726E-06	+1.42829289E-05	+4.92183275E-05	+3.14483972E-07	+9.17234380E-07	+8.35942219E-06
MERC_POS	-2524436.317	18525355.964	66.323
MERC_COV	+2.65861726E-06	+1.42829289E-05	+4.92183275E-05	+3.14483972E-07	+9.17234380E-07	+8.35942219E-06
VERT_I95	0.014
HORI_I95	0.008
3D___I95	0.016

GEOD_SYS	ITRF1990	1989.000000000	(RGNC91-93)
GEOC_POS	-5741234.732	1387243.671	-2399262.655
GEOC_COV	+4.51830000E-05	+1.22900000E-05	+8.68700000E-06	+3.90000000E-07	+1.58950000E-05	-8.85000000E-07
GEOD_POS	-22.242000632	166.416096289	66.335
GEOD_COV	+1.34399469E-15	+2.16818587E-16	+4.92187670E-05	+2.75573101E-17	+8.10899718E-11	+8.28240272E-12
UTM__58S	7539703.854	645932.027	66.335
UTM__COV	+2.65866770E-06	+1.42825653E-05	+4.92187670E-05	+3.14575526E-07	+9.17149468E-07	+8.35933024E-06
MERC_POS	-2524438.138	18525355.099	66.335
MERC_COV	+2.65866770E-06	+1.42825653E-05	+4.92187670E-05	+3.14575526E-07	+9.17149468E-07	+8.35933024E-06
VERT_I95	0.014
HORI_I95	0.008
3D___I95	0.016

GEOD_SYS	ITRF2005	2007.274000000	(RGTAAF)
GEOC_POS	-5741235.146	1387243.336	-2399261.846
GEOC_COV	+4.51830000E-05	+1.22900000E-05	+8.68700000E-06	+3.90000000E-07	+1.58950000E-05	-8.85000000E-07
GEOD_POS	-22.241992762	166.416100393	66.329
GEOD_COV	+1.34399443E-15	+2.16818569E-16	+4.92187684E-05	+2.75572303E-17	+8.10899451E-11	+8.28234721E-12
UTM__58S	7539704.721	645932.458	66.329
UTM__COV	+2.65866747E-06	+1.42825641E-05	+4.92187684E-05	+3.14574631E-07	+9.17143319E-07	+8.35932794E-06
MERC_POS	-2524437.197	18525355.556	66.329
MERC_COV	+2.65866747E-06	+1.42825641E-05	+4.92187684E-05	+3.14574631E-07	+9.17143319E-07	+8.35932794E-06
VERT_I95	0.014
HORI_I95	0.008
3D___I95	0.016

