SOFT_NAM	Gins
SOFT_VER	22.2
SOFT_TYP	PPP

TIME_SYS	TAI

GEOD_SYS	ITRF2020	2023.919164415
GEOC_POS	4379104.139	4418744.680	-1401897.756
GEOC_COV	+1.01408116E-05	+1.07862218E-05	+1.44563492E-06	+5.38532473E-06	-2.54565657E-06	-2.79250015E-06
GEOD_POS	-12.782051900	045.258156322	-16.571
GEOD_COV	+4.30519190E-16	+4.26208206E-17	+1.67755451E-05	-7.74027532E-18	+2.78345658E-12	-2.68985707E-12
UTM__38S	8586952.171	528019.137	-16.571
UTM__COV	+5.21620610E-07	+5.07550267E-06	+1.67755451E-05	-9.29749919E-08	-2.97574472E-07	+3.02223147E-07
MERC_POS	-1425395.487	5038114.916	-16.571
MERC_COV	+5.21620610E-07	+5.07550267E-06	+1.67755451E-05	-9.29749919E-08	-2.97574472E-07	+3.02223147E-07
VERT_I95	0.008
HORI_I95	0.005
3D___I95	0.009

GEOD_SYS	ITRF2000	2004.000000000	(RGM04)
GEOC_POS	4379104.412	4418744.328	-1401898.057
GEOC_COV	+1.01410000E-05	+1.07860000E-05	+1.44600000E-06	+5.38500000E-06	-2.54600000E-06	-2.79300000E-06
GEOD_POS	-12.782054669	045.258152254	-16.561
GEOD_COV	+4.30545484E-16	+4.26267733E-17	+1.67754940E-05	-7.75276751E-18	+2.78186798E-12	-2.69609781E-12
UTM__38S	8586951.865	528018.695	-16.561
UTM__COV	+5.21693464E-07	+5.07581256E-06	+1.67754940E-05	-9.31250455E-08	-2.98264875E-07	+3.02050657E-07
MERC_POS	-1425395.801	5038114.463	-16.561
MERC_COV	+5.21693464E-07	+5.07581256E-06	+1.67754940E-05	-9.31250455E-08	-2.98264875E-07	+3.02050657E-07
VERT_I95	0.008
HORI_I95	0.005
3D___I95	0.009

