SOFT_NAM	Gins
SOFT_VER	22.2
SOFT_TYP	PPP

TIME_SYS	TAI

GEOD_SYS	ITRF2020	2023.916424689
GEOC_POS	4379104.139	4418744.689	-1401897.755
GEOC_COV	+1.12432769E-05	+1.17106372E-05	+1.50251061E-06	+5.23516627E-06	-2.78097603E-06	-2.74480913E-06
GEOD_POS	-12.782051879	045.258156386	-16.565
GEOD_COV	+5.29286619E-16	+4.58440114E-17	+1.76554590E-05	+6.94060210E-18	+1.58706374E-12	-2.19316465E-12
UTM__38S	8586952.173	528019.144	-16.565
UTM__COV	+5.61068062E-07	+6.23989758E-06	+1.76554590E-05	+8.33694408E-08	-2.42626205E-07	+1.72320776E-07
MERC_POS	-1425395.484	5038114.923	-16.565
MERC_COV	+5.61068062E-07	+6.23989758E-06	+1.76554590E-05	+8.33694408E-08	-2.42626205E-07	+1.72320776E-07
VERT_I95	0.008
HORI_I95	0.005
3D___I95	0.010

GEOD_SYS	ITRF2000	2004.000000000	(RGM04)
GEOC_POS	4379104.412	4418744.337	-1401898.056
GEOC_COV	+1.12430000E-05	+1.17110000E-05	+1.50300000E-06	+5.23500000E-06	-2.78100000E-06	-2.74500000E-06
GEOD_POS	-12.782054648	045.258152318	-16.555
GEOD_COV	+5.29304134E-16	+4.58761823E-17	+1.76554343E-05	+6.93698675E-18	+1.59019611E-12	-2.19558963E-12
UTM__38S	8586951.868	528018.702	-16.555
UTM__COV	+5.61461792E-07	+6.24010395E-06	+1.76554343E-05	+8.33260132E-08	-2.42894477E-07	+1.72660882E-07
MERC_POS	-1425395.798	5038114.470	-16.555
MERC_COV	+5.61461792E-07	+6.24010395E-06	+1.76554343E-05	+8.33260132E-08	-2.42894477E-07	+1.72660882E-07
VERT_I95	0.008
HORI_I95	0.005
3D___I95	0.010

