SOFT_NAM	Gins
SOFT_VER	22.2
SOFT_TYP	PPP

TIME_SYS	TAI

GEOD_SYS	ITRF2020	2023.921904141
GEOC_POS	4379104.147	4418744.691	-1401897.764
GEOC_COV	+8.93564750E-06	+8.71879106E-06	+1.24490187E-06	+4.66288854E-06	-2.15212738E-06	-2.32888167E-06
GEOD_POS	-12.782051940	045.258156347	-16.556
GEOD_COV	+3.53329819E-16	+3.89507685E-17	+1.42571391E-05	-1.17590005E-17	-1.12564804E-12	-1.96207649E-12
UTM__38S	8586952.167	528019.139	-16.556
UTM__COV	+4.76704189E-07	+4.16549712E-06	+1.42571391E-05	-1.41247299E-07	-2.17061301E-07	-1.22221017E-07
MERC_POS	-1425395.491	5038114.919	-16.556
MERC_COV	+4.76704189E-07	+4.16549712E-06	+1.42571391E-05	-1.41247299E-07	-2.17061301E-07	-1.22221017E-07
VERT_I95	0.008
HORI_I95	0.004
3D___I95	0.009

GEOD_SYS	ITRF2000	2004.000000000	(RGM04)
GEOC_POS	4379104.420	4418744.339	-1401898.065
GEOC_COV	+8.93600000E-06	+8.71900000E-06	+1.24500000E-06	+4.66300000E-06	-2.15200000E-06	-2.32900000E-06
GEOD_POS	-12.782054710	045.258152278	-16.546
GEOD_COV	+3.53344237E-16	+3.89601560E-17	+1.42575139E-05	-1.17744558E-17	-1.12594119E-12	-1.96145236E-12
UTM__38S	8586951.861	528018.697	-16.546
UTM__COV	+4.76819080E-07	+4.16566702E-06	+1.42575139E-05	-1.41432944E-07	-2.16992255E-07	-1.22252846E-07
MERC_POS	-1425395.805	5038114.466	-16.546
MERC_COV	+4.76819080E-07	+4.16566702E-06	+1.42575139E-05	-1.41432944E-07	-2.16992255E-07	-1.22252846E-07
VERT_I95	0.008
HORI_I95	0.004
3D___I95	0.009

