SOFT_NAM	Gins
SOFT_VER	22.2
SOFT_TYP	PPP

TIME_SYS	TAI

GEOD_SYS	ITRF2020	2023.924643867
GEOC_POS	4379104.157	4418744.701	-1401897.763
GEOC_COV	+1.18077736E-05	+1.26412359E-05	+1.71097103E-06	+6.36516736E-06	-2.91329799E-06	-3.34732296E-06
GEOD_POS	-12.782051904	045.258156350	-16.542
GEOD_COV	+4.96709761E-16	+5.11855205E-17	+1.96776991E-05	-1.66782463E-17	+3.81233607E-12	-3.18402210E-12
UTM__38S	8586952.171	528019.140	-16.542
UTM__COV	+6.26440840E-07	+5.85584057E-06	+1.96776991E-05	-2.00336521E-07	-3.52243139E-07	+4.13937196E-07
MERC_POS	-1425395.487	5038114.919	-16.542
MERC_COV	+6.26440840E-07	+5.85584057E-06	+1.96776991E-05	-2.00336521E-07	-3.52243139E-07	+4.13937196E-07
VERT_I95	0.009
HORI_I95	0.005
3D___I95	0.010

GEOD_SYS	ITRF2000	2004.000000000	(RGM04)
GEOC_POS	4379104.430	4418744.349	-1401898.064
GEOC_COV	+1.18080000E-05	+1.26410000E-05	+1.71100000E-06	+6.36500000E-06	-2.91300000E-06	-3.34700000E-06
GEOD_POS	-12.782054674	045.258152280	-16.532
GEOD_COV	+4.96723743E-16	+5.12025563E-17	+1.96773454E-05	-1.66812111E-17	+3.81025029E-12	-3.18082894E-12
UTM__38S	8586951.865	528018.698	-16.532
UTM__COV	+6.26649337E-07	+5.85600530E-06	+1.96773454E-05	-2.00372132E-07	-3.51889886E-07	+4.13710721E-07
MERC_POS	-1425395.801	5038114.466	-16.532
MERC_COV	+6.26649337E-07	+5.85600530E-06	+1.96773454E-05	-2.00372132E-07	-3.51889886E-07	+4.13710721E-07
VERT_I95	0.009
HORI_I95	0.005
3D___I95	0.010

