SOFT_NAM	Gins
SOFT_VER	23.2
SOFT_TYP	PPP

TIME_SYS	TAI

GEOD_SYS	ITRF2020	2024.271844294
GEOC_POS	-5238715.407	-3094694.917	-1906571.730
GEOC_COV	+1.56380528E-05	+7.26592375E-06	+2.47991758E-06	+6.39173643E-06	+5.34654413E-06	+2.91591726E-06
GEOD_POS	-17.508411010	-149.428147642	12.389
GEOD_COV	+3.39942296E-16	+3.99213228E-17	+2.10612592E-05	+2.05405921E-18	-5.81398565E-12	-2.03069798E-12
UTM__06S	8062556.356	242183.469	12.389
UTM__COV	+4.88995068E-07	+3.83363992E-06	+2.10612592E-05	+2.41415858E-08	-2.24747627E-07	-6.17414768E-07
MERC_POS	-1967240.259	-16634265.306	12.389
MERC_COV	+4.88995068E-07	+3.83363992E-06	+2.10612592E-05	+2.41415858E-08	-2.24747627E-07	-6.17414768E-07
VERT_I95	0.009
HORI_I95	0.004
3D___I95	0.010

GEOD_SYS	ITRF1992	1993.000000000	(RGPF)
GEOC_POS	-5238714.079	-3094696.510	-1906572.772
GEOC_COV	+1.56380000E-05	+7.26600000E-06	+2.48000000E-06	+6.39200000E-06	+5.34700000E-06	+2.91600000E-06
GEOD_POS	-17.508420898	-149.428128364	12.385
GEOD_COV	+3.39925698E-16	+3.99086401E-17	+2.10617080E-05	+2.07182168E-18	-5.81284295E-12	-2.03354790E-12
UTM__06S	8062555.287	242185.530	12.385
UTM__COV	+4.88839719E-07	+3.83345232E-06	+2.10617080E-05	+2.43503487E-08	-2.25063042E-07	-6.17293386E-07
MERC_POS	-1967241.406	-16634263.160	12.385
MERC_COV	+4.88839719E-07	+3.83345232E-06	+2.10617080E-05	+2.43503487E-08	-2.25063042E-07	-6.17293386E-07
VERT_I95	0.009
HORI_I95	0.004
3D___I95	0.010

