SOFT_NAM	Gins
SOFT_VER	25.2
SOFT_TYP	IPPP

TIME_SYS	TAI

GEOD_SYS	ITRF2020	2021.636982147
GEOC_POS	4044047.085	111423.270	4914445.165
GEOC_COV	+1.12345771E-06	+1.45890398E-07	+1.50795267E-06	+8.53084759E-09	+1.01310144E-06	+1.48904593E-08
GEOD_POS	50.727430180	001.578237903	50.262
GEOD_COV	+2.93169230E-17	+2.29826785E-17	+2.34672306E-06	+7.63943976E-19	-3.07648314E-13	-1.13727329E-13
UTM__31N	5620478.714	399654.175	50.262
UTM__COV	+2.84415517E-07	+1.46162207E-07	+2.34672306E-06	+6.00062084E-09	-1.26514750E-08	-2.17226544E-08
MERC_POS	6540121.738	175688.640	50.262
MERC_COV	+2.84415517E-07	+1.46162207E-07	+2.34672306E-06	+6.00062084E-09	-1.26514750E-08	-2.17226544E-08
VERT_I95	0.003
HORI_I95	0.001
3D___I95	0.003

GEOD_SYS	ETRF2000	2019.000000000	(RGF93_v2b)
GEOC_POS	4044047.547	111422.754	4914444.776
GEOC_COV	+1.12300000E-06	+1.46000000E-07	+1.50800000E-06	+9.00000000E-09	+1.01300000E-06	+1.50000000E-08
GEOD_POS	50.727424851	001.578230419	50.244
GEOD_COV	+2.93336315E-17	+2.29711092E-17	+2.34648212E-06	+7.25283957E-19	-3.02074914E-13	-1.11440945E-13
UTM__31N	5620478.132	399653.635	50.244
UTM__COV	+2.84272342E-07	+1.46245541E-07	+2.34648212E-06	+5.69695505E-09	-1.23971286E-08	-2.13291261E-08
MERC_POS	6540120.803	175687.807	50.244
MERC_COV	+2.84272342E-07	+1.46245541E-07	+2.34648212E-06	+5.69695505E-09	-1.23971286E-08	-2.13291261E-08
VERT_I95	0.003
HORI_I95	0.001
3D___I95	0.003

