SOFT_NAM	Gins
SOFT_VER	25.2
SOFT_TYP	IPPP

TIME_SYS	TAI

GEOD_SYS	ITRF2020	2021.642461599
GEOC_POS	4044047.079	111423.271	4914445.158
GEOC_COV	+9.52614110E-07	+1.24159050E-07	+1.28992608E-06	+1.38674871E-08	+8.64066432E-07	+1.91886681E-08
GEOD_POS	50.727430184	001.578237920	50.252
GEOD_COV	+2.48764652E-17	+1.94586165E-17	+2.00187084E-06	+5.11228212E-19	-1.30963088E-13	-5.76166037E-14
UTM__31N	5620478.714	399654.176	50.252
UTM__COV	+2.40804502E-07	+1.24023897E-07	+2.00187084E-06	+4.01559113E-09	-6.40949741E-09	-9.24713630E-09
MERC_POS	6540121.738	175688.642	50.252
MERC_COV	+2.40804502E-07	+1.24023897E-07	+2.00187084E-06	+4.01559113E-09	-6.40949741E-09	-9.24713630E-09
VERT_I95	0.003
HORI_I95	0.001
3D___I95	0.003

GEOD_SYS	ETRF2000	2019.000000000	(RGF93_v2b)
GEOC_POS	4044047.541	111422.755	4914444.769
GEOC_COV	+9.53000000E-07	+1.24000000E-07	+1.29000000E-06	+1.40000000E-08	+8.64000000E-07	+1.90000000E-08
GEOD_POS	50.727424854	001.578230434	50.234
GEOD_COV	+2.48431766E-17	+1.94857019E-17	+2.00200235E-06	+4.84613511E-19	-1.31956874E-13	-5.88918762E-14
UTM__31N	5620478.132	399653.636	50.234
UTM__COV	+2.41139688E-07	+1.23857961E-07	+2.00200235E-06	+3.80653860E-09	-6.55136371E-09	-9.31730729E-09
MERC_POS	6540120.804	175687.808	50.234
MERC_COV	+2.41139688E-07	+1.23857961E-07	+2.00200235E-06	+3.80653860E-09	-6.55136371E-09	-9.31730729E-09
VERT_I95	0.003
HORI_I95	0.001
3D___I95	0.003

