SOFT_NAM	Gins
SOFT_VER	25.2
SOFT_TYP	IPPP

TIME_SYS	TAI

GEOD_SYS	ITRF2020	2021.634242421
GEOC_POS	4044047.090	111423.270	4914445.171
GEOC_COV	+1.28923798E-06	+1.67944003E-07	+1.72367148E-06	-7.21703338E-09	+1.16674258E-06	+1.37121277E-10
GEOD_POS	50.727430177	001.578237906	50.269
GEOD_COV	+3.39361854E-17	+2.58173997E-17	+2.69216571E-06	+1.17411549E-18	-6.92175770E-13	-1.62898141E-13
UTM__31N	5620478.714	399654.175	50.269
UTM__COV	+3.19495793E-07	+1.69191963E-07	+2.69216571E-06	+9.22243269E-09	-1.81214294E-08	-4.88736468E-08
MERC_POS	6540121.737	175688.640	50.269
MERC_COV	+3.19495793E-07	+1.69191963E-07	+2.69216571E-06	+9.22243269E-09	-1.81214294E-08	-4.88736468E-08
VERT_I95	0.003
HORI_I95	0.001
3D___I95	0.004

GEOD_SYS	ETRF2000	2019.000000000	(RGF93_v2b)
GEOC_POS	4044047.552	111422.755	4914444.781
GEOC_COV	+1.28900000E-06	+1.68000000E-07	+1.72400000E-06	-7.00000000E-09	+1.16700000E-06	+0.00000000E+00
GEOD_POS	50.727424848	001.578230422	50.251
GEOD_COV	+3.39449659E-17	+2.57970215E-17	+2.69252062E-06	+1.14033965E-18	-6.91737942E-13	-1.60906946E-13
UTM__31N	5620478.131	399653.635	50.251
UTM__COV	+3.19243607E-07	+1.69235777E-07	+2.69252062E-06	+8.95713145E-09	-1.78999210E-08	-4.88427377E-08
MERC_POS	6540120.803	175687.807	50.251
MERC_COV	+3.19243607E-07	+1.69235777E-07	+2.69252062E-06	+8.95713145E-09	-1.78999210E-08	-4.88427377E-08
VERT_I95	0.003
HORI_I95	0.001
3D___I95	0.004

