SOFT_NAM	Gins
SOFT_VER	25.2
SOFT_TYP	IPPP

TIME_SYS	TAI

GEOD_SYS	ITRF2020	2021.639721873
GEOC_POS	4044047.097	111423.274	4914445.175
GEOC_COV	+3.43969183E-06	+4.45807372E-07	+4.67957279E-06	+2.95948084E-08	+3.12432086E-06	+4.64122600E-08
GEOD_POS	50.727430155	001.578237948	50.277
GEOD_COV	+8.95478130E-17	+7.06210185E-17	+7.24467308E-06	+2.01553532E-18	-9.08812651E-13	-1.13166872E-13
UTM__31N	5620478.711	399654.178	50.277
UTM__COV	+8.73950075E-07	+4.46448833E-07	+7.24467308E-06	+1.58316103E-08	-1.25891276E-08	-6.41701003E-08
MERC_POS	6540121.733	175688.645	50.277
MERC_COV	+8.73950075E-07	+4.46448833E-07	+7.24467308E-06	+1.58316103E-08	-1.25891276E-08	-6.41701003E-08
VERT_I95	0.005
HORI_I95	0.002
3D___I95	0.006

GEOD_SYS	ETRF2000	2019.000000000	(RGF93_v2b)
GEOC_POS	4044047.559	111422.758	4914444.786
GEOC_COV	+3.44000000E-06	+4.46000000E-07	+4.68000000E-06	+3.00000000E-08	+3.12400000E-06	+4.60000000E-08
GEOD_POS	50.727424826	001.578230463	50.259
GEOD_COV	+8.95819699E-17	+7.06771533E-17	+7.24473603E-06	+1.94346956E-18	-9.09627411E-13	-1.12142278E-13
UTM__31N	5620478.129	399653.638	50.259
UTM__COV	+8.74644748E-07	+4.46619224E-07	+7.24473603E-06	+1.52655504E-08	-1.24751477E-08	-6.42276365E-08
MERC_POS	6540120.799	175687.812	50.259
MERC_COV	+8.74644748E-07	+4.46619224E-07	+7.24473603E-06	+1.52655504E-08	-1.24751477E-08	-6.42276365E-08
VERT_I95	0.005
HORI_I95	0.002
3D___I95	0.006

