SOFT_NAM	Gins
SOFT_VER	25.2
SOFT_TYP	IPPP

TIME_SYS	TAI

GEOD_SYS	ITRF2020	2021.645201325
GEOC_POS	4044047.086	111423.274	4914445.163
GEOC_COV	+3.56666053E-06	+4.61268878E-07	+5.10482545E-06	+1.58313981E-07	+3.23998273E-06	+1.94291126E-07
GEOD_POS	50.727430160	001.578237954	50.261
GEOD_COV	+9.12443869E-17	+8.13991648E-17	+7.67051569E-06	+1.30737208E-18	+1.80166789E-12	+9.56279189E-13
UTM__31N	5620478.712	399654.178	50.261
UTM__COV	+1.00733191E-06	+4.54907255E-07	+7.67051569E-06	+1.02691354E-08	+1.06380255E-07	+1.27213468E-07
MERC_POS	6540121.734	175688.645	50.261
MERC_COV	+1.00733191E-06	+4.54907255E-07	+7.67051569E-06	+1.02691354E-08	+1.06380255E-07	+1.27213468E-07
VERT_I95	0.006
HORI_I95	0.002
3D___I95	0.006

GEOD_SYS	ETRF2000	2019.000000000	(RGF93_v2b)
GEOC_POS	4044047.548	111422.758	4914444.773
GEOC_COV	+3.56700000E-06	+4.61000000E-07	+5.10500000E-06	+1.58000000E-07	+3.24000000E-06	+1.94000000E-07
GEOD_POS	50.727424830	001.578230468	50.242
GEOD_COV	+9.11939999E-17	+8.14196668E-17	+7.67075823E-06	+1.31642519E-18	+1.79551937E-12	+9.55620074E-13
UTM__31N	5620478.129	399653.639	50.242
UTM__COV	+1.00758562E-06	+4.54656146E-07	+7.67075823E-06	+1.03402468E-08	+1.06306932E-07	+1.26779343E-07
MERC_POS	6540120.799	175687.812	50.242
MERC_COV	+1.00758562E-06	+4.54656146E-07	+7.67075823E-06	+1.03402468E-08	+1.06306932E-07	+1.26779343E-07
VERT_I95	0.006
HORI_I95	0.002
3D___I95	0.006

