SOFT_NAM	Gins
SOFT_VER	25.2
SOFT_TYP	IPPP

TIME_SYS	TAI

GEOD_SYS	ITRF2020	2025.752050641
GEOC_POS	-5047204.197	-2975932.573	-2511520.120
GEOC_COV	+2.59142222E-06	+1.14599864E-06	+7.94562407E-07	+1.42429360E-06	+1.14713602E-06	+6.75539612E-07
GEOD_POS	-23.341793553	-149.475547977	4.510
GEOD_COV	+2.60640044E-17	+1.99883317E-17	+4.01425176E-06	+2.05418773E-18	+5.09441466E-13	+5.24920839E-13
UTM__06S	7416475.557	246890.922	4.510
UTM__COV	+2.45163227E-07	+2.72568276E-07	+4.01425176E-06	+2.32646544E-08	+5.81344014E-08	+5.20968392E-08
MERC_POS	-2656482.050	-16639541.887	4.510
MERC_COV	+2.45163227E-07	+2.72568276E-07	+4.01425176E-06	+2.32646544E-08	+5.81344014E-08	+5.20968392E-08
VERT_I95	0.004
HORI_I95	0.001
3D___I95	0.004

GEOD_SYS	ITRF1992	1993.000000000	(RGPF)
GEOC_POS	-5047202.764	-2975934.127	-2511521.149
GEOC_COV	+2.59100000E-06	+1.14600000E-06	+7.95000000E-07	+1.42400000E-06	+1.14700000E-06	+6.76000000E-07
GEOD_POS	-23.341803671	-149.475527771	4.508
GEOD_COV	+2.60782522E-17	+2.00041961E-17	+4.01392496E-06	+2.01794682E-18	+5.11621643E-13	+5.20895043E-13
UTM__06S	7416474.472	246893.008	4.508
UTM__COV	+2.45357809E-07	+2.72717233E-07	+4.01392496E-06	+2.28542071E-08	+5.76885490E-08	+5.23197859E-08
MERC_POS	-2656483.270	-16639539.637	4.508
MERC_COV	+2.45357809E-07	+2.72717233E-07	+4.01392496E-06	+2.28542071E-08	+5.76885490E-08	+5.23197859E-08
VERT_I95	0.004
HORI_I95	0.001
3D___I95	0.004

GEOD_SYS	ITRF2005	2007.274000000	(RGTAAF)
GEOC_POS	-5047203.395	-2975933.456	-2511520.693
GEOC_COV	+2.59100000E-06	+1.14600000E-06	+7.95000000E-07	+1.42400000E-06	+1.14700000E-06	+6.76000000E-07
GEOD_POS	-23.341799166	-149.475536551	4.514
GEOD_COV	+2.60782521E-17	+2.00041951E-17	+4.01392495E-06	+2.01794696E-18	+5.11626824E-13	+5.20892310E-13
UTM__06S	7416474.956	246892.101	4.514
UTM__COV	+2.45357797E-07	+2.72717251E-07	+4.01392495E-06	+2.28542095E-08	+5.76882464E-08	+5.23203176E-08
MERC_POS	-2656482.726	-16639540.615	4.514
MERC_COV	+2.45357797E-07	+2.72717251E-07	+4.01392495E-06	+2.28542095E-08	+5.76882464E-08	+5.23203176E-08
VERT_I95	0.004
HORI_I95	0.001
3D___I95	0.004

