SOFT_NAM	Gins
SOFT_VER	25.2
SOFT_TYP	IPPP

TIME_SYS	TAI

GEOD_SYS	ITRF2020	2025.749310915
GEOC_POS	-5047204.192	-2975932.572	-2511520.116
GEOC_COV	+1.92992202E-06	+7.76359789E-07	+5.91245944E-07	+1.01418794E-06	+8.58955110E-07	+4.83741668E-07
GEOD_POS	-23.341793533	-149.475547961	4.504
GEOD_COV	+1.78333004E-17	+1.44223489E-17	+2.93413862E-06	+1.10452905E-18	-1.99462955E-13	+2.29579118E-13
UTM__06S	7416475.560	246890.924	4.504
UTM__COV	+1.76894683E-07	+1.86494441E-07	+2.93413862E-06	+1.25093175E-08	+2.54256330E-08	-2.03976122E-08
MERC_POS	-2656482.047	-16639541.885	4.504
MERC_COV	+1.76894683E-07	+1.86494441E-07	+2.93413862E-06	+1.25093175E-08	+2.54256330E-08	-2.03976122E-08
VERT_I95	0.003
HORI_I95	0.001
3D___I95	0.004

GEOD_SYS	ITRF1992	1993.000000000	(RGPF)
GEOC_POS	-5047202.760	-2975934.126	-2511521.145
GEOC_COV	+1.93000000E-06	+7.76000000E-07	+5.91000000E-07	+1.01400000E-06	+8.59000000E-07	+4.84000000E-07
GEOD_POS	-23.341803651	-149.475527756	4.503
GEOD_COV	+1.78254243E-17	+1.43928165E-17	+2.93405549E-06	+1.07845267E-18	-2.01234349E-13	+2.28684118E-13
UTM__06S	7416474.474	246893.009	4.503
UTM__COV	+1.76532459E-07	+1.86412047E-07	+2.93405549E-06	+1.22139892E-08	+2.53265127E-08	-2.05787581E-08
MERC_POS	-2656483.267	-16639539.636	4.503
MERC_COV	+1.76532459E-07	+1.86412047E-07	+2.93405549E-06	+1.22139892E-08	+2.53265127E-08	-2.05787581E-08
VERT_I95	0.003
HORI_I95	0.001
3D___I95	0.004

GEOD_SYS	ITRF2005	2007.274000000	(RGTAAF)
GEOC_POS	-5047203.390	-2975933.456	-2511520.689
GEOC_COV	+1.93000000E-06	+7.76000000E-07	+5.91000000E-07	+1.01400000E-06	+8.59000000E-07	+4.84000000E-07
GEOD_POS	-23.341799146	-149.475536536	4.509
GEOD_COV	+1.78254226E-17	+1.43928161E-17	+2.93405550E-06	+1.07845304E-18	-2.01230537E-13	+2.28682156E-13
UTM__06S	7416474.958	246892.103	4.509
UTM__COV	+1.76532454E-07	+1.86412042E-07	+2.93405550E-06	+1.22139938E-08	+2.53262955E-08	-2.05783690E-08
MERC_POS	-2656482.724	-16639540.613	4.509
MERC_COV	+1.76532454E-07	+1.86412042E-07	+2.93405550E-06	+1.22139938E-08	+2.53262955E-08	-2.05783690E-08
VERT_I95	0.003
HORI_I95	0.001
3D___I95	0.004

