SOFT_NAM	Gins
SOFT_VER	25.2
SOFT_TYP	IPPP

TIME_SYS	TAI

GEOD_SYS	ITRF2020	2024.066935748
GEOC_POS	-5079255.475	-3440582.476	-1738917.300
GEOC_COV	+2.36851380E-05	+1.43864711E-05	+4.30937848E-06	+1.58825369E-05	+7.69438526E-06	+5.46944096E-06
GEOD_POS	-15.926579967	-145.887100496	1.948
GEOD_COV	+2.23448251E-16	+1.37029571E-16	+3.81412641E-05	+1.91556980E-17	+1.46821669E-11	+1.95549825E-12
UTM__06S	8238868.427	619120.656	1.948
UTM__COV	+1.67795260E-06	+2.56177084E-06	+3.81412641E-05	+2.26966801E-07	+2.16391465E-07	+1.57206977E-06
MERC_POS	-1784503.435	-16240077.740	1.948
MERC_COV	+1.67795260E-06	+2.56177084E-06	+3.81412641E-05	+2.26966801E-07	+2.16391465E-07	+1.57206977E-06
VERT_I95	0.012
HORI_I95	0.004
3D___I95	0.013

GEOD_SYS	ITRF1992	1993.000000000	(RGPF)
GEOC_POS	-5079254.084	-3440584.008	-1738918.309
GEOC_COV	+2.36850000E-05	+1.43860000E-05	+4.30900000E-06	+1.58830000E-05	+7.69400000E-06	+5.46900000E-06
GEOD_POS	-15.926589464	-145.887081369	1.943
GEOD_COV	+2.23378716E-16	+1.37026556E-16	+3.81411109E-05	+1.91682133E-17	+1.46818325E-11	+1.96125070E-12
UTM__06S	8238867.365	619122.698	1.943
UTM__COV	+1.67791569E-06	+2.56097339E-06	+3.81411109E-05	+2.27115078E-07	+2.17028020E-07	+1.57203389E-06
MERC_POS	-1784504.528	-16240075.611	1.943
MERC_COV	+1.67791569E-06	+2.56097339E-06	+3.81411109E-05	+2.27115078E-07	+2.17028020E-07	+1.57203389E-06
VERT_I95	0.012
HORI_I95	0.004
3D___I95	0.013

