SOFT_NAM	Gins
SOFT_VER	25.1
SOFT_TYP	PPP

TIME_SYS	TAI

GEOD_SYS	ITRF2020	2025.910945237
GEOC_POS	-4147748.103	-4152264.601	-2488713.831
GEOC_COV	+5.70701295E-06	+6.54169583E-06	+1.79431742E-06	+4.15781774E-06	+2.47468111E-06	+2.68723566E-06
GEOD_POS	-23.117735695	-134.968822187	-6.034
GEOD_COV	+1.87378556E-16	+3.80559306E-17	+1.16102014E-05	+2.26353229E-18	+4.27495528E-12	+4.87887276E-12
UTM__08S	7443446.491	503192.372	-6.034
UTM__COV	+4.66739906E-07	+1.96608491E-06	+1.16102014E-05	+2.56775852E-08	+5.40313459E-07	+4.37897804E-07
MERC_POS	-2629493.193	-15024660.559	-6.034
MERC_COV	+4.66739906E-07	+1.96608491E-06	+1.16102014E-05	+2.56775852E-08	+5.40313459E-07	+4.37897804E-07
VERT_I95	0.007
HORI_I95	0.003
3D___I95	0.007

GEOD_SYS	ITRF1992	1993.000000000	(RGPF)
GEOC_POS	-4147746.263	-4152265.856	-2488714.793
GEOC_COV	+5.70700000E-06	+6.54200000E-06	+1.79400000E-06	+4.15800000E-06	+2.47500000E-06	+2.68700000E-06
GEOD_POS	-23.117745152	-134.968800818	-6.036
GEOD_COV	+1.87375044E-16	+3.80347244E-17	+1.16104724E-05	+2.30081646E-18	+4.27484121E-12	+4.88062837E-12
UTM__08S	7443445.444	503194.560	-6.036
UTM__COV	+4.66479822E-07	+1.96604778E-06	+1.16104724E-05	+2.61005363E-08	+5.40507886E-07	+4.37886089E-07
MERC_POS	-2629494.331	-15024658.180	-6.036
MERC_COV	+4.66479822E-07	+1.96604778E-06	+1.16104724E-05	+2.61005363E-08	+5.40507886E-07	+4.37886089E-07
VERT_I95	0.007
HORI_I95	0.003
3D___I95	0.007

GEOD_SYS	ITRF2005	2007.274000000	(RGTAAF)
GEOC_POS	-4147747.067	-4152265.319	-2488714.368
GEOC_COV	+5.70700000E-06	+6.54200000E-06	+1.79400000E-06	+4.15800000E-06	+2.47500000E-06	+2.68700000E-06
GEOD_POS	-23.117740955	-134.968810081	-6.030
GEOD_COV	+1.87375045E-16	+3.80347176E-17	+1.16104723E-05	+2.30081225E-18	+4.27485543E-12	+4.88062071E-12
UTM__08S	7443445.908	503193.612	-6.030
UTM__COV	+4.66479739E-07	+1.96604792E-06	+1.16104723E-05	+2.61004894E-08	+5.40507038E-07	+4.37887559E-07
MERC_POS	-2629493.826	-15024659.211	-6.030
MERC_COV	+4.66479739E-07	+1.96604792E-06	+1.16104723E-05	+2.61004894E-08	+5.40507038E-07	+4.37887559E-07
VERT_I95	0.007
HORI_I95	0.003
3D___I95	0.007

