SOFT_NAM	Gins
SOFT_VER	25.1
SOFT_TYP	PPP

TIME_SYS	TAI

GEOD_SYS	ITRF2020	2025.916424689
GEOC_POS	-4147748.105	-4152264.605	-2488713.818
GEOC_COV	+6.49893511E-06	+7.32595020E-06	+2.15358157E-06	+4.40391732E-06	+2.77626981E-06	+2.94366628E-06
GEOD_POS	-23.117735574	-134.968822177	-6.036
GEOD_COV	+2.39033429E-16	+5.25983159E-17	+1.28252928E-05	+4.72778050E-18	+4.11491270E-12	+4.61513851E-12
UTM__08S	7443446.504	503192.373	-6.036
UTM__COV	+6.45096116E-07	+2.50807792E-06	+1.28252928E-05	+5.36320985E-08	+5.11106064E-07	+4.21504114E-07
MERC_POS	-2629493.178	-15024660.558	-6.036
MERC_COV	+6.45096116E-07	+2.50807792E-06	+1.28252928E-05	+5.36320985E-08	+5.11106064E-07	+4.21504114E-07
VERT_I95	0.007
HORI_I95	0.004
3D___I95	0.008

GEOD_SYS	ITRF1992	1993.000000000	(RGPF)
GEOC_POS	-4147746.264	-4152265.860	-2488714.781
GEOC_COV	+6.49900000E-06	+7.32600000E-06	+2.15400000E-06	+4.40400000E-06	+2.77600000E-06	+2.94400000E-06
GEOD_POS	-23.117745033	-134.968800804	-6.038
GEOD_COV	+2.39031020E-16	+5.26262738E-17	+1.28255087E-05	+4.69293480E-18	+4.11644470E-12	+4.61396590E-12
UTM__08S	7443445.457	503194.561	-6.038
UTM__COV	+6.45439009E-07	+2.50805229E-06	+1.28255087E-05	+5.32368041E-08	+5.10976203E-07	+4.21661012E-07
MERC_POS	-2629494.317	-15024658.179	-6.038
MERC_COV	+6.45439009E-07	+2.50805229E-06	+1.28255087E-05	+5.32368041E-08	+5.10976203E-07	+4.21661012E-07
VERT_I95	0.007
HORI_I95	0.004
3D___I95	0.008

GEOD_SYS	ITRF2005	2007.274000000	(RGTAAF)
GEOC_POS	-4147747.069	-4152265.322	-2488714.355
GEOC_COV	+6.49900000E-06	+7.32600000E-06	+2.15400000E-06	+4.40400000E-06	+2.77600000E-06	+2.94400000E-06
GEOD_POS	-23.117740836	-134.968810067	-6.032
GEOD_COV	+2.39031017E-16	+5.26262671E-17	+1.28255087E-05	+4.69292820E-18	+4.11645989E-12	+4.61395752E-12
UTM__08S	7443445.922	503193.613	-6.032
UTM__COV	+6.45438927E-07	+2.50805242E-06	+1.28255087E-05	+5.32367309E-08	+5.10975275E-07	+4.21662581E-07
MERC_POS	-2629493.812	-15024659.210	-6.032
MERC_COV	+6.45438927E-07	+2.50805242E-06	+1.28255087E-05	+5.32367309E-08	+5.10975275E-07	+4.21662581E-07
VERT_I95	0.007
HORI_I95	0.004
3D___I95	0.008

