SOFT_NAM	Gins
SOFT_VER	25.2
SOFT_TYP	IPPP

TIME_SYS	TAI

GEOD_SYS	ITRF2020	2021.952050641
GEOC_POS	4307886.398	-217873.113	4682751.615
GEOC_COV	+5.94608886E-06	+6.77578976E-07	+6.15650287E-06	-3.52035138E-08	+4.70940728E-06	+1.97421350E-09
GEOD_POS	47.542822444	-02.895290529	52.411
GEOD_COV	+1.21299899E-16	+1.09356025E-16	+1.07408959E-05	-9.96283074E-19	+4.41963507E-12	-2.76306557E-12
UTM__30N	5265494.184	507879.614	52.411
UTM__COV	+1.35180584E-06	+6.87468985E-07	+1.07408959E-05	-8.33901757E-09	-3.07204089E-07	+3.32722941E-07
MERC_POS	5999591.087	-322302.267	52.411
MERC_COV	+1.35180584E-06	+6.87468985E-07	+1.07408959E-05	-8.33901757E-09	-3.07204089E-07	+3.32722941E-07
VERT_I95	0.007
HORI_I95	0.003
3D___I95	0.007

GEOD_SYS	ETRF2000	2019.000000000	(RGF93_v2b)
GEOC_POS	4307886.805	-217873.666	4682751.197
GEOC_COV	+5.94600000E-06	+6.78000000E-07	+6.15700000E-06	-3.50000000E-08	+4.70900000E-06	+2.00000000E-09
GEOD_POS	47.542817023	-02.895297583	52.395
GEOD_COV	+1.21377566E-16	+1.09402467E-16	+1.07407108E-05	-1.01145147E-18	+4.42128177E-12	-2.76002093E-12
UTM__30N	5265493.580	507879.084	52.395
UTM__COV	+1.35237992E-06	+6.87909303E-07	+1.07407108E-05	-8.46597982E-09	-3.06865578E-07	+3.32846943E-07
MERC_POS	5999590.196	-322303.053	52.395
MERC_COV	+1.35237992E-06	+6.87909303E-07	+1.07407108E-05	-8.46597982E-09	-3.06865578E-07	+3.32846943E-07
VERT_I95	0.007
HORI_I95	0.003
3D___I95	0.007

