SOFT_NAM	Gins
SOFT_VER	25.2
SOFT_TYP	IPPP

TIME_SYS	TAI

GEOD_SYS	ITRF2020	2021.957530093
GEOC_POS	4307886.400	-217873.083	4682751.616
GEOC_COV	+3.90742422E-06	+4.98561156E-07	+3.81928452E-06	-1.50968717E-07	+3.02754240E-06	-9.33983647E-08
GEOD_POS	47.542822443	-02.895290125	52.412
GEOD_COV	+8.68152451E-17	+6.91132465E-17	+6.87889896E-06	+2.89165990E-18	+7.79697043E-13	-2.83859885E-12
UTM__30N	5265494.183	507879.645	52.412
UTM__COV	+8.54344242E-07	+4.92026696E-07	+6.87889896E-06	+2.42035656E-08	-3.15602056E-07	+5.86978539E-08
MERC_POS	5999591.087	-322302.222	52.412
MERC_COV	+8.54344242E-07	+4.92026696E-07	+6.87889896E-06	+2.42035656E-08	-3.15602056E-07	+5.86978539E-08
VERT_I95	0.005
HORI_I95	0.002
3D___I95	0.006

GEOD_SYS	ETRF2000	2019.000000000	(RGF93_v2b)
GEOC_POS	4307886.807	-217873.635	4682751.198
GEOC_COV	+3.90700000E-06	+4.99000000E-07	+3.81900000E-06	-1.51000000E-07	+3.02800000E-06	-9.30000000E-08
GEOD_POS	47.542817021	-02.895297181	52.397
GEOD_COV	+8.68917147E-17	+6.90491061E-17	+6.87898845E-06	+2.93218490E-18	+7.83160456E-13	-2.83834028E-12
UTM__30N	5265493.580	507879.115	52.397
UTM__COV	+8.53551364E-07	+4.92460187E-07	+6.87898845E-06	+2.45427674E-08	-3.15573307E-07	+5.89585956E-08
MERC_POS	5999590.196	-322303.008	52.397
MERC_COV	+8.53551364E-07	+4.92460187E-07	+6.87898845E-06	+2.45427674E-08	-3.15573307E-07	+5.89585956E-08
VERT_I95	0.005
HORI_I95	0.002
3D___I95	0.006

