SOFT_NAM	Gins
SOFT_VER	25.2
SOFT_TYP	IPPP

TIME_SYS	TAI

GEOD_SYS	ITRF2020	2021.954790367
GEOC_POS	4307886.403	-217873.113	4682751.617
GEOC_COV	+2.20878416E-06	+2.75791017E-07	+2.25274102E-06	-1.31449629E-07	+1.73530633E-06	-7.98061361E-08
GEOD_POS	47.542822425	-02.895290526	52.416
GEOD_COV	+4.71918365E-17	+4.06960768E-17	+3.96679071E-06	+3.57321138E-18	-2.20402820E-13	-1.22540811E-12
UTM__30N	5265494.181	507879.615	52.416
UTM__COV	+5.03065052E-07	+2.67460437E-07	+3.96679071E-06	+2.99082392E-08	-1.36243738E-07	-1.65925633E-08
MERC_POS	5999591.084	-322302.267	52.416
MERC_COV	+5.03065052E-07	+2.67460437E-07	+3.96679071E-06	+2.99082392E-08	-1.36243738E-07	-1.65925633E-08
VERT_I95	0.004
HORI_I95	0.002
3D___I95	0.004

GEOD_SYS	ETRF2000	2019.000000000	(RGF93_v2b)
GEOC_POS	4307886.809	-217873.666	4682751.199
GEOC_COV	+2.20900000E-06	+2.76000000E-07	+2.25300000E-06	-1.31000000E-07	+1.73500000E-06	-8.00000000E-08
GEOD_POS	47.542817003	-02.895297581	52.400
GEOD_COV	+4.72367067E-17	+4.07369906E-17	+3.96671440E-06	+3.51688352E-18	-2.18433469E-13	-1.22477260E-12
UTM__30N	5265493.578	507879.084	52.400
UTM__COV	+5.03570805E-07	+2.67714794E-07	+3.96671440E-06	+2.94367707E-08	-1.36173081E-07	-1.64443065E-08
MERC_POS	5999590.193	-322303.052	52.400
MERC_COV	+5.03570805E-07	+2.67714794E-07	+3.96671440E-06	+2.94367707E-08	-1.36173081E-07	-1.64443065E-08
VERT_I95	0.004
HORI_I95	0.002
3D___I95	0.004

