SOFT_NAM	Gins
SOFT_VER	25.2
SOFT_TYP	IPPP

TIME_SYS	TAI

GEOD_SYS	ITRF2020	2021.960269819
GEOC_POS	4307886.405	-217873.116	4682751.619
GEOC_COV	+8.04235421E-06	+7.92623952E-07	+8.36011915E-06	-5.58803425E-09	+6.99897080E-06	+2.23978603E-09
GEOD_POS	47.542822420	-02.895290564	52.418
GEOD_COV	+1.43018014E-16	+9.82877310E-17	+1.51695556E-05	-3.05483826E-18	+6.71597572E-12	-4.06927835E-12
UTM__30N	5265494.181	507879.612	52.418
UTM__COV	+1.21498499E-06	+8.10556728E-07	+1.51695556E-05	-2.55693895E-08	-4.52431880E-07	+5.05598124E-07
MERC_POS	5999591.083	-322302.271	52.418
MERC_COV	+1.21498499E-06	+8.10556728E-07	+1.51695556E-05	-2.55693895E-08	-4.52431880E-07	+5.05598124E-07
VERT_I95	0.008
HORI_I95	0.003
3D___I95	0.008

GEOD_SYS	ETRF2000	2019.000000000	(RGF93_v2b)
GEOC_POS	4307886.812	-217873.669	4682751.201
GEOC_COV	+8.04200000E-06	+7.93000000E-07	+8.36000000E-06	-6.00000000E-09	+6.99900000E-06	+2.00000000E-09
GEOD_POS	47.542816998	-02.895297620	52.403
GEOD_COV	+1.43076690E-16	+9.82663218E-17	+1.51693902E-05	-3.03466146E-18	+6.70965355E-12	-4.06844052E-12
UTM__30N	5265493.577	507879.082	52.403
UTM__COV	+1.21472033E-06	+8.10889439E-07	+1.51693902E-05	-2.54005096E-08	-4.52338727E-07	+5.05122223E-07
MERC_POS	5999590.192	-322303.057	52.403
MERC_COV	+1.21472033E-06	+8.10889439E-07	+1.51693902E-05	-2.54005096E-08	-4.52338727E-07	+5.05122223E-07
VERT_I95	0.008
HORI_I95	0.003
3D___I95	0.008

