SOFT_NAM	Gins
SOFT_VER	21.2
SOFT_TYP	PPP

TIME_SYS	TAI

GEOD_SYS	ITRF2014	2022.949301402
GEOC_POS	-5769192.265	1519998.110	-2247984.995
GEOC_COV	+7.86228607E-05	+1.73836279E-05	+1.46362920E-05	-1.64083299E-05	+3.11197415E-05	-7.63556363E-06
GEOD_POS	-20.773460426	165.239816249	65.525
GEOD_COV	+1.22422592E-15	+1.59377346E-16	+9.54154307E-05	-1.93013714E-17	+9.12099145E-12	-1.26075254E-11
UTM__58S	7702905.257	524961.286	65.525
UTM__COV	+1.95362590E-06	+1.32737239E-05	+9.54154307E-05	-2.22515966E-07	-1.39584520E-06	+9.49746394E-07
MERC_POS	-2349738.569	18394412.204	65.525
MERC_COV	+1.95362590E-06	+1.32737239E-05	+9.54154307E-05	-2.22515966E-07	-1.39584520E-06	+9.49746394E-07
VERT_I95	0.020
HORI_I95	0.008
3D___I95	0.021

GEOD_SYS	ITRF1990	1989.000000000	(RGNC91-93)
GEOC_POS	-5769191.512	1519998.735	-2247986.523
GEOC_COV	+7.86230000E-05	+1.73840000E-05	+1.46360000E-05	-1.64080000E-05	+3.11200000E-05	-7.63600000E-06
GEOD_POS	-20.773475159	165.239808602	65.535
GEOD_COV	+1.22427409E-15	+1.59336841E-16	+9.54156269E-05	-1.92654649E-17	+9.12194035E-12	-1.26088992E-11
UTM__58S	7702903.628	524960.488	65.535
UTM__COV	+1.95312940E-06	+1.32742437E-05	+9.54156269E-05	-2.22101998E-07	-1.39599731E-06	+9.49845110E-07
MERC_POS	-2349740.312	18394411.352	65.535
MERC_COV	+1.95312940E-06	+1.32742437E-05	+9.54156269E-05	-2.22101998E-07	-1.39599731E-06	+9.49845110E-07
VERT_I95	0.020
HORI_I95	0.008
3D___I95	0.021

