SOFT_NAM	Gins
SOFT_VER	21.2
SOFT_TYP	PPP

TIME_SYS	TAI

GEOD_SYS	ITRF2014	2022.952041128
GEOC_POS	-5769192.345	1519998.147	-2247985.034
GEOC_COV	+1.30760302E-04	+2.72182913E-05	+2.32459838E-05	-2.33438454E-05	+5.04936858E-05	-1.00958542E-05
GEOD_POS	-20.773460476	165.239816100	65.620
GEOD_COV	+2.06933813E-15	+2.67758995E-16	+1.55505532E-04	-9.17091469E-17	+5.72206837E-11	-1.11004474E-11
UTM__58S	7702905.252	524961.270	65.620
UTM__COV	+3.28215355E-06	+2.24368912E-05	+1.55505532E-04	-1.05726944E-06	-1.22898872E-06	+5.95824907E-06
MERC_POS	-2349738.575	18394412.187	65.620
MERC_COV	+3.28215355E-06	+2.24368912E-05	+1.55505532E-04	-1.05726944E-06	-1.22898872E-06	+5.95824907E-06
VERT_I95	0.025
HORI_I95	0.010
3D___I95	0.027

GEOD_SYS	ITRF1990	1989.000000000	(RGNC91-93)
GEOC_POS	-5769191.592	1519998.772	-2247986.562
GEOC_COV	+1.30760000E-04	+2.72180000E-05	+2.32460000E-05	-2.33440000E-05	+5.04940000E-05	-1.00960000E-05
GEOD_POS	-20.773475210	165.239808453	65.630
GEOD_COV	+2.06930470E-15	+2.67739345E-16	+1.55505563E-04	-9.17083907E-17	+5.72194118E-11	-1.11031219E-11
UTM__58S	7702903.622	524960.472	65.630
UTM__COV	+3.28191271E-06	+2.24365245E-05	+1.55505563E-04	-1.05726062E-06	-1.22928483E-06	+5.95811606E-06
MERC_POS	-2349740.319	18394411.336	65.630
MERC_COV	+3.28191271E-06	+2.24365245E-05	+1.55505563E-04	-1.05726062E-06	-1.22928483E-06	+5.95811606E-06
VERT_I95	0.025
HORI_I95	0.010
3D___I95	0.027

