SOFT_NAM	Gins
SOFT_VER	21.2
SOFT_TYP	PPP

TIME_SYS	TAI

GEOD_SYS	ITRF2014	2022.768479484
GEOC_POS	-5047204.054	-2975932.716	-2511520.212
GEOC_COV	+2.34417267E-06	+1.12802322E-06	+6.12216160E-07	+1.13380306E-06	+1.10015781E-06	+6.32743128E-07
GEOD_POS	-23.341794493	-149.475546066	4.500
GEOD_COV	+4.29959064E-17	+5.48433837E-18	+3.56750870E-06	+1.69846866E-18	+9.71825665E-14	+5.63681493E-14
UTM__06S	7416475.457	246891.119	4.500
UTM__COV	+6.72671491E-08	+4.49636199E-07	+3.56750870E-06	+1.92359663E-08	+6.24271008E-09	+9.93814763E-09
MERC_POS	-2656482.163	-16639541.674	4.500
MERC_COV	+6.72671491E-08	+4.49636199E-07	+3.56750870E-06	+1.92359663E-08	+6.24271008E-09	+9.93814763E-09
VERT_I95	0.004
HORI_I95	0.001
3D___I95	0.004

GEOD_SYS	ITRF1992	1993.000000000	(RGPF)
GEOC_POS	-5047202.736	-2975934.139	-2511521.168
GEOC_COV	+2.34400000E-06	+1.12800000E-06	+6.12000000E-07	+1.13400000E-06	+1.10000000E-06	+6.33000000E-07
GEOD_POS	-23.341803893	-149.475527534	4.500
GEOD_COV	+4.29735262E-17	+5.47029545E-18	+3.56750300E-06	+1.67965925E-18	+9.97843409E-14	+5.72428319E-14
UTM__06S	7416474.448	246893.033	4.500
UTM__COV	+6.70949084E-08	+4.49402091E-07	+3.56750300E-06	+1.90229394E-08	+6.33958022E-09	+1.02042113E-08
MERC_POS	-2656483.296	-16639539.611	4.500
MERC_COV	+6.70949084E-08	+4.49402091E-07	+3.56750300E-06	+1.90229394E-08	+6.33958022E-09	+1.02042113E-08
VERT_I95	0.004
HORI_I95	0.001
3D___I95	0.004

GEOD_SYS	ITRF2005	2007.274000000	(RGTAAF)
GEOC_POS	-5047203.374	-2975933.463	-2511520.705
GEOC_COV	+2.34400000E-06	+1.12800000E-06	+6.12000000E-07	+1.13400000E-06	+1.10000000E-06	+6.33000000E-07
GEOD_POS	-23.341799315	-149.475536400	4.506
GEOD_COV	+4.29735237E-17	+5.47029517E-18	+3.56750300E-06	+1.67965713E-18	+9.97886879E-14	+5.72402763E-14
UTM__06S	7416474.939	246892.117	4.506
UTM__COV	+6.70949050E-08	+4.49402097E-07	+3.56750300E-06	+1.90229161E-08	+6.33929719E-09	+1.02046562E-08
MERC_POS	-2656482.745	-16639540.598	4.506
MERC_COV	+6.70949050E-08	+4.49402097E-07	+3.56750300E-06	+1.90229161E-08	+6.33929719E-09	+1.02046562E-08
VERT_I95	0.004
HORI_I95	0.001
3D___I95	0.004

