SOFT_NAM	Gins
SOFT_VER	21.2
SOFT_TYP	PPP

TIME_SYS	TAI

GEOD_SYS	ITRF2014	2022.763000032
GEOC_POS	-5047204.062	-2975932.724	-2511520.215
GEOC_COV	+2.26611336E-06	+1.07646049E-06	+6.04683972E-07	+1.03310634E-06	+1.04252825E-06	+6.09430395E-07
GEOD_POS	-23.341794474	-149.475546035	4.511
GEOD_COV	+4.58373632E-17	+6.57443844E-18	+3.38726909E-06	-3.46147079E-19	-2.00772711E-13	-6.14250592E-14
UTM__06S	7416475.459	246891.122	4.511
UTM__COV	+8.06375724E-08	+4.79351166E-07	+3.38726909E-06	-3.92028050E-09	-6.80275726E-09	-2.05315513E-08
MERC_POS	-2656482.161	-16639541.671	4.511
MERC_COV	+8.06375724E-08	+4.79351166E-07	+3.38726909E-06	-3.92028050E-09	-6.80275726E-09	-2.05315513E-08
VERT_I95	0.004
HORI_I95	0.001
3D___I95	0.004

GEOD_SYS	ITRF1992	1993.000000000	(RGPF)
GEOC_POS	-5047202.744	-2975934.147	-2511521.170
GEOC_COV	+2.26600000E-06	+1.07600000E-06	+6.05000000E-07	+1.03300000E-06	+1.04300000E-06	+6.09000000E-07
GEOD_POS	-23.341803873	-149.475527507	4.511
GEOD_COV	+4.58107980E-17	+6.58123261E-18	+3.38720581E-06	-3.03775650E-19	-2.04971753E-13	-6.45935991E-14
UTM__06S	7416474.450	246893.035	4.511
UTM__COV	+8.07209052E-08	+4.79073288E-07	+3.38720581E-06	-3.44040365E-09	-7.15366955E-09	-2.09609550E-08
MERC_POS	-2656483.294	-16639539.608	4.511
MERC_COV	+8.07209052E-08	+4.79073288E-07	+3.38720581E-06	-3.44040365E-09	-7.15366955E-09	-2.09609550E-08
VERT_I95	0.004
HORI_I95	0.001
3D___I95	0.004

GEOD_SYS	ITRF2005	2007.274000000	(RGTAAF)
GEOC_POS	-5047203.383	-2975933.471	-2511520.707
GEOC_COV	+2.26600000E-06	+1.07600000E-06	+6.05000000E-07	+1.03300000E-06	+1.04300000E-06	+6.09000000E-07
GEOD_POS	-23.341799294	-149.475536372	4.517
GEOD_COV	+4.58107942E-17	+6.58123274E-18	+3.38720581E-06	-3.03777738E-19	-2.04967713E-13	-6.45959686E-14
UTM__06S	7416474.942	246892.120	4.517
UTM__COV	+8.07209069E-08	+4.79073282E-07	+3.38720581E-06	-3.44042742E-09	-7.15393198E-09	-2.09605426E-08
MERC_POS	-2656482.742	-16639540.595	4.517
MERC_COV	+8.07209069E-08	+4.79073282E-07	+3.38720581E-06	-3.44042742E-09	-7.15393198E-09	-2.09605426E-08
VERT_I95	0.004
HORI_I95	0.001
3D___I95	0.004

