SOFT_NAM	Gins
SOFT_VER	21.2
SOFT_TYP	PPP

TIME_SYS	TAI

GEOD_SYS	ITRF2014	2022.765739758
GEOC_POS	-5047204.056	-2975932.722	-2511520.213
GEOC_COV	+1.83079310E-06	+9.14932048E-07	+4.94719496E-07	+8.67249252E-07	+8.45706426E-07	+5.21979338E-07
GEOD_POS	-23.341794486	-149.475546024	4.505
GEOD_COV	+3.75154504E-17	+5.18326794E-18	+2.78454671E-06	-9.61357861E-19	+2.49354076E-13	-4.95028454E-14
UTM__06S	7416475.457	246891.123	4.505
UTM__COV	+6.35744249E-08	+3.92323502E-07	+2.78454671E-06	-1.08878355E-08	-5.48238528E-09	+2.54996108E-08
MERC_POS	-2656482.162	-16639541.669	4.505
MERC_COV	+6.35744249E-08	+3.92323502E-07	+2.78454671E-06	-1.08878355E-08	-5.48238528E-09	+2.54996108E-08
VERT_I95	0.003
HORI_I95	0.001
3D___I95	0.004

GEOD_SYS	ITRF1992	1993.000000000	(RGPF)
GEOC_POS	-5047202.738	-2975934.145	-2511521.169
GEOC_COV	+1.83100000E-06	+9.15000000E-07	+4.95000000E-07	+8.67000000E-07	+8.46000000E-07	+5.22000000E-07
GEOD_POS	-23.341803886	-149.475527494	4.504
GEOD_COV	+3.75462359E-17	+5.18632106E-18	+2.78474274E-06	-9.57056277E-19	+2.47209304E-13	-5.22062490E-14
UTM__06S	7416474.448	246893.037	4.504
UTM__COV	+6.36118725E-08	+3.92645390E-07	+2.78474274E-06	-1.08391173E-08	-5.78178424E-09	+2.52802789E-08
MERC_POS	-2656483.296	-16639539.607	4.504
MERC_COV	+6.36118725E-08	+3.92645390E-07	+2.78474274E-06	-1.08391173E-08	-5.78178424E-09	+2.52802789E-08
VERT_I95	0.003
HORI_I95	0.001
3D___I95	0.004

GEOD_SYS	ITRF2005	2007.274000000	(RGTAAF)
GEOC_POS	-5047203.376	-2975933.468	-2511520.706
GEOC_COV	+1.83100000E-06	+9.15000000E-07	+4.95000000E-07	+8.67000000E-07	+8.46000000E-07	+5.22000000E-07
GEOD_POS	-23.341799308	-149.475536359	4.510
GEOD_COV	+3.75462338E-17	+5.18632124E-18	+2.78474273E-06	-9.57058275E-19	+2.47212607E-13	-5.22082123E-14
UTM__06S	7416474.940	246892.121	4.510
UTM__COV	+6.36118748E-08	+3.92645396E-07	+2.78474273E-06	-1.08391403E-08	-5.78200168E-09	+2.52806176E-08
MERC_POS	-2656482.744	-16639540.593	4.510
MERC_COV	+6.36118748E-08	+3.92645396E-07	+2.78474273E-06	-1.08391403E-08	-5.78200168E-09	+2.52806176E-08
VERT_I95	0.003
HORI_I95	0.001
3D___I95	0.004

