SOFT_NAM	Gins
SOFT_VER	25.2
SOFT_TYP	IPPP

TIME_SYS	TAI

GEOD_SYS	ITRF2020	2019.604105435
GEOC_POS	-6178749.605	-198466.536	-1564755.996
GEOC_COV	+1.48274243E-05	+9.55432432E-07	+1.71172131E-06	+3.66405229E-07	+3.71166836E-06	+1.25160319E-07
GEOD_POS	-14.296047016	-178.160244829	52.260
GEOD_COV	+8.12805144E-17	+6.00167622E-17	+1.58136456E-05	-2.12563363E-18	-7.00161395E-13	-1.08704610E-12
UTM__01S	8419219.052	374858.758	52.260
UTM__COV	+7.34716624E-07	+9.46215856E-07	+1.58136456E-05	-2.53754617E-08	-1.20273961E-07	-7.55440128E-08
MERC_POS	-1597658.433	-19832707.734	52.260
MERC_COV	+7.34716624E-07	+9.46215856E-07	+1.58136456E-05	-2.53754617E-08	-1.20273961E-07	-7.55440128E-08
VERT_I95	0.008
HORI_I95	0.003
3D___I95	0.008

GEOD_SYS	ITRF1994	1993.000000000	(RGWF)
GEOC_POS	-6178749.347	-198468.160	-1564756.832
GEOC_COV	+1.48270000E-05	+9.55000000E-07	+1.71200000E-06	+3.66000000E-07	+3.71200000E-06	+1.25000000E-07
GEOD_POS	-14.296054792	-178.160229712	52.267
GEOD_COV	+8.12456119E-17	+6.00231364E-17	+1.58133959E-05	-2.12012981E-18	-7.04221931E-13	-1.09119408E-12
UTM__01S	8419218.200	374860.393	52.267
UTM__COV	+7.34794659E-07	+9.45809480E-07	+1.58133959E-05	-2.53097573E-08	-1.20732906E-07	-7.59821224E-08
MERC_POS	-1597659.320	-19832706.051	52.267
MERC_COV	+7.34794659E-07	+9.45809480E-07	+1.58133959E-05	-2.53097573E-08	-1.20732906E-07	-7.59821224E-08
VERT_I95	0.008
HORI_I95	0.003
3D___I95	0.008

