SOFT_NAM	Gins
SOFT_VER	25.2
SOFT_TYP	IPPP

TIME_SYS	TAI

GEOD_SYS	ITRF2020	2019.595886257
GEOC_POS	-6178749.624	-198466.539	-1564756.000
GEOC_COV	+1.78973390E-05	+1.31364407E-06	+2.16247174E-06	+5.48082226E-07	+4.55980226E-06	+1.83687679E-07
GEOD_POS	-14.296047005	-178.160244803	52.279
GEOD_COV	+1.11289662E-16	+7.67146965E-17	+1.91387613E-05	-2.71342107E-18	+2.18243325E-13	-2.14558972E-12
UTM__01S	8419219.053	374858.761	52.279
UTM__COV	+9.39130355E-07	+1.29556320E-06	+1.91387613E-05	-3.23923709E-08	-2.37394325E-07	+2.35473945E-08
MERC_POS	-1597658.431	-19832707.731	52.279
MERC_COV	+9.39130355E-07	+1.29556320E-06	+1.91387613E-05	-3.23923709E-08	-2.37394325E-07	+2.35473945E-08
VERT_I95	0.009
HORI_I95	0.003
3D___I95	0.009

GEOD_SYS	ITRF1994	1993.000000000	(RGWF)
GEOC_POS	-6178749.367	-198468.163	-1564756.835
GEOC_COV	+1.78970000E-05	+1.31400000E-06	+2.16200000E-06	+5.48000000E-07	+4.56000000E-06	+1.84000000E-07
GEOD_POS	-14.296054780	-178.160229691	52.287
GEOD_COV	+1.11320635E-16	+7.66686754E-17	+1.91385093E-05	-2.73947365E-18	+2.18364453E-13	-2.14693834E-12
UTM__01S	8419218.202	374860.396	52.287
UTM__COV	+9.38566975E-07	+1.29592368E-06	+1.91385093E-05	-3.27033813E-08	-2.37543541E-07	+2.35604628E-08
MERC_POS	-1597659.319	-19832706.049	52.287
MERC_COV	+9.38566975E-07	+1.29592368E-06	+1.91385093E-05	-3.27033813E-08	-2.37543541E-07	+2.35604628E-08
VERT_I95	0.009
HORI_I95	0.003
3D___I95	0.009

