SOFT_NAM	Gins
SOFT_VER	25.2
SOFT_TYP	IPPP

TIME_SYS	TAI

GEOD_SYS	ITRF2020	2019.598625983
GEOC_POS	-6178749.631	-198466.540	-1564756.001
GEOC_COV	+1.67819628E-05	+1.26941032E-06	+2.00777079E-06	+5.55877808E-07	+4.26380695E-06	+1.76191420E-07
GEOD_POS	-14.296047000	-178.160244801	52.287
GEOD_COV	+1.07352147E-16	+7.08753910E-17	+1.79417723E-05	-2.00473857E-18	+6.01403999E-13	-1.87007200E-12
UTM__01S	8419219.054	374858.761	52.287
UTM__COV	+8.67646414E-07	+1.24972517E-06	+1.79417723E-05	-2.39322368E-08	-2.06910239E-07	+6.48885698E-08
MERC_POS	-1597658.431	-19832707.731	52.287
MERC_COV	+8.67646414E-07	+1.24972517E-06	+1.79417723E-05	-2.39322368E-08	-2.06910239E-07	+6.48885698E-08
VERT_I95	0.008
HORI_I95	0.003
3D___I95	0.009

GEOD_SYS	ITRF1994	1993.000000000	(RGWF)
GEOC_POS	-6178749.374	-198468.163	-1564756.836
GEOC_COV	+1.67820000E-05	+1.26900000E-06	+2.00800000E-06	+5.56000000E-07	+4.26400000E-06	+1.76000000E-07
GEOD_POS	-14.296054775	-178.160229687	52.294
GEOD_COV	+1.07316270E-16	+7.08858872E-17	+1.79419177E-05	-1.98647284E-18	+6.01878770E-13	-1.87193279E-12
UTM__01S	8419218.202	374860.396	52.294
UTM__COV	+8.67774910E-07	+1.24930743E-06	+1.79419177E-05	-2.37141828E-08	-2.07116122E-07	+6.49397932E-08
MERC_POS	-1597659.318	-19832706.048	52.294
MERC_COV	+8.67774910E-07	+1.24930743E-06	+1.79419177E-05	-2.37141828E-08	-2.07116122E-07	+6.49397932E-08
VERT_I95	0.008
HORI_I95	0.003
3D___I95	0.009

