SOFT_NAM	Gins
SOFT_VER	25.2
SOFT_TYP	IPPP

TIME_SYS	TAI

GEOD_SYS	ITRF2020	2019.593146531
GEOC_POS	-6178749.625	-198466.540	-1564756.002
GEOC_COV	+1.51685119E-05	+9.92372722E-07	+1.84321247E-06	+3.35714199E-07	+3.83881205E-06	+1.09296810E-07
GEOD_POS	-14.296047021	-178.160244798	52.280
GEOD_COV	+8.46498260E-17	+6.68425266E-17	+1.62003812E-05	-1.34266913E-18	-1.10851730E-12	-1.64312896E-12
UTM__01S	8419219.052	374858.762	52.280
UTM__COV	+8.18276662E-07	+9.85439237E-07	+1.62003812E-05	-1.60285615E-08	-1.81800596E-07	-1.19603631E-07
MERC_POS	-1597658.433	-19832707.731	52.280
MERC_COV	+8.18276662E-07	+9.85439237E-07	+1.62003812E-05	-1.60285615E-08	-1.81800596E-07	-1.19603631E-07
VERT_I95	0.008
HORI_I95	0.003
3D___I95	0.008

GEOD_SYS	ITRF1994	1993.000000000	(RGWF)
GEOC_POS	-6178749.367	-198468.163	-1564756.837
GEOC_COV	+1.51690000E-05	+9.92000000E-07	+1.84300000E-06	+3.36000000E-07	+3.83900000E-06	+1.09000000E-07
GEOD_POS	-14.296054795	-178.160229687	52.288
GEOD_COV	+8.46163206E-17	+6.68217718E-17	+1.62009283E-05	-1.31276711E-18	-1.10693253E-12	-1.64297246E-12
UTM__01S	8419218.200	374860.396	52.288
UTM__COV	+8.18022588E-07	+9.85049123E-07	+1.62009283E-05	-1.56715957E-08	-1.81783281E-07	-1.19432638E-07
MERC_POS	-1597659.321	-19832706.048	52.288
MERC_COV	+8.18022588E-07	+9.85049123E-07	+1.62009283E-05	-1.56715957E-08	-1.81783281E-07	-1.19432638E-07
VERT_I95	0.008
HORI_I95	0.003
3D___I95	0.008

