SOFT_NAM	Gins
SOFT_VER	24.1
SOFT_TYP	PPP

TIME_SYS	TAI

GEOD_SYS	ITRF2020	2025.231493182
GEOC_POS	-5747140.452	1603623.657	-2246402.250
GEOC_COV	+8.95932141E-05	+2.32615531E-05	+1.67984742E-05	-2.06311908E-05	+3.53754901E-05	-9.35161583E-06
GEOD_POS	-20.758145510	164.409311687	73.138
GEOD_COV	+1.60180256E-15	+1.98351994E-16	+1.09850715E-04	-5.52862326E-17	-2.59977442E-12	-1.19025725E-11
UTM__58S	7704506.342	438511.297	73.138
UTM__COV	+2.43136902E-06	+1.73711571E-05	+1.09850715E-04	-6.37432251E-07	-1.31779541E-06	-2.70735714E-07
MERC_POS	-2347925.955	18301960.859	73.138
MERC_COV	+2.43136902E-06	+1.73711571E-05	+1.09850715E-04	-6.37432251E-07	-1.31779541E-06	-2.70735714E-07
VERT_I95	0.021
HORI_I95	0.009
3D___I95	0.023

GEOD_SYS	ITRF1990	1989.000000000	(RGNC91-93)
GEOC_POS	-5747139.631	1603624.336	-2246403.886
GEOC_COV	+8.95930000E-05	+2.32620000E-05	+1.67980000E-05	-2.06310000E-05	+3.53750000E-05	-9.35200000E-06
GEOD_POS	-20.758161279	164.409303289	73.149
GEOD_COV	+1.60184879E-15	+1.98335338E-16	+1.09850180E-04	-5.52458752E-17	-2.60143004E-12	-1.18991847E-11
UTM__58S	7704504.594	438510.429	73.149
UTM__COV	+2.43116487E-06	+1.73716549E-05	+1.09850180E-04	-6.36966881E-07	-1.31742033E-06	-2.70908099E-07
MERC_POS	-2347927.821	18301959.924	73.149
MERC_COV	+2.43116487E-06	+1.73716549E-05	+1.09850180E-04	-6.36966881E-07	-1.31742033E-06	-2.70908099E-07
VERT_I95	0.021
HORI_I95	0.009
3D___I95	0.023

