SOFT_NAM	Gins
SOFT_VER	24.2
SOFT_TYP	PPP

TIME_SYS	TAI

GEOD_SYS	ITRF2020	2025.708205511
GEOC_POS	-5741093.644	1387754.823	-2399341.501
GEOC_COV	+1.39324809E-05	+6.00841588E-06	+3.29290292E-06	-1.14578985E-06	+5.47726262E-06	-5.85586545E-07
GEOD_POS	-22.242718005	166.410955080	80.386
GEOD_COV	+5.57313709E-16	+8.17691457E-17	+1.63086163E-05	-3.19854643E-17	+9.73228544E-12	-1.25146654E-12
UTM__58S	7539629.380	645401.396	80.386
UTM__COV	+1.00267228E-06	+5.92251109E-06	+1.63086163E-05	-3.65124111E-07	-1.38581104E-07	+1.00327021E-06
MERC_POS	-2524523.920	18524782.782	80.386
MERC_COV	+1.00267228E-06	+5.92251109E-06	+1.63086163E-05	-3.65124111E-07	-1.38581104E-07	+1.00327021E-06
VERT_I95	0.008
HORI_I95	0.005
3D___I95	0.010

GEOD_SYS	ITRF1990	1989.000000000	(RGNC91-93)
GEOC_POS	-5741092.828	1387755.469	-2399343.100
GEOC_COV	+1.39320000E-05	+6.00800000E-06	+3.29300000E-06	-1.14600000E-06	+5.47700000E-06	-5.86000000E-07
GEOD_POS	-22.242733569	166.410947136	80.398
GEOD_COV	+5.57265345E-16	+8.17805052E-17	+1.63081926E-05	-3.19545706E-17	+9.72878620E-12	-1.25192394E-12
UTM__58S	7539627.665	645400.561	80.398
UTM__COV	+1.00281158E-06	+5.92199585E-06	+1.63081926E-05	-3.64771411E-07	-1.38631755E-07	+1.00290937E-06
MERC_POS	-2524525.781	18524781.898	80.398
MERC_COV	+1.00281158E-06	+5.92199585E-06	+1.63081926E-05	-3.64771411E-07	-1.38631755E-07	+1.00290937E-06
VERT_I95	0.008
HORI_I95	0.005
3D___I95	0.010

GEOD_SYS	ITRF2005	2007.274000000	(RGTAAF)
GEOC_POS	-5741093.242	1387755.133	-2399342.291
GEOC_COV	+1.39320000E-05	+6.00800000E-06	+3.29300000E-06	-1.14600000E-06	+5.47700000E-06	-5.86000000E-07
GEOD_POS	-22.242725698	166.410951241	80.391
GEOD_COV	+5.57265274E-16	+8.17805070E-17	+1.63081927E-05	-3.19545685E-17	+9.72877854E-12	-1.25194291E-12
UTM__58S	7539628.532	645400.992	80.391
UTM__COV	+1.00281160E-06	+5.92199574E-06	+1.63081927E-05	-3.64771407E-07	-1.38633855E-07	+1.00290864E-06
MERC_POS	-2524524.840	18524782.355	80.391
MERC_COV	+1.00281160E-06	+5.92199574E-06	+1.63081927E-05	-3.64771407E-07	-1.38633855E-07	+1.00290864E-06
VERT_I95	0.008
HORI_I95	0.005
3D___I95	0.010

