SOFT_NAM	Gins
SOFT_VER	24.2
SOFT_TYP	PPP

TIME_SYS	TAI

GEOD_SYS	ITRF2020	2025.710945237
GEOC_POS	-5741093.645	1387754.829	-2399341.494
GEOC_COV	+2.20390316E-05	+8.84785466E-06	+5.07742519E-06	-1.66636214E-06	+8.49645913E-06	-7.69271272E-07
GEOD_POS	-22.242717944	166.410955033	80.386
GEOD_COV	+8.29494142E-16	+1.30384553E-16	+2.55505633E-05	-5.04955774E-17	+1.83239686E-11	-6.01520425E-13
UTM__58S	7539629.387	645401.391	80.386
UTM__COV	+1.59880572E-06	+8.81494243E-06	+2.55505633E-05	-5.76422860E-07	-6.66093435E-08	+1.88895937E-06
MERC_POS	-2524523.913	18524782.777	80.386
MERC_COV	+1.59880572E-06	+8.81494243E-06	+2.55505633E-05	-5.76422860E-07	-6.66093435E-08	+1.88895937E-06
VERT_I95	0.010
HORI_I95	0.006
3D___I95	0.012

GEOD_SYS	ITRF1990	1989.000000000	(RGNC91-93)
GEOC_POS	-5741092.829	1387755.474	-2399343.094
GEOC_COV	+2.20390000E-05	+8.84800000E-06	+5.07700000E-06	-1.66600000E-06	+8.49600000E-06	-7.69000000E-07
GEOD_POS	-22.242733509	166.410947088	80.397
GEOD_COV	+8.29522685E-16	+1.30381805E-16	+2.55499841E-05	-5.04988614E-17	+1.83270948E-11	-5.97423079E-13
UTM__58S	7539627.671	645400.556	80.397
UTM__COV	+1.59877203E-06	+8.81524384E-06	+2.55499841E-05	-5.76460287E-07	-6.61556243E-08	+1.88928144E-06
MERC_POS	-2524525.774	18524781.892	80.397
MERC_COV	+1.59877203E-06	+8.81524384E-06	+2.55499841E-05	-5.76460287E-07	-6.61556243E-08	+1.88928144E-06
VERT_I95	0.010
HORI_I95	0.006
3D___I95	0.012

GEOD_SYS	ITRF2005	2007.274000000	(RGTAAF)
GEOC_POS	-5741093.243	1387755.139	-2399342.285
GEOC_COV	+2.20390000E-05	+8.84800000E-06	+5.07700000E-06	-1.66600000E-06	+8.49600000E-06	-7.69000000E-07
GEOD_POS	-22.242725638	166.410951193	80.391
GEOD_COV	+8.29522574E-16	+1.30381804E-16	+2.55499844E-05	-5.04988640E-17	+1.83270823E-11	-5.97452675E-13
UTM__58S	7539628.539	645400.988	80.391
UTM__COV	+1.59877201E-06	+8.81524363E-06	+2.55499844E-05	-5.76460348E-07	-6.61589015E-08	+1.88928025E-06
MERC_POS	-2524524.833	18524782.349	80.391
MERC_COV	+1.59877201E-06	+8.81524363E-06	+2.55499844E-05	-5.76460348E-07	-6.61589015E-08	+1.88928025E-06
VERT_I95	0.010
HORI_I95	0.006
3D___I95	0.012

