SOFT_NAM	Gins
SOFT_VER	25.2
SOFT_TYP	IPPP

TIME_SYS	TAI

GEOD_SYS	ITRF2020	2024.064203508
GEOC_POS	-5761687.320	1648680.126	-2175855.274
GEOC_COV	+3.33827491E-05	+5.84329314E-06	+6.38443931E-06	-8.00575136E-06	+1.15049054E-05	-3.25839529E-06
GEOD_POS	-20.078235871	164.031771708	63.365
GEOD_COV	+3.37526723E-16	+1.72064043E-16	+3.98090072E-05	+1.18986722E-17	+4.50557732E-12	+2.34747076E-12
UTM__58S	7779567.399	398764.684	63.365
UTM__COV	+2.10879985E-06	+3.69267452E-06	+3.98090072E-05	+1.37780435E-07	+2.59879971E-07	+4.71266838E-07
MERC_POS	-2267639.253	18259933.301	63.365
MERC_COV	+2.10879985E-06	+3.69267452E-06	+3.98090072E-05	+1.37780435E-07	+2.59879971E-07	+4.71266838E-07
VERT_I95	0.013
HORI_I95	0.005
3D___I95	0.014

GEOD_SYS	ITRF1990	1989.000000000	(RGNC91-93)
GEOC_POS	-5761686.530	1648680.805	-2175856.873
GEOC_COV	+3.33830000E-05	+5.84300000E-06	+6.38400000E-06	-8.00600000E-06	+1.15050000E-05	-3.25800000E-06
GEOD_POS	-20.078251213	164.031763388	63.376
GEOD_COV	+3.37491747E-16	+1.72036649E-16	+3.98092447E-05	+1.18637541E-17	+4.50635476E-12	+2.34995763E-12
UTM__58S	7779565.696	398763.824	63.376
UTM__COV	+2.10846412E-06	+3.69229116E-06	+3.98092447E-05	+1.37376089E-07	+2.60155285E-07	+4.71348110E-07
MERC_POS	-2267641.060	18259932.374	63.376
MERC_COV	+2.10846412E-06	+3.69229116E-06	+3.98092447E-05	+1.37376089E-07	+2.60155285E-07	+4.71348110E-07
VERT_I95	0.013
HORI_I95	0.005
3D___I95	0.014

