SOFT_NAM	Gins
SOFT_VER	25.2
SOFT_TYP	IPPP

TIME_SYS	TAI

GEOD_SYS	ITRF2020	2024.061471267
GEOC_POS	-5761687.360	1648680.128	-2175855.299
GEOC_COV	+6.58933280E-06	+8.32953631E-07	+1.23543345E-06	-1.54925840E-06	+2.30809894E-06	-5.85930909E-07
GEOD_POS	-20.078235967	164.031771799	63.410
GEOD_COV	+4.10484151E-17	+3.07371764E-17	+7.83192235E-06	+3.47875338E-19	+2.10060128E-12	+2.79113341E-13
UTM__58S	7779567.389	398764.693	63.410
UTM__COV	+3.76711791E-07	+4.49085740E-07	+7.83192235E-06	+4.02821553E-09	+3.08996256E-08	+2.19715179E-07
MERC_POS	-2267639.264	18259933.311	63.410
MERC_COV	+3.76711791E-07	+4.49085740E-07	+7.83192235E-06	+4.02821553E-09	+3.08996256E-08	+2.19715179E-07
VERT_I95	0.006
HORI_I95	0.002
3D___I95	0.006

GEOD_SYS	ITRF1990	1989.000000000	(RGNC91-93)
GEOC_POS	-5761686.570	1648680.807	-2175856.898
GEOC_COV	+6.58900000E-06	+8.33000000E-07	+1.23500000E-06	-1.54900000E-06	+2.30800000E-06	-5.86000000E-07
GEOD_POS	-20.078251307	164.031763479	63.421
GEOD_COV	+4.10625379E-17	+3.07057453E-17	+7.83143326E-06	+3.59004356E-19	+2.10137235E-12	+2.79635388E-13
UTM__58S	7779565.686	398763.833	63.421
UTM__COV	+3.76326577E-07	+4.49240164E-07	+7.83143326E-06	+4.15708339E-09	+3.09574196E-08	+2.19795809E-07
MERC_POS	-2267641.072	18259932.384	63.421
MERC_COV	+3.76326577E-07	+4.49240164E-07	+7.83143326E-06	+4.15708339E-09	+3.09574196E-08	+2.19795809E-07
VERT_I95	0.006
HORI_I95	0.002
3D___I95	0.006

