SOFT_NAM	Gins
SOFT_VER	21.2
SOFT_TYP	PPP

TIME_SYS	TAI

GEOD_SYS	ITRF2014	2022.527383593
GEOC_POS	-6194725.596	-414875.831	-1456081.591
GEOC_COV	+2.25715346E-05	+5.39660113E-06	+1.84656164E-06	+1.35760100E-06	+5.43131617E-06	+5.74397520E-07
GEOD_POS	-13.284645350	-176.168484050	45.309
GEOD_COV	+4.50711590E-16	+4.12877795E-17	+2.40170821E-05	-1.32221974E-17	+2.24529048E-12	-2.01514835E-12
UTM__01S	8531235.882	590069.699	45.309
UTM__COV	+5.05355005E-07	+5.29226030E-06	+2.40170821E-05	-1.58512091E-07	-2.22943362E-07	+2.43300931E-07
MERC_POS	-1482458.523	-19610985.938	45.309
MERC_COV	+5.05355005E-07	+5.29226030E-06	+2.40170821E-05	-1.58512091E-07	-2.22943362E-07	+2.43300931E-07
VERT_I95	0.010
HORI_I95	0.005
3D___I95	0.011

GEOD_SYS	ITRF1994	1993.000000000	(RGWF)
GEOC_POS	-6194725.255	-414877.659	-1456082.553
GEOC_COV	+2.25720000E-05	+5.39700000E-06	+1.84700000E-06	+1.35800000E-06	+5.43100000E-06	+5.74000000E-07
GEOD_POS	-13.284654268	-176.168467004	45.317
GEOD_COV	+4.50741075E-16	+4.13364294E-17	+2.40174434E-05	-1.31841830E-17	+2.24795643E-12	-2.01218898E-12
UTM__01S	8531234.889	590071.542	45.317
UTM__COV	+5.05950473E-07	+5.29260614E-06	+2.40174434E-05	-1.58056356E-07	-2.22615956E-07	+2.43589806E-07
MERC_POS	-1482459.537	-19610984.041	45.317
MERC_COV	+5.05950473E-07	+5.29260614E-06	+2.40174434E-05	-1.58056356E-07	-2.22615956E-07	+2.43589806E-07
VERT_I95	0.010
HORI_I95	0.005
3D___I95	0.011

