SOFT_NAM	Gins
SOFT_VER	21.2
SOFT_TYP	PPP

TIME_SYS	TAI

GEOD_SYS	ITRF2014	2022.521904141
GEOC_POS	-6194725.601	-414875.836	-1456081.586
GEOC_COV	+3.45556241E-05	+7.97638563E-06	+2.86545632E-06	+1.70768585E-06	+8.24209132E-06	+1.00977286E-06
GEOD_POS	-13.284645300	-176.168483999	45.313
GEOD_COV	+6.70017697E-16	+6.83087154E-17	+3.66940247E-05	-3.86080911E-17	+2.52838756E-13	-2.74764247E-12
UTM__01S	8531235.887	590069.704	45.313
UTM__COV	+8.36086408E-07	+7.86735496E-06	+3.66940247E-05	-4.62846610E-07	-3.03981913E-07	+2.73977489E-08
MERC_POS	-1482458.518	-19610985.933	45.313
MERC_COV	+8.36086408E-07	+7.86735496E-06	+3.66940247E-05	-4.62846610E-07	-3.03981913E-07	+2.73977489E-08
VERT_I95	0.012
HORI_I95	0.006
3D___I95	0.013

GEOD_SYS	ITRF1994	1993.000000000	(RGWF)
GEOC_POS	-6194725.260	-414877.665	-1456082.548
GEOC_COV	+3.45560000E-05	+7.97600000E-06	+2.86500000E-06	+1.70800000E-06	+8.24200000E-06	+1.01000000E-06
GEOD_POS	-13.284654216	-176.168466956	45.322
GEOD_COV	+6.69981628E-16	+6.82779519E-17	+3.66943592E-05	-3.86219441E-17	+2.55596440E-13	-2.74521921E-12
UTM__01S	8531234.895	590071.547	45.322
UTM__COV	+8.35709872E-07	+7.86693088E-06	+3.66943592E-05	-4.63012669E-07	-3.03713819E-07	+2.76965721E-08
MERC_POS	-1482459.531	-19610984.035	45.322
MERC_COV	+8.35709872E-07	+7.86693088E-06	+3.66943592E-05	-4.63012669E-07	-3.03713819E-07	+2.76965721E-08
VERT_I95	0.012
HORI_I95	0.006
3D___I95	0.013

