SOFT_NAM	Gins
SOFT_VER	21.2
SOFT_TYP	PPP

TIME_SYS	TAI

GEOD_SYS	ITRF2014	2022.524643867
GEOC_POS	-6194725.594	-414875.836	-1456081.590
GEOC_COV	+3.27431264E-05	+7.50373678E-06	+2.82144016E-06	+1.84679571E-06	+7.90260362E-06	+1.03413729E-06
GEOD_POS	-13.284645350	-176.168484001	45.307
GEOD_COV	+6.27675589E-16	+6.95077985E-17	+3.48473670E-05	-3.80683914E-17	+2.39309223E-12	-3.54771976E-12
UTM__01S	8531235.881	590069.704	45.307
UTM__COV	+8.50762968E-07	+7.37017345E-06	+3.48473670E-05	-4.56376510E-07	-3.92497441E-07	+2.59316811E-07
MERC_POS	-1482458.523	-19610985.933	45.307
MERC_COV	+8.50762968E-07	+7.37017345E-06	+3.48473670E-05	-4.56376510E-07	-3.92497441E-07	+2.59316811E-07
VERT_I95	0.012
HORI_I95	0.006
3D___I95	0.013

GEOD_SYS	ITRF1994	1993.000000000	(RGWF)
GEOC_POS	-6194725.252	-414877.664	-1456082.552
GEOC_COV	+3.27430000E-05	+7.50400000E-06	+2.82100000E-06	+1.84700000E-06	+7.90300000E-06	+1.03400000E-06
GEOD_POS	-13.284654267	-176.168466956	45.315
GEOD_COV	+6.27695575E-16	+6.94591833E-17	+3.48474245E-05	-3.80506931E-17	+2.39472496E-12	-3.55010332E-12
UTM__01S	8531234.889	590071.547	45.315
UTM__COV	+8.50167930E-07	+7.37040761E-06	+3.48474245E-05	-4.56164322E-07	-3.92761143E-07	+2.59493725E-07
MERC_POS	-1482459.537	-19610984.035	45.315
MERC_COV	+8.50167930E-07	+7.37040761E-06	+3.48474245E-05	-4.56164322E-07	-3.92761143E-07	+2.59493725E-07
VERT_I95	0.012
HORI_I95	0.006
3D___I95	0.013

