SOFT_NAM	Gins
SOFT_VER	21.2
SOFT_TYP	PPP

TIME_SYS	TAI

GEOD_SYS	ITRF2014	2022.519164415
GEOC_POS	-6194725.600	-414875.836	-1456081.592
GEOC_COV	+2.63423028E-05	+6.06292431E-06	+2.14914944E-06	+1.60787195E-06	+6.27575390E-06	+6.04358898E-07
GEOD_POS	-13.284645354	-176.168484000	45.313
GEOD_COV	+5.05796922E-16	+5.01928908E-17	+2.80009517E-05	-1.02812941E-17	+2.55773319E-12	-1.79257488E-12
UTM__01S	8531235.881	590069.704	45.313
UTM__COV	+6.14351969E-07	+5.93907286E-06	+2.80009517E-05	-1.23255566E-07	-1.98319231E-07	+2.77157397E-07
MERC_POS	-1482458.524	-19610985.933	45.313
MERC_COV	+6.14351969E-07	+5.93907286E-06	+2.80009517E-05	-1.23255566E-07	-1.98319231E-07	+2.77157397E-07
VERT_I95	0.011
HORI_I95	0.005
3D___I95	0.012

GEOD_SYS	ITRF1994	1993.000000000	(RGWF)
GEOC_POS	-6194725.258	-414877.664	-1456082.554
GEOC_COV	+2.63420000E-05	+6.06300000E-06	+2.14900000E-06	+1.60800000E-06	+6.27600000E-06	+6.04000000E-07
GEOD_POS	-13.284654269	-176.168466958	45.322
GEOD_COV	+5.05801794E-16	+5.01719977E-17	+2.80007741E-05	-1.02479335E-17	+2.55824679E-12	-1.79459973E-12
UTM__01S	8531234.889	590071.547	45.322
UTM__COV	+6.14096243E-07	+5.93912965E-06	+2.80007741E-05	-1.22855624E-07	-1.98543248E-07	+2.77213042E-07
MERC_POS	-1482459.537	-19610984.036	45.322
MERC_COV	+6.14096243E-07	+5.93912965E-06	+2.80007741E-05	-1.22855624E-07	-1.98543248E-07	+2.77213042E-07
VERT_I95	0.011
HORI_I95	0.005
3D___I95	0.012

