SOFT_NAM	Gins
SOFT_VER	21.2
SOFT_TYP	PPP

TIME_SYS	TAI

GEOD_SYS	ITRF2014	2022.516424689
GEOC_POS	-6194725.607	-414875.827	-1456081.602
GEOC_COV	+3.48837339E-05	+7.30588235E-06	+2.88199127E-06	+2.44874907E-06	+8.38499211E-06	+1.00658532E-06
GEOD_POS	-13.284645423	-176.168484086	45.322
GEOD_COV	+6.04878717E-16	+6.62082736E-17	+3.71587378E-05	-2.47732557E-17	+6.22426824E-12	-3.07801453E-12
UTM__01S	8531235.873	590069.695	45.322
UTM__COV	+8.10377380E-07	+7.10249237E-06	+3.71587378E-05	-2.96990012E-07	-3.40532204E-07	+6.74465185E-07
MERC_POS	-1482458.532	-19610985.942	45.322
MERC_COV	+8.10377380E-07	+7.10249237E-06	+3.71587378E-05	-2.96990012E-07	-3.40532204E-07	+6.74465185E-07
VERT_I95	0.012
HORI_I95	0.006
3D___I95	0.013

GEOD_SYS	ITRF1994	1993.000000000	(RGWF)
GEOC_POS	-6194725.266	-414877.655	-1456082.563
GEOC_COV	+3.48840000E-05	+7.30600000E-06	+2.88200000E-06	+2.44900000E-06	+8.38500000E-06	+1.00700000E-06
GEOD_POS	-13.284654338	-176.168467046	45.330
GEOD_COV	+6.04885957E-16	+6.62089259E-17	+3.71590378E-05	-2.48021731E-17	+6.22720986E-12	-3.07766493E-12
UTM__01S	8531234.881	590071.537	45.330
UTM__COV	+8.10385367E-07	+7.10257688E-06	+3.71590378E-05	-2.97336674E-07	-3.40493527E-07	+6.74783916E-07
MERC_POS	-1482459.545	-19610984.045	45.330
MERC_COV	+8.10385367E-07	+7.10257688E-06	+3.71590378E-05	-2.97336674E-07	-3.40493527E-07	+6.74783916E-07
VERT_I95	0.012
HORI_I95	0.006
3D___I95	0.013

