SOFT_NAM	Gins
SOFT_VER	24.2
SOFT_TYP	PPP

TIME_SYS	TAI

GEOD_SYS	ITRF2020	2025.338342497
GEOC_POS	-5060012.820	-3461901.534	-1752558.613
GEOC_COV	+1.28481709E-05	+9.04036454E-06	+2.00074296E-06	+6.11572006E-06	+4.19203291E-06	+2.91179268E-06
GEOD_POS	-16.054816273	-145.621294250	1.738
GEOD_COV	+3.97748550E-16	+3.76094756E-17	+1.88744680E-05	+7.37714319E-18	+4.05645280E-12	-2.24127773E-12
UTM__06S	8224510.341	647481.749	1.738
UTM__COV	+4.60545969E-07	+4.55426443E-06	+1.88744680E-05	+8.73536156E-08	-2.48018188E-07	+4.34061479E-07
MERC_POS	-1799261.318	-16210488.325	1.738
MERC_COV	+4.60545969E-07	+4.55426443E-06	+1.88744680E-05	+8.73536156E-08	-2.48018188E-07	+4.34061479E-07
VERT_I95	0.009
HORI_I95	0.004
3D___I95	0.010

GEOD_SYS	ITRF1992	1993.000000000	(RGPF)
GEOC_POS	-5060011.363	-3461903.121	-1752559.661
GEOC_COV	+1.28480000E-05	+9.04000000E-06	+2.00100000E-06	+6.11600000E-06	+4.19200000E-06	+2.91200000E-06
GEOD_POS	-16.054826143	-145.621274320	1.733
GEOD_COV	+3.97699330E-16	+3.76251292E-17	+1.88745619E-05	+7.36205645E-18	+4.05699905E-12	-2.24248606E-12
UTM__06S	8224509.234	647483.874	1.733
UTM__COV	+4.60737655E-07	+4.55370040E-06	+1.88745619E-05	+8.71749674E-08	-2.48151901E-07	+4.34119909E-07
MERC_POS	-1799262.454	-16210486.106	1.733
MERC_COV	+4.60737655E-07	+4.55370040E-06	+1.88745619E-05	+8.71749674E-08	-2.48151901E-07	+4.34119909E-07
VERT_I95	0.009
HORI_I95	0.004
3D___I95	0.010

