SOFT_NAM	Gins
SOFT_VER	25.1
SOFT_TYP	PPP

TIME_SYS	TAI

GEOD_SYS	ITRF2020	2026.091767155
GEOC_POS	-5746187.405	1425818.656	-2364769.036
GEOC_COV	+3.12569604E-05	+1.06370463E-05	+5.87317169E-06	-4.26764836E-06	+1.11954474E-05	-2.19388708E-06
GEOD_POS	-21.905864741	166.064480069	64.071
GEOD_COV	+9.21383997E-16	+1.32893384E-16	+3.62998242E-05	-1.18240592E-17	+1.14487219E-11	+7.59291595E-12
UTM__58S	7577211.341	609953.496	64.071
UTM__COV	+1.62942707E-06	+9.83792711E-06	+3.62998242E-05	-1.35289424E-07	+8.40764519E-07	+1.18301016E-06
MERC_POS	-2484292.202	18486213.360	64.071
MERC_COV	+1.62942707E-06	+9.83792711E-06	+3.62998242E-05	-1.35289424E-07	+8.40764519E-07	+1.18301016E-06
VERT_I95	0.012
HORI_I95	0.007
3D___I95	0.014

GEOD_SYS	ITRF1990	1989.000000000	(RGNC91-93)
GEOC_POS	-5746186.579	1425819.318	-2364770.663
GEOC_COV	+3.12570000E-05	+1.06370000E-05	+5.87300000E-06	-4.26800000E-06	+1.11950000E-05	-2.19400000E-06
GEOD_POS	-21.905880537	166.064471925	64.082
GEOD_COV	+9.21364955E-16	+1.32906610E-16	+3.62996891E-05	-1.18159168E-17	+1.14453622E-11	+7.59681334E-12
UTM__58S	7577209.598	609952.643	64.082
UTM__COV	+1.62958925E-06	+9.83772166E-06	+3.62996891E-05	-1.35196245E-07	+8.41196080E-07	+1.18266287E-06
MERC_POS	-2484294.086	18486212.453	64.082
MERC_COV	+1.62958925E-06	+9.83772166E-06	+3.62996891E-05	-1.35196245E-07	+8.41196080E-07	+1.18266287E-06
VERT_I95	0.012
HORI_I95	0.007
3D___I95	0.014

GEOD_SYS	ITRF2005	2007.274000000	(RGTAAF)
GEOC_POS	-5746186.994	1425818.977	-2364769.849
GEOC_COV	+3.12570000E-05	+1.06370000E-05	+5.87300000E-06	-4.26800000E-06	+1.11950000E-05	-2.19400000E-06
GEOD_POS	-21.905872631	166.064476090	64.076
GEOD_COV	+9.21364841E-16	+1.32906591E-16	+3.62996895E-05	-1.18159159E-17	+1.14453439E-11	+7.59677036E-12
UTM__58S	7577210.470	609953.079	64.076
UTM__COV	+1.62958901E-06	+9.83772151E-06	+3.62996895E-05	-1.35196242E-07	+8.41191320E-07	+1.18266104E-06
MERC_POS	-2484293.143	18486212.917	64.076
MERC_COV	+1.62958901E-06	+9.83772151E-06	+3.62996895E-05	-1.35196242E-07	+8.41191320E-07	+1.18266104E-06
VERT_I95	0.012
HORI_I95	0.007
3D___I95	0.014

