SOFT_NAM	Gins
SOFT_VER	22.2
SOFT_TYP	PPP

TIME_SYS	TAI

GEOD_SYS	ITRF2020	2024.086051944
GEOC_POS	-5018417.988	-3519935.785	-1756524.795
GEOC_COV	+1.65826172E-05	+1.12480985E-05	+2.41970158E-06	+8.51423552E-06	+5.20876956E-06	+3.82390899E-06
GEOD_POS	-16.092118476	-144.954047027	0.682
GEOD_COV	+4.36988391E-16	+4.46507108E-17	+2.47019465E-05	-2.16352407E-18	+3.87611348E-12	-2.89835901E-13
UTM__06S	8219791.604	718838.779	0.682
UTM__COV	+5.46772876E-07	+5.00169798E-06	+2.47019465E-05	-2.56138467E-08	-3.20731394E-08	+4.14686852E-07
MERC_POS	-1803555.989	-16136210.704	0.682
MERC_COV	+5.46772876E-07	+5.00169798E-06	+2.47019465E-05	-2.56138467E-08	-3.20731394E-08	+4.14686852E-07
VERT_I95	0.010
HORI_I95	0.005
3D___I95	0.011

GEOD_SYS	ITRF1992	1993.000000000	(RGPF)
GEOC_POS	-5018416.553	-3519937.306	-1756525.822
GEOC_COV	+1.65830000E-05	+1.12480000E-05	+2.42000000E-06	+8.51400000E-06	+5.20900000E-06	+3.82400000E-06
GEOD_POS	-16.092128154	-144.954027680	0.677
GEOD_COV	+4.37013014E-16	+4.46627435E-17	+2.47021005E-05	-2.16596517E-18	+3.87315177E-12	-2.92353267E-13
UTM__06S	8219790.513	718840.839	0.677
UTM__COV	+5.46920223E-07	+5.00197932E-06	+2.47021005E-05	-2.56427455E-08	-3.23517102E-08	+4.14369972E-07
MERC_POS	-1803557.104	-16136208.550	0.677
MERC_COV	+5.46920223E-07	+5.00197932E-06	+2.47021005E-05	-2.56427455E-08	-3.23517102E-08	+4.14369972E-07
VERT_I95	0.010
HORI_I95	0.005
3D___I95	0.011

