SOFT_NAM	Gins
SOFT_VER	25.2
SOFT_TYP	IPPP

TIME_SYS	TAI

GEOD_SYS	ITRF2020	2023.335612284
GEOC_POS	-5811226.097	1388515.677	-2224811.909
GEOC_COV	+8.35148793E-06	+1.02679890E-06	+2.27064709E-06	-1.70644195E-06	+3.53510997E-06	-7.98795908E-07
GEOD_POS	-20.549765199	166.561880607	65.827
GEOD_COV	+5.98624701E-17	+5.57981679E-17	+1.03140386E-05	+4.40276872E-19	+1.34889499E-12	-5.49797470E-12
UTM__58S	7726900.633	662821.480	65.827
UTM__COV	+6.83931002E-07	+6.50964345E-07	+1.03140386E-05	+5.08303771E-09	-6.08693848E-07	+1.40662854E-07
MERC_POS	-2323281.261	18541583.735	65.827
MERC_COV	+6.83931002E-07	+6.50964345E-07	+1.03140386E-05	+5.08303771E-09	-6.08693848E-07	+1.40662854E-07
VERT_I95	0.006
HORI_I95	0.002
3D___I95	0.007

GEOD_SYS	ITRF1990	1989.000000000	(RGNC91-93)
GEOC_POS	-5811225.367	1388516.340	-2224813.420
GEOC_COV	+8.35100000E-06	+1.02700000E-06	+2.27100000E-06	-1.70600000E-06	+3.53500000E-06	-7.99000000E-07
GEOD_POS	-20.549779746	166.561872794	65.837
GEOD_COV	+5.98959284E-17	+5.58200405E-17	+1.03134728E-05	+4.65696331E-19	+1.35029368E-12	-5.50052641E-12
UTM__58S	7726899.031	662820.650	65.837
UTM__COV	+6.84199104E-07	+6.51328060E-07	+1.03134728E-05	+5.37650727E-09	-6.08976356E-07	+1.40808697E-07
MERC_POS	-2323282.980	18541582.865	65.837
MERC_COV	+6.84199104E-07	+6.51328060E-07	+1.03134728E-05	+5.37650727E-09	-6.08976356E-07	+1.40808697E-07
VERT_I95	0.006
HORI_I95	0.002
3D___I95	0.007

