SOFT_NAM	Gins
SOFT_VER	25.2
SOFT_TYP	IPPP

TIME_SYS	TAI

GEOD_SYS	ITRF2020	2023.338352010
GEOC_POS	-5811226.115	1388515.675	-2224811.911
GEOC_COV	+4.95245652E-06	+5.94188607E-07	+1.25382939E-06	-1.04974071E-06	+2.04200495E-06	-4.63680735E-07
GEOD_POS	-20.549765165	166.561880667	65.844
GEOD_COV	+3.26472227E-17	+2.95819026E-17	+6.08286560E-06	-4.28908971E-19	+5.17130651E-13	-2.56132255E-12
UTM__58S	7726900.637	662821.486	65.844
UTM__COV	+3.62592199E-07	+3.55016725E-07	+6.08286560E-06	-4.95179426E-09	-2.83570109E-07	+5.39264169E-08
MERC_POS	-2323281.257	18541583.741	65.844
MERC_COV	+3.62592199E-07	+3.55016725E-07	+6.08286560E-06	-4.95179426E-09	-2.83570109E-07	+5.39264169E-08
VERT_I95	0.005
HORI_I95	0.002
3D___I95	0.005

GEOD_SYS	ITRF1990	1989.000000000	(RGNC91-93)
GEOC_POS	-5811225.385	1388516.338	-2224813.423
GEOC_COV	+4.95200000E-06	+5.94000000E-07	+1.25400000E-06	-1.05000000E-06	+2.04200000E-06	-4.64000000E-07
GEOD_POS	-20.549779714	166.561872853	65.853
GEOD_COV	+3.26177759E-17	+2.95871082E-17	+6.08264755E-06	-4.12505862E-19	+5.13467893E-13	-2.56325259E-12
UTM__58S	7726899.034	662820.656	65.853
UTM__COV	+3.62656007E-07	+3.54696444E-07	+6.08264755E-06	-4.76241840E-09	-2.83783789E-07	+5.35444593E-08
MERC_POS	-2323282.976	18541582.872	65.853
MERC_COV	+3.62656007E-07	+3.54696444E-07	+6.08264755E-06	-4.76241840E-09	-2.83783789E-07	+5.35444593E-08
VERT_I95	0.005
HORI_I95	0.002
3D___I95	0.005

