SOFT_NAM	Gins
SOFT_VER	25.2
SOFT_TYP	IPPP

TIME_SYS	TAI

GEOD_SYS	ITRF2020	2023.332872558
GEOC_POS	-5811226.115	1388515.679	-2224811.913
GEOC_COV	+2.76440234E-06	+3.41651379E-07	+6.59925548E-07	-5.54562802E-07	+1.08179804E-06	-2.45988297E-07
GEOD_POS	-20.549765178	166.561880625	65.845
GEOD_COV	+2.03966249E-17	+1.67042206E-17	+3.33943213E-06	+6.24657310E-19	+5.16435136E-13	-9.47197518E-13
UTM__58S	7726900.636	662821.482	65.845
UTM__COV	+2.04747482E-07	+2.21799662E-07	+3.33943213E-06	+7.21172718E-09	-1.04866489E-07	+5.38538886E-08
MERC_POS	-2323281.258	18541583.737	65.845
MERC_COV	+2.04747482E-07	+2.21799662E-07	+3.33943213E-06	+7.21172718E-09	-1.04866489E-07	+5.38538886E-08
VERT_I95	0.004
HORI_I95	0.001
3D___I95	0.004

GEOD_SYS	ITRF1990	1989.000000000	(RGNC91-93)
GEOC_POS	-5811225.385	1388516.342	-2224813.424
GEOC_COV	+2.76400000E-06	+3.42000000E-07	+6.60000000E-07	-5.55000000E-07	+1.08200000E-06	-2.46000000E-07
GEOD_POS	-20.549779725	166.561872812	65.855
GEOD_COV	+2.04067843E-17	+1.66972113E-17	+3.33942833E-06	+6.04756144E-19	+5.11532713E-13	-9.49254206E-13
UTM__58S	7726899.033	662820.652	65.855
UTM__COV	+2.04661569E-07	+2.21910098E-07	+3.33942833E-06	+6.98196572E-09	-1.05094190E-07	+5.33426587E-08
MERC_POS	-2323282.977	18541582.867	65.855
MERC_COV	+2.04661569E-07	+2.21910098E-07	+3.33942833E-06	+6.98196572E-09	-1.05094190E-07	+5.33426587E-08
VERT_I95	0.004
HORI_I95	0.001
3D___I95	0.004

