SOFT_NAM	Gins
SOFT_VER	25.2
SOFT_TYP	IPPP

TIME_SYS	TAI

GEOD_SYS	ITRF2020	2023.341091736
GEOC_POS	-5811226.101	1388515.681	-2224811.899
GEOC_COV	+1.16056652E-05	+1.56787985E-06	+2.71357455E-06	-2.44845619E-06	+4.22358361E-06	-6.43110040E-07
GEOD_POS	-20.549765102	166.561880582	65.828
GEOD_COV	+9.22478950E-17	+8.81209575E-17	+1.38038665E-05	-2.62958179E-17	+1.96062371E-12	-9.02615477E-13
UTM__58S	7726900.644	662821.477	65.828
UTM__COV	+1.08011888E-06	+1.00313419E-06	+1.38038665E-05	-3.03587680E-07	-9.99307050E-08	+2.04453964E-07
MERC_POS	-2323281.249	18541583.732	65.828
MERC_COV	+1.08011888E-06	+1.00313419E-06	+1.38038665E-05	-3.03587680E-07	-9.99307050E-08	+2.04453964E-07
VERT_I95	0.007
HORI_I95	0.003
3D___I95	0.008

GEOD_SYS	ITRF1990	1989.000000000	(RGNC91-93)
GEOC_POS	-5811225.371	1388516.344	-2224813.411
GEOC_COV	+1.16060000E-05	+1.56800000E-06	+2.71400000E-06	-2.44800000E-06	+4.22400000E-06	-6.43000000E-07
GEOD_POS	-20.549779652	166.561872768	65.838
GEOD_COV	+9.22789938E-17	+8.81322154E-17	+1.38042709E-05	-2.62984984E-17	+1.96541571E-12	-9.06084400E-13
UTM__58S	7726899.041	662820.647	65.838
UTM__COV	+1.08025688E-06	+1.00347219E-06	+1.38042709E-05	-3.03618600E-07	-1.00314758E-07	+2.04953655E-07
MERC_POS	-2323282.969	18541582.862	65.838
MERC_COV	+1.08025688E-06	+1.00347219E-06	+1.38042709E-05	-3.03618600E-07	-1.00314758E-07	+2.04953655E-07
VERT_I95	0.007
HORI_I95	0.003
3D___I95	0.008

