SOFT_NAM	Gins
SOFT_VER	25.2
SOFT_TYP	IPPP

TIME_SYS	TAI

GEOD_SYS	ITRF2020	2023.330132832
GEOC_POS	-5811226.115	1388515.678	-2224811.909
GEOC_COV	+4.82764204E-05	+5.09917362E-06	+7.30343886E-06	-4.90106834E-06	+1.49173316E-05	-3.27861279E-06
GEOD_POS	-20.549765149	166.561880634	65.843
GEOD_COV	+4.79612592E-16	+1.87565690E-16	+5.31645307E-05	+1.41275462E-16	+4.93140951E-11	+1.73542070E-11
UTM__58S	7726900.639	662821.483	65.843
UTM__COV	+2.29903590E-06	+5.21546635E-06	+5.31645307E-05	+1.63103845E-06	+1.92132551E-06	+5.14247695E-06
MERC_POS	-2323281.255	18541583.738	65.843
MERC_COV	+2.29903590E-06	+5.21546635E-06	+5.31645307E-05	+1.63103845E-06	+1.92132551E-06	+5.14247695E-06
VERT_I95	0.015
HORI_I95	0.005
3D___I95	0.016

GEOD_SYS	ITRF1990	1989.000000000	(RGNC91-93)
GEOC_POS	-5811225.385	1388516.342	-2224813.421
GEOC_COV	+4.82760000E-05	+5.09900000E-06	+7.30300000E-06	-4.90100000E-06	+1.49170000E-05	-3.27900000E-06
GEOD_POS	-20.549779694	166.561872821	65.853
GEOD_COV	+4.79598465E-16	+1.87542432E-16	+5.31639374E-05	+1.41312550E-16	+4.93126746E-11	+1.73559050E-11
UTM__58S	7726899.037	662820.653	65.853
UTM__COV	+2.29875083E-06	+5.21531176E-06	+5.31639374E-05	+1.63146648E-06	+1.92151351E-06	+5.14232834E-06
MERC_POS	-2323282.974	18541582.868	65.853
MERC_COV	+2.29875083E-06	+5.21531176E-06	+5.31639374E-05	+1.63146648E-06	+1.92151351E-06	+5.14232834E-06
VERT_I95	0.015
HORI_I95	0.005
3D___I95	0.016

