SOFT_NAM	Gins
SOFT_VER	25.2
SOFT_TYP	IPPP

TIME_SYS	TAI

GEOD_SYS	ITRF2020	2022.894516394
GEOC_POS	-5210331.436	-3293051.784	-1634303.063
GEOC_COV	+4.70049072E-06	+2.32930678E-06	+8.41949473E-07	+2.79446837E-06	+1.46115864E-06	+9.74054176E-07
GEOD_POS	-14.945755582	-147.706152354	4.661
GEOD_COV	+4.16525097E-17	+2.83081082E-17	+7.04312752E-06	-6.89558093E-19	+1.25484804E-12	-9.05892203E-13
UTM__06S	8347552.974	424062.566	4.661
UTM__COV	+3.46577180E-07	+4.82042285E-07	+7.04312752E-06	-8.20800097E-09	-1.00235389E-07	+1.34993581E-07
MERC_POS	-1671935.902	-16442573.667	4.661
MERC_COV	+3.46577180E-07	+4.82042285E-07	+7.04312752E-06	-8.20800097E-09	-1.00235389E-07	+1.34993581E-07
VERT_I95	0.005
HORI_I95	0.002
3D___I95	0.006

GEOD_SYS	ITRF1992	1993.000000000	(RGPF)
GEOC_POS	-5210330.158	-3293053.304	-1634304.046
GEOC_COV	+4.70000000E-06	+2.32900000E-06	+8.42000000E-07	+2.79400000E-06	+1.46100000E-06	+9.74000000E-07
GEOD_POS	-14.945764786	-147.706134068	4.655
GEOD_COV	+4.16580162E-17	+2.83139158E-17	+7.04224575E-06	-6.95270177E-19	+1.25386373E-12	-9.06658227E-13
UTM__06S	8347551.962	424064.535	4.655
UTM__COV	+3.46648282E-07	+4.82105969E-07	+7.04224575E-06	-8.27599313E-09	-1.00320148E-07	+1.34887685E-07
MERC_POS	-1671936.956	-16442571.632	4.655
MERC_COV	+3.46648282E-07	+4.82105969E-07	+7.04224575E-06	-8.27599313E-09	-1.00320148E-07	+1.34887685E-07
VERT_I95	0.005
HORI_I95	0.002
3D___I95	0.006

