SOFT_NAM	Gins
SOFT_VER	25.2
SOFT_TYP	IPPP

TIME_SYS	TAI

GEOD_SYS	ITRF2020	2022.897256120
GEOC_POS	-5210331.433	-3293051.783	-1634303.062
GEOC_COV	+4.44770916E-06	+2.06126523E-06	+7.90472837E-07	+2.53616907E-06	+1.35458801E-06	+8.48373163E-07
GEOD_POS	-14.945755582	-147.706152348	4.658
GEOD_COV	+3.90275309E-17	+2.81189359E-17	+6.50352255E-06	+7.61431901E-19	+7.92479960E-14	-6.62469116E-13
UTM__06S	8347552.974	424062.566	4.658
UTM__COV	+3.44261136E-07	+4.51663544E-07	+6.50352255E-06	+9.06353481E-09	-7.33010498E-08	+8.52531176E-09
MERC_POS	-1671935.902	-16442573.666	4.658
MERC_COV	+3.44261136E-07	+4.51663544E-07	+6.50352255E-06	+9.06353481E-09	-7.33010498E-08	+8.52531176E-09
VERT_I95	0.005
HORI_I95	0.002
3D___I95	0.005

GEOD_SYS	ITRF1992	1993.000000000	(RGPF)
GEOC_POS	-5210330.155	-3293053.303	-1634304.045
GEOC_COV	+4.44800000E-06	+2.06100000E-06	+7.90000000E-07	+2.53600000E-06	+1.35500000E-06	+8.48000000E-07
GEOD_POS	-14.945764787	-147.706134060	4.653
GEOD_COV	+3.90315265E-17	+2.80767090E-17	+6.50354610E-06	+7.97891682E-19	+7.50397172E-14	-6.62608389E-13
UTM__06S	8347551.962	424064.536	4.653
UTM__COV	+3.43744151E-07	+4.51709746E-07	+6.50354610E-06	+9.49752527E-09	-7.33164601E-08	+8.07259474E-09
MERC_POS	-1671936.956	-16442571.631	4.653
MERC_COV	+3.43744151E-07	+4.51709746E-07	+6.50354610E-06	+9.49752527E-09	-7.33164601E-08	+8.07259474E-09
VERT_I95	0.005
HORI_I95	0.002
3D___I95	0.005

