SOFT_NAM	Gins
SOFT_VER	25.2
SOFT_TYP	IPPP

TIME_SYS	TAI

GEOD_SYS	ITRF2020	2022.891776668
GEOC_POS	-5210331.476	-3293051.769	-1634303.050
GEOC_COV	+5.27334072E-04	+1.46538968E-04	+7.76738069E-05	+2.95649032E-05	+6.55878032E-05	+8.47963234E-05
GEOD_POS	-14.945755407	-147.706152675	4.683
GEOD_COV	+1.97466632E-14	+4.24091556E-15	+4.71098079E-04	-6.42516788E-15	-1.34275250E-09	+3.86138401E-11
UTM__06S	8347552.993	424062.531	4.683
UTM__COV	+5.19216810E-05	+2.28527087E-04	+4.71098079E-04	-7.64805535E-05	+4.27255393E-06	-1.44450135E-04
MERC_POS	-1671935.882	-16442573.703	4.683
MERC_COV	+5.19216810E-05	+2.28527087E-04	+4.71098079E-04	-7.64805535E-05	+4.27255393E-06	-1.44450135E-04
VERT_I95	0.043
HORI_I95	0.033
3D___I95	0.055

GEOD_SYS	ITRF1992	1993.000000000	(RGPF)
GEOC_POS	-5210330.198	-3293053.288	-1634304.032
GEOC_COV	+5.27334000E-04	+1.46539000E-04	+7.76740000E-05	+2.95650000E-05	+6.55880000E-05	+8.47960000E-05
GEOD_POS	-14.945764611	-147.706134390	4.677
GEOD_COV	+1.97466664E-14	+4.24092987E-15	+4.71098040E-04	-6.42513636E-15	-1.34275325E-09	+3.86138450E-11
UTM__06S	8347551.981	424064.501	4.677
UTM__COV	+5.19218562E-05	+2.28527105E-04	+4.71098040E-04	-7.64801749E-05	+4.27255447E-06	-1.44450210E-04
MERC_POS	-1671936.936	-16442571.667	4.677
MERC_COV	+5.19218562E-05	+2.28527105E-04	+4.71098040E-04	-7.64801749E-05	+4.27255447E-06	-1.44450210E-04
VERT_I95	0.043
HORI_I95	0.033
3D___I95	0.055

