SOFT_NAM	Gins
SOFT_VER	25.2
SOFT_TYP	IPPP

TIME_SYS	TAI

GEOD_SYS	ITRF2020	2021.664379408
GEOC_POS	-5748250.480	1306144.782	-2427618.848
GEOC_COV	+1.78067524E-06	+2.26606496E-07	+4.21028325E-07	-3.52917630E-07	+6.86483974E-07	-1.52122018E-07
GEOD_POS	-22.518937636	167.198347805	64.058
GEOD_COV	+1.42084830E-17	+1.09374653E-17	+2.14378752E-06	+2.83502915E-19	+1.71351613E-13	+1.00513636E-13
UTM__58S	7508070.156	726119.948	64.058
UTM__COV	+1.34126206E-07	+1.50396328E-07	+2.14378752E-06	+3.22998692E-09	+1.11307252E-08	+1.76292143E-08
MERC_POS	-2557586.940	18612434.939	64.058
MERC_COV	+1.34126206E-07	+1.50396328E-07	+2.14378752E-06	+3.22998692E-09	+1.11307252E-08	+1.76292143E-08
VERT_I95	0.003
HORI_I95	0.001
3D___I95	0.003

GEOD_SYS	ITRF1990	1989.000000000	(RGNC91-93)
GEOC_POS	-5748249.763	1306145.354	-2427620.257
GEOC_COV	+1.78100000E-06	+2.27000000E-07	+4.21000000E-07	-3.53000000E-07	+6.86000000E-07	-1.52000000E-07
GEOD_POS	-22.518951368	167.198340838	64.069
GEOD_COV	+1.42419803E-17	+1.09686365E-17	+2.14374067E-06	+2.79554555E-19	+1.70597229E-13	+1.04954591E-13
UTM__58S	7508068.645	726119.208	64.069
UTM__COV	+1.34508459E-07	+1.50750866E-07	+2.14374067E-06	+3.18500243E-09	+1.16225097E-08	+1.75515991E-08
MERC_POS	-2557588.585	18612434.164	64.069
MERC_COV	+1.34508459E-07	+1.50750866E-07	+2.14374067E-06	+3.18500243E-09	+1.16225097E-08	+1.75515991E-08
VERT_I95	0.003
HORI_I95	0.001
3D___I95	0.003

GEOD_SYS	ITRF2005	2007.274000000	(RGTAAF)
GEOC_POS	-5748250.171	1306145.022	-2427619.458
GEOC_COV	+1.78100000E-06	+2.27000000E-07	+4.21000000E-07	-3.53000000E-07	+6.86000000E-07	-1.52000000E-07
GEOD_POS	-22.518943580	167.198344866	64.063
GEOD_COV	+1.42419785E-17	+1.09686363E-17	+2.14374068E-06	+2.79554303E-19	+1.70595963E-13	+1.04952131E-13
UTM__58S	7508069.502	726119.635	64.063
UTM__COV	+1.34508456E-07	+1.50750864E-07	+2.14374068E-06	+3.18499973E-09	+1.16222373E-08	+1.75514698E-08
MERC_POS	-2557587.652	18612434.612	64.063
MERC_COV	+1.34508456E-07	+1.50750864E-07	+2.14374068E-06	+3.18499973E-09	+1.16222373E-08	+1.75514698E-08
VERT_I95	0.003
HORI_I95	0.001
3D___I95	0.003

