SOFT_NAM	Gins
SOFT_VER	25.2
SOFT_TYP	IPPP

TIME_SYS	TAI

GEOD_SYS	ITRF2020	2021.661639682
GEOC_POS	-5748250.480	1306144.782	-2427618.850
GEOC_COV	+1.25833334E-05	+1.89304457E-06	+3.00354900E-06	-1.64005969E-06	+4.40600288E-06	-2.58785941E-07
GEOD_POS	-22.518937652	167.198347808	64.059
GEOD_COV	+1.61471012E-16	+1.10497738E-16	+1.44157272E-05	-3.07661378E-17	+1.01544573E-11	+3.41051456E-12
UTM__58S	7508070.154	726119.948	64.059
UTM__COV	+1.35503446E-06	+1.70916538E-06	+1.44157272E-05	-3.50522755E-07	+3.77675127E-07	+1.04472377E-06
MERC_POS	-2557586.942	18612434.940	64.059
MERC_COV	+1.35503446E-06	+1.70916538E-06	+1.44157272E-05	-3.50522755E-07	+3.77675127E-07	+1.04472377E-06
VERT_I95	0.008
HORI_I95	0.004
3D___I95	0.008

GEOD_SYS	ITRF1990	1989.000000000	(RGNC91-93)
GEOC_POS	-5748249.763	1306145.354	-2427620.259
GEOC_COV	+1.25830000E-05	+1.89300000E-06	+3.00400000E-06	-1.64000000E-06	+4.40600000E-06	-2.59000000E-07
GEOD_POS	-22.518951382	167.198340842	64.070
GEOD_COV	+1.61467949E-16	+1.10522435E-16	+1.44155300E-05	-3.07494288E-17	+1.01536166E-11	+3.40771478E-12
UTM__58S	7508068.644	726119.209	64.070
UTM__COV	+1.35533733E-06	+1.70913262E-06	+1.44155300E-05	-3.50332354E-07	+3.77365085E-07	+1.04463718E-06
MERC_POS	-2557588.587	18612434.164	64.070
MERC_COV	+1.35533733E-06	+1.70913262E-06	+1.44155300E-05	-3.50332354E-07	+3.77365085E-07	+1.04463718E-06
VERT_I95	0.008
HORI_I95	0.004
3D___I95	0.008

GEOD_SYS	ITRF2005	2007.274000000	(RGTAAF)
GEOC_POS	-5748250.172	1306145.022	-2427619.460
GEOC_COV	+1.25830000E-05	+1.89300000E-06	+3.00400000E-06	-1.64000000E-06	+4.40600000E-06	-2.59000000E-07
GEOD_POS	-22.518943594	167.198344870	64.064
GEOD_COV	+1.61467920E-16	+1.10522426E-16	+1.44155303E-05	-3.07494409E-17	+1.01536075E-11	+3.40769881E-12
UTM__58S	7508069.500	726119.636	64.064
UTM__COV	+1.35533721E-06	+1.70913251E-06	+1.44155303E-05	-3.50332511E-07	+3.77363316E-07	+1.04463630E-06
MERC_POS	-2557587.654	18612434.612	64.064
MERC_COV	+1.35533721E-06	+1.70913251E-06	+1.44155303E-05	-3.50332511E-07	+3.77363316E-07	+1.04463630E-06
VERT_I95	0.008
HORI_I95	0.004
3D___I95	0.008

