SOFT_NAM	Gins
SOFT_VER	25.2
SOFT_TYP	IPPP

TIME_SYS	TAI

GEOD_SYS	ITRF2020	2021.667119134
GEOC_POS	-5748250.549	1306144.799	-2427618.891
GEOC_COV	+6.06291233E-05	+8.83996557E-06	+1.39521688E-05	-1.32125167E-05	+2.30368237E-05	-5.40676688E-06
GEOD_POS	-22.518937743	167.198347796	64.140
GEOD_COV	+5.35947692E-16	+3.68631533E-16	+7.32277378E-05	-1.07582580E-17	-7.13582456E-12	+8.24909112E-12
UTM__58S	7508070.144	726119.946	64.140
UTM__COV	+4.52053093E-06	+5.67298892E-06	+7.32277378E-05	-1.22570287E-07	+9.13491651E-07	-7.34156975E-07
MERC_POS	-2557586.953	18612434.938	64.140
MERC_COV	+4.52053093E-06	+5.67298892E-06	+7.32277378E-05	-1.22570287E-07	+9.13491651E-07	-7.34156975E-07
VERT_I95	0.017
HORI_I95	0.006
3D___I95	0.018

GEOD_SYS	ITRF1990	1989.000000000	(RGNC91-93)
GEOC_POS	-5748249.832	1306145.371	-2427620.300
GEOC_COV	+6.06290000E-05	+8.84000000E-06	+1.39520000E-05	-1.32130000E-05	+2.30370000E-05	-5.40700000E-06
GEOD_POS	-22.518951476	167.198340829	64.151
GEOD_COV	+5.35930570E-16	+3.68608039E-16	+7.32279506E-05	-1.07588027E-17	-7.14067099E-12	+8.24865089E-12
UTM__58S	7508068.634	726119.207	64.151
UTM__COV	+4.52024285E-06	+5.67280658E-06	+7.32279506E-05	-1.22576481E-07	+9.13442903E-07	-7.34655520E-07
MERC_POS	-2557588.598	18612434.163	64.151
MERC_COV	+4.52024285E-06	+5.67280658E-06	+7.32279506E-05	-1.22576481E-07	+9.13442903E-07	-7.34655520E-07
VERT_I95	0.017
HORI_I95	0.006
3D___I95	0.018

GEOD_SYS	ITRF2005	2007.274000000	(RGTAAF)
GEOC_POS	-5748250.241	1306145.039	-2427619.501
GEOC_COV	+6.06290000E-05	+8.84000000E-06	+1.39520000E-05	-1.32130000E-05	+2.30370000E-05	-5.40700000E-06
GEOD_POS	-22.518943688	167.198344857	64.145
GEOD_COV	+5.35930520E-16	+3.68608019E-16	+7.32279507E-05	-1.07587958E-17	-7.14071364E-12	+8.24856632E-12
UTM__58S	7508069.490	726119.634	64.145
UTM__COV	+4.52024259E-06	+5.67280667E-06	+7.32279507E-05	-1.22576409E-07	+9.13433536E-07	-7.34659948E-07
MERC_POS	-2557587.665	18612434.611	64.145
MERC_COV	+4.52024259E-06	+5.67280667E-06	+7.32279507E-05	-1.22576409E-07	+9.13433536E-07	-7.34659948E-07
VERT_I95	0.017
HORI_I95	0.006
3D___I95	0.018

