SOFT_NAM	Gins
SOFT_VER	22.2
SOFT_TYP	PPP

TIME_SYS	TAI

GEOD_SYS	ITRF2020	2024.064194021
GEOC_POS	-5761687.341	1648680.120	-2175855.300
GEOC_COV	+1.93268532E-05	+6.73452573E-06	+3.49557829E-06	-2.19013020E-06	+7.38485971E-06	-9.57304806E-07
GEOD_POS	-20.078236041	164.031771824	63.391
GEOD_COV	+5.96780391E-16	+5.19929310E-17	+2.23907259E-05	-4.64953403E-17	+1.68643490E-11	-4.12590892E-12
UTM__58S	7779567.381	398764.696	63.391
UTM__COV	+6.37220211E-07	+6.52901120E-06	+2.23907259E-05	-5.38391861E-07	-4.56764410E-07	+1.76394896E-06
MERC_POS	-2267639.273	18259933.313	63.391
MERC_COV	+6.37220211E-07	+6.52901120E-06	+2.23907259E-05	-5.38391861E-07	-4.56764410E-07	+1.76394896E-06
VERT_I95	0.009
HORI_I95	0.005
3D___I95	0.011

GEOD_SYS	ITRF1990	1989.000000000	(RGNC91-93)
GEOC_POS	-5761686.551	1648680.782	-2175856.913
GEOC_COV	+1.93270000E-05	+6.73500000E-06	+3.49600000E-06	-2.19000000E-06	+7.38500000E-06	-9.57000000E-07
GEOD_POS	-20.078251511	164.031763654	63.403
GEOD_COV	+5.96827924E-16	+5.20215706E-17	+2.23908988E-05	-4.65215254E-17	+1.68656749E-11	-4.12713742E-12
UTM__58S	7779565.663	398763.852	63.403
UTM__COV	+6.37571220E-07	+6.52952997E-06	+2.23908988E-05	-5.38695021E-07	-4.56900414E-07	+1.76408748E-06
MERC_POS	-2267641.095	18259932.404	63.403
MERC_COV	+6.37571220E-07	+6.52952997E-06	+2.23908988E-05	-5.38695021E-07	-4.56900414E-07	+1.76408748E-06
VERT_I95	0.009
HORI_I95	0.005
3D___I95	0.011

