SOFT_NAM	Gins
SOFT_VER	25.2
SOFT_TYP	IPPP

TIME_SYS	TAI

GEOD_SYS	ITRF2020	2022.050680778
GEOC_POS	4352252.422	-174573.935	4643639.984
GEOC_COV	+3.09810085E-06	+3.59898582E-07	+3.36198907E-06	-2.18787994E-07	+2.58209911E-06	-1.72075559E-07
GEOD_POS	47.024236535	-02.296969387	51.985
GEOD_COV	+6.00018813E-17	+5.23728366E-17	+5.82592532E-06	+3.86555719E-18	-1.63104178E-12	-5.17835741E-13
UTM__30N	5208097.245	553424.040	51.985
UTM__COV	+6.47289654E-07	+3.46773524E-07	+5.82592532E-06	+3.26699838E-08	-5.75689497E-08	-1.23995413E-07
MERC_POS	5914754.177	-255697.462	51.985
MERC_COV	+6.47289654E-07	+3.46773524E-07	+5.82592532E-06	+3.26699838E-08	-5.75689497E-08	-1.23995413E-07
VERT_I95	0.005
HORI_I95	0.002
3D___I95	0.005

GEOD_SYS	ETRF2000	2019.000000000	(RGF93_v2b)
GEOC_POS	4352252.833	-174574.494	4643639.561
GEOC_COV	+3.09800000E-06	+3.60000000E-07	+3.36200000E-06	-2.19000000E-07	+2.58200000E-06	-1.72000000E-07
GEOD_POS	47.024231098	-02.296976518	51.971
GEOD_COV	+6.00164187E-17	+5.23778664E-17	+5.82579058E-06	+3.89031617E-18	-1.63231469E-12	-5.17342824E-13
UTM__30N	5208096.635	553423.504	51.971
UTM__COV	+6.47351814E-07	+3.46857610E-07	+5.82579058E-06	+3.28792389E-08	-5.75141509E-08	-1.24092194E-07
MERC_POS	5914753.292	-255698.256	51.971
MERC_COV	+6.47351814E-07	+3.46857610E-07	+5.82579058E-06	+3.28792389E-08	-5.75141509E-08	-1.24092194E-07
VERT_I95	0.005
HORI_I95	0.002
3D___I95	0.005

