SOFT_NAM	Gins
SOFT_VER	25.2
SOFT_TYP	IPPP

TIME_SYS	TAI

GEOD_SYS	ITRF2020	2022.045201325
GEOC_POS	4352252.425	-174573.937	4643639.982
GEOC_COV	+6.21057449E-06	+7.80039368E-07	+6.65730195E-06	-3.38212441E-07	+4.94139980E-06	-9.46098774E-08
GEOD_POS	47.024236507	-02.296969411	51.985
GEOD_COV	+1.31791692E-16	+1.21294311E-16	+1.13871336E-05	+1.87071522E-17	-7.66965081E-14	-1.21618185E-12
UTM__30N	5208097.241	553424.038	51.985
UTM__COV	+1.49910827E-06	+7.61673942E-07	+1.13871336E-05	+1.58104597E-07	-1.35205638E-07	-5.83063860E-09
MERC_POS	5914754.173	-255697.465	51.985
MERC_COV	+1.49910827E-06	+7.61673942E-07	+1.13871336E-05	+1.58104597E-07	-1.35205638E-07	-5.83063860E-09
VERT_I95	0.007
HORI_I95	0.003
3D___I95	0.007

GEOD_SYS	ETRF2000	2019.000000000	(RGF93_v2b)
GEOC_POS	4352252.835	-174574.496	4643639.560
GEOC_COV	+6.21100000E-06	+7.80000000E-07	+6.65700000E-06	-3.38000000E-07	+4.94100000E-06	-9.50000000E-08
GEOD_POS	47.024231071	-02.296976541	51.971
GEOD_COV	+1.31787922E-16	+1.21331599E-16	+1.13867786E-05	+1.86544639E-17	-7.85246645E-14	-1.21911375E-12
UTM__30N	5208096.633	553423.502	51.971
UTM__COV	+1.49956911E-06	+7.61652305E-07	+1.13867786E-05	+1.57659313E-07	-1.35531583E-07	-5.96961970E-09
MERC_POS	5914753.288	-255698.259	51.971
MERC_COV	+1.49956911E-06	+7.61652305E-07	+1.13867786E-05	+1.57659313E-07	-1.35531583E-07	-5.96961970E-09
VERT_I95	0.007
HORI_I95	0.003
3D___I95	0.007

