SOFT_NAM	Gins
SOFT_VER	25.2
SOFT_TYP	IPPP

TIME_SYS	TAI

GEOD_SYS	ITRF2020	2022.053420504
GEOC_POS	4352252.421	-174573.934	4643639.983
GEOC_COV	+8.01042174E-06	+9.50492254E-07	+9.53020734E-06	-1.17225393E-06	+7.35901205E-06	-1.02393994E-06
GEOD_POS	47.024236539	-02.296969373	51.983
GEOD_COV	+1.50179302E-16	+1.12075262E-16	+1.62380108E-05	+1.79458594E-17	-1.49505952E-11	+1.75219880E-12
UTM__30N	5208097.245	553424.041	51.983
UTM__COV	+1.38516762E-06	+8.67942881E-07	+1.62380108E-05	+1.51670485E-07	+1.94795833E-07	-1.13657740E-06
MERC_POS	5914754.178	-255697.461	51.983
MERC_COV	+1.38516762E-06	+8.67942881E-07	+1.62380108E-05	+1.51670485E-07	+1.94795833E-07	-1.13657740E-06
VERT_I95	0.008
HORI_I95	0.003
3D___I95	0.009

GEOD_SYS	ETRF2000	2019.000000000	(RGF93_v2b)
GEOC_POS	4352252.831	-174574.493	4643639.560
GEOC_COV	+8.01000000E-06	+9.50000000E-07	+9.53000000E-06	-1.17200000E-06	+7.35900000E-06	-1.02400000E-06
GEOD_POS	47.024231103	-02.296976505	51.969
GEOD_COV	+1.50097598E-16	+1.12049097E-16	+1.62376849E-05	+1.79188058E-17	-1.49488643E-11	+1.75327018E-12
UTM__30N	5208096.636	553423.505	51.969
UTM__COV	+1.38484423E-06	+8.67470855E-07	+1.62376849E-05	+1.51441855E-07	+1.94914940E-07	-1.13644592E-06
MERC_POS	5914753.293	-255698.255	51.969
MERC_COV	+1.38484423E-06	+8.67470855E-07	+1.62376849E-05	+1.51441855E-07	+1.94914940E-07	-1.13644592E-06
VERT_I95	0.008
HORI_I95	0.003
3D___I95	0.009

