SOFT_NAM	Gins
SOFT_VER	25.2
SOFT_TYP	IPPP

TIME_SYS	TAI

GEOD_SYS	ITRF2020	2022.047941051
GEOC_POS	4352252.416	-174573.934	4643639.980
GEOC_COV	+2.52531793E-06	+3.09311193E-07	+2.67827258E-06	-1.87180537E-07	+2.09177280E-06	-1.42128886E-07
GEOD_POS	47.024236554	-02.296969373	51.977
GEOD_COV	+5.15416881E-17	+4.14229275E-17	+4.70306598E-06	+3.77690371E-18	-1.43720128E-12	-6.96027440E-13
UTM__30N	5208097.247	553424.041	51.977
UTM__COV	+5.11956848E-07	+2.97878872E-07	+4.70306598E-06	+3.19207236E-08	-7.73789167E-08	-1.09259228E-07
MERC_POS	5914754.180	-255697.461	51.977
MERC_COV	+5.11956848E-07	+2.97878872E-07	+4.70306598E-06	+3.19207236E-08	-7.73789167E-08	-1.09259228E-07
VERT_I95	0.004
HORI_I95	0.002
3D___I95	0.005

GEOD_SYS	ETRF2000	2019.000000000	(RGF93_v2b)
GEOC_POS	4352252.826	-174574.493	4643639.557
GEOC_COV	+2.52500000E-06	+3.09000000E-07	+2.67800000E-06	-1.87000000E-07	+2.09200000E-06	-1.42000000E-07
GEOD_POS	47.024231118	-02.296976503	51.963
GEOD_COV	+5.14903284E-17	+4.13803767E-17	+4.70298695E-06	+3.77246553E-18	-1.43425787E-12	-6.95896603E-13
UTM__30N	5208096.638	553423.505	51.963
UTM__COV	+5.11430948E-07	+2.97582104E-07	+4.70298695E-06	+3.18832171E-08	-7.73643710E-08	-1.09035474E-07
MERC_POS	5914753.296	-255698.255	51.963
MERC_COV	+5.11430948E-07	+2.97582104E-07	+4.70298695E-06	+3.18832171E-08	-7.73643710E-08	-1.09035474E-07
VERT_I95	0.004
HORI_I95	0.002
3D___I95	0.005

