SOFT_NAM	Gins
SOFT_VER	25.2
SOFT_TYP	IPPP

TIME_SYS	TAI

GEOD_SYS	ITRF2020	2023.842461599
GEOC_POS	-5038585.460	-3467922.130	-1801377.836
GEOC_COV	+3.10938564E-05	+1.19159664E-05	+5.24751225E-06	+1.64954047E-05	+1.01319417E-05	+6.07363638E-06
GEOD_POS	-16.514412614	-145.461414746	2.137
GEOD_COV	+2.34525660E-16	+1.35281110E-16	+4.39277431E-05	-1.36122654E-17	-2.95086500E-11	-2.90479688E-12
UTM__06S	8173534.980	664204.542	2.137
UTM__COV	+1.65672567E-06	+2.67286633E-06	+4.39277431E-05	-1.60816485E-07	-3.21456707E-07	-3.15023373E-06
MERC_POS	-1852232.966	-16192690.620	2.137
MERC_COV	+1.65672567E-06	+2.67286633E-06	+4.39277431E-05	-1.60816485E-07	-3.21456707E-07	-3.15023373E-06
VERT_I95	0.013
HORI_I95	0.004
3D___I95	0.014

GEOD_SYS	ITRF1992	1993.000000000	(RGPF)
GEOC_POS	-5038584.060	-3467923.633	-1801378.834
GEOC_COV	+3.10940000E-05	+1.19160000E-05	+5.24800000E-06	+1.64950000E-05	+1.01320000E-05	+6.07400000E-06
GEOD_POS	-16.514422028	-145.461395716	2.132
GEOD_COV	+2.34565081E-16	+1.35304616E-16	+4.39276711E-05	-1.36386333E-17	-2.95098239E-11	-2.90852843E-12
UTM__06S	8173533.923	664206.565	2.132
UTM__COV	+1.65701354E-06	+2.67331534E-06	+4.39276711E-05	-1.61127990E-07	-3.21869655E-07	-3.15035890E-06
MERC_POS	-1852234.052	-16192688.501	2.132
MERC_COV	+1.65701354E-06	+2.67331534E-06	+4.39276711E-05	-1.61127990E-07	-3.21869655E-07	-3.15035890E-06
VERT_I95	0.013
HORI_I95	0.004
3D___I95	0.014

