SOFT_NAM	Gins
SOFT_VER	25.2
SOFT_TYP	IPPP

TIME_SYS	TAI

GEOD_SYS	ITRF2020	2023.845201325
GEOC_POS	-5038585.455	-3467922.124	-1801377.835
GEOC_COV	+4.60194412E-05	+1.94268638E-05	+9.63394509E-06	+2.61635619E-05	+1.68148395E-05	+1.05967044E-05
GEOD_POS	-16.514412626	-145.461414771	2.130
GEOD_COV	+3.10305030E-16	+2.47705307E-16	+6.85102004E-05	-8.73992917E-18	-2.97690704E-11	-2.17143577E-11
UTM__06S	8173534.979	664204.539	2.130
UTM__COV	+3.03353321E-06	+3.53651649E-06	+6.85102004E-05	-1.03254282E-07	-2.40299966E-06	-3.17803524E-06
MERC_POS	-1852232.967	-16192690.622	2.130
MERC_COV	+3.03353321E-06	+3.53651649E-06	+6.85102004E-05	-1.03254282E-07	-2.40299966E-06	-3.17803524E-06
VERT_I95	0.017
HORI_I95	0.005
3D___I95	0.017

GEOD_SYS	ITRF1992	1993.000000000	(RGPF)
GEOC_POS	-5038584.056	-3467923.627	-1801378.833
GEOC_COV	+4.60190000E-05	+1.94270000E-05	+9.63400000E-06	+2.61640000E-05	+1.68150000E-05	+1.05970000E-05
GEOD_POS	-16.514422041	-145.461395739	2.125
GEOD_COV	+3.10264993E-16	+2.47697035E-16	+6.85105083E-05	-8.74202751E-18	-2.97650307E-11	-2.17162913E-11
UTM__06S	8173533.922	664206.563	2.125
UTM__COV	+3.03343191E-06	+3.53605984E-06	+6.85105083E-05	-1.03279067E-07	-2.40321364E-06	-3.17760382E-06
MERC_POS	-1852234.053	-16192688.504	2.125
MERC_COV	+3.03343191E-06	+3.53605984E-06	+6.85105083E-05	-1.03279067E-07	-2.40321364E-06	-3.17760382E-06
VERT_I95	0.017
HORI_I95	0.005
3D___I95	0.017

