SOFT_NAM	Gins
SOFT_VER	25.2
SOFT_TYP	IPPP

TIME_SYS	TAI

GEOD_SYS	ITRF2020	2022.313694476
GEOC_POS	-5342673.084	-2961942.583	-1827832.073
GEOC_COV	+1.76278632E-05	+8.39424650E-06	+2.78836020E-06	+8.79260842E-06	+4.76068323E-06	+3.03918169E-06
GEOD_POS	-16.763888251	-150.996304149	8.974
GEOD_COV	+2.73399770E-16	+1.10145913E-16	+2.43536274E-05	-1.02232929E-17	+7.61712216E-12	+7.76090912E-12
UTM__05S	8145487.045	713581.670	8.974
UTM__COV	+1.34897412E-06	+3.10786842E-06	+2.43536274E-05	-1.20625925E-07	+8.58875497E-07	+8.12125524E-07
MERC_POS	-1881039.961	-16808831.690	8.974
MERC_COV	+1.34897412E-06	+3.10786842E-06	+2.43536274E-05	-1.20625925E-07	+8.58875497E-07	+8.12125524E-07
VERT_I95	0.010
HORI_I95	0.004
3D___I95	0.011

GEOD_SYS	ITRF1992	1993.000000000	(RGPF)
GEOC_POS	-5342671.905	-2961944.102	-1827833.037
GEOC_COV	+1.76280000E-05	+8.39400000E-06	+2.78800000E-06	+8.79300000E-06	+4.76100000E-06	+3.03900000E-06
GEOD_POS	-16.763897363	-150.996286323	8.969
GEOD_COV	+2.73356783E-16	+1.10113021E-16	+2.43540492E-05	-1.01968335E-17	+7.61662072E-12	+7.76136341E-12
UTM__05S	8145486.017	713583.561	8.969
UTM__COV	+1.34857128E-06	+3.10737946E-06	+2.43540492E-05	-1.20313722E-07	+8.58925772E-07	+8.12072022E-07
MERC_POS	-1881041.013	-16808829.705	8.969
MERC_COV	+1.34857128E-06	+3.10737946E-06	+2.43540492E-05	-1.20313722E-07	+8.58925772E-07	+8.12072022E-07
VERT_I95	0.010
HORI_I95	0.004
3D___I95	0.011

