SOFT_NAM	Gins
SOFT_VER	25.2
SOFT_TYP	IPPP

TIME_SYS	TAI

GEOD_SYS	ITRF2020	2022.319173928
GEOC_POS	-5342673.097	-2961942.589	-1827832.080
GEOC_COV	+9.52453377E-06	+3.41742970E-06	+1.59609561E-06	+4.69097639E-06	+2.94670945E-06	+1.55629812E-06
GEOD_POS	-16.763888278	-150.996304160	8.989
GEOD_COV	+7.69462491E-17	+5.11904958E-17	+1.30364356E-05	+2.93583981E-18	-1.12093738E-12	+1.03393121E-12
UTM__05S	8145487.042	713581.669	8.989
UTM__COV	+6.26937962E-07	+8.74685515E-07	+1.30364356E-05	+3.46403452E-08	+1.14421928E-07	-1.19512572E-07
MERC_POS	-1881039.964	-16808831.691	8.989
MERC_COV	+6.26937962E-07	+8.74685515E-07	+1.30364356E-05	+3.46403452E-08	+1.14421928E-07	-1.19512572E-07
VERT_I95	0.007
HORI_I95	0.002
3D___I95	0.008

GEOD_SYS	ITRF1992	1993.000000000	(RGPF)
GEOC_POS	-5342671.917	-2961944.108	-1827833.044
GEOC_COV	+9.52500000E-06	+3.41700000E-06	+1.59600000E-06	+4.69100000E-06	+2.94700000E-06	+1.55600000E-06
GEOD_POS	-16.763897392	-150.996286331	8.985
GEOD_COV	+7.69252293E-17	+5.11802729E-17	+1.30367408E-05	+2.95944646E-18	-1.12535768E-12	+1.03405016E-12
UTM__05S	8145486.014	713583.560	8.985
UTM__COV	+6.26812761E-07	+8.74446488E-07	+1.30367408E-05	+3.49188814E-08	+1.14435092E-07	-1.19983851E-07
MERC_POS	-1881041.017	-16808829.706	8.985
MERC_COV	+6.26812761E-07	+8.74446488E-07	+1.30367408E-05	+3.49188814E-08	+1.14435092E-07	-1.19983851E-07
VERT_I95	0.007
HORI_I95	0.002
3D___I95	0.008

