SOFT_NAM	Gins
SOFT_VER	25.2
SOFT_TYP	IPPP

TIME_SYS	TAI

GEOD_SYS	ITRF2020	2022.316434202
GEOC_POS	-5342673.090	-2961942.596	-1827832.079
GEOC_COV	+4.91601576E-06	+1.60612748E-06	+7.61501596E-07	+2.31932961E-06	+1.47309910E-06	+7.52342895E-07
GEOD_POS	-16.763888274	-150.996304075	8.986
GEOD_COV	+3.67015408E-17	+2.39181469E-17	+6.57351127E-06	+2.93423672E-19	-1.72186230E-12	+8.82034043E-13
UTM__05S	8145487.042	713581.678	8.986
UTM__COV	+2.92929264E-07	+4.17204301E-07	+6.57351127E-06	+3.46214301E-09	+9.76119443E-08	-1.83582237E-07
MERC_POS	-1881039.963	-16808831.681	8.986
MERC_COV	+2.92929264E-07	+4.17204301E-07	+6.57351127E-06	+3.46214301E-09	+9.76119443E-08	-1.83582237E-07
VERT_I95	0.005
HORI_I95	0.002
3D___I95	0.005

GEOD_SYS	ITRF1992	1993.000000000	(RGPF)
GEOC_POS	-5342671.911	-2961944.115	-1827833.043
GEOC_COV	+4.91600000E-06	+1.60600000E-06	+7.62000000E-07	+2.31900000E-06	+1.47300000E-06	+7.52000000E-07
GEOD_POS	-16.763897387	-150.996286249	8.982
GEOD_COV	+3.67172421E-17	+2.39646824E-17	+6.57311806E-06	+3.08429622E-19	-1.72455471E-12	+8.81901937E-13
UTM__05S	8145486.015	713583.569	8.982
UTM__COV	+2.93499192E-07	+4.17382745E-07	+6.57311806E-06	+3.63919994E-09	+9.75973245E-08	-1.83869289E-07
MERC_POS	-1881041.016	-16808829.697	8.982
MERC_COV	+2.93499192E-07	+4.17382745E-07	+6.57311806E-06	+3.63919994E-09	+9.75973245E-08	-1.83869289E-07
VERT_I95	0.005
HORI_I95	0.002
3D___I95	0.005

