SOFT_NAM	Gins
SOFT_VER	22.1
SOFT_TYP	PPP

TIME_SYS	TAI

GEOD_SYS	ITRF2020	2023.152041128
GEOC_POS	-4711777.053	-3819958.160	-1965105.009
GEOC_COV	+2.02978227E-04	+1.48769199E-04	+3.94607935E-05	+1.28010383E-04	+7.40062333E-05	+6.03788057E-05
GEOD_POS	-18.063866768	-140.967433774	-3.531
GEOD_COV	+4.01732955E-15	+7.22024673E-16	+3.37337916E-04	-2.51736516E-17	+4.50659306E-13	+1.48347775E-11
UTM__07S	8002748.160	503446.303	-3.531
UTM__COV	+8.84501619E-06	+4.50252870E-05	+3.37337916E-04	-2.94970802E-07	+1.64192885E-06	+4.77098289E-08
MERC_POS	-2031782.988	-15692422.946	-3.531
MERC_COV	+8.84501619E-06	+4.50252870E-05	+3.37337916E-04	-2.94970802E-07	+1.64192885E-06	+4.77098289E-08
VERT_I95	0.037
HORI_I95	0.015
3D___I95	0.040

GEOD_SYS	ITRF1992	1993.000000000	(RGPF)
GEOC_POS	-4711775.533	-3819959.526	-1965105.978
GEOC_COV	+2.02978000E-04	+1.48769000E-04	+3.94610000E-05	+1.28010000E-04	+7.40060000E-05	+6.03790000E-05
GEOD_POS	-18.063875984	-140.967414714	-3.535
GEOD_COV	+4.01734462E-15	+7.22038148E-16	+3.37337368E-04	-2.51992808E-17	+4.50067918E-13	+1.48335616E-11
UTM__07S	8002747.140	503448.320	-3.535
UTM__COV	+8.84518127E-06	+4.50254512E-05	+3.37337368E-04	-2.95271096E-07	+1.64179427E-06	+4.76472181E-08
MERC_POS	-2031784.061	-15692420.824	-3.535
MERC_COV	+8.84518127E-06	+4.50254512E-05	+3.37337368E-04	-2.95271096E-07	+1.64179427E-06	+4.76472181E-08
VERT_I95	0.037
HORI_I95	0.015
3D___I95	0.040

