SOFT_NAM	Gins
SOFT_VER	25.2
SOFT_TYP	IPPP

TIME_SYS	TAI

GEOD_SYS	ITRF2020	2024.064203508
GEOC_POS	-5079255.459	-3440582.476	-1738917.302
GEOC_COV	+1.66791513E-05	+9.60538458E-06	+3.56847810E-06	+1.09804086E-05	+5.78031277E-06	+4.16284080E-06
GEOD_POS	-15.926580023	-145.887100414	1.936
GEOD_COV	+1.42460844E-16	+1.14188199E-16	+2.68214850E-05	+1.64223002E-18	+7.60759306E-12	-4.38185782E-12
UTM__06S	8238868.420	619120.665	1.936
UTM__COV	+1.39825575E-06	+1.63327317E-06	+2.68214850E-05	+1.94580063E-08	-4.84887487E-07	+8.14570976E-07
MERC_POS	-1784503.442	-16240077.731	1.936
MERC_COV	+1.39825575E-06	+1.63327317E-06	+2.68214850E-05	+1.94580063E-08	-4.84887487E-07	+8.14570976E-07
VERT_I95	0.010
HORI_I95	0.003
3D___I95	0.011

GEOD_SYS	ITRF1992	1993.000000000	(RGPF)
GEOC_POS	-5079254.068	-3440584.007	-1738918.311
GEOC_COV	+1.66790000E-05	+9.60500000E-06	+3.56800000E-06	+1.09800000E-05	+5.78000000E-06	+4.16300000E-06
GEOD_POS	-15.926589519	-145.887081288	1.931
GEOD_COV	+1.42466765E-16	+1.14155679E-16	+2.68208016E-05	+1.61130413E-18	+7.60597141E-12	-4.38081713E-12
UTM__06S	8238867.359	619122.707	1.931
UTM__COV	+1.39785753E-06	+1.63334090E-06	+2.68208016E-05	+1.90915792E-08	-4.84772326E-07	+8.14397301E-07
MERC_POS	-1784504.534	-16240075.602	1.931
MERC_COV	+1.39785753E-06	+1.63334090E-06	+2.68208016E-05	+1.90915792E-08	-4.84772326E-07	+8.14397301E-07
VERT_I95	0.010
HORI_I95	0.003
3D___I95	0.011

