SOFT_NAM	Gins
SOFT_VER	25.2
SOFT_TYP	IPPP

TIME_SYS	TAI

GEOD_SYS	ITRF2020	2024.061471267
GEOC_POS	-5079255.486	-3440582.494	-1738917.314
GEOC_COV	+1.78858305E-05	+1.06442376E-05	+3.39357190E-06	+1.20791911E-05	+5.93231398E-06	+4.38307248E-06
GEOD_POS	-15.926580047	-145.887100412	1.970
GEOD_COV	+1.48675641E-16	+1.03603314E-16	+2.89504740E-05	+1.39731510E-18	+1.08171168E-11	-6.94107296E-13
UTM__06S	8238868.418	619120.665	1.970
UTM__COV	+1.26864187E-06	+1.70452408E-06	+2.89504740E-05	+1.65561255E-08	-7.68085040E-08	+1.15822565E-06
MERC_POS	-1784503.444	-16240077.731	1.970
MERC_COV	+1.26864187E-06	+1.70452408E-06	+2.89504740E-05	+1.65561255E-08	-7.68085040E-08	+1.15822565E-06
VERT_I95	0.011
HORI_I95	0.003
3D___I95	0.011

GEOD_SYS	ITRF1992	1993.000000000	(RGPF)
GEOC_POS	-5079254.095	-3440584.025	-1738918.323
GEOC_COV	+1.78860000E-05	+1.06440000E-05	+3.39400000E-06	+1.20790000E-05	+5.93200000E-06	+4.38300000E-06
GEOD_POS	-15.926589543	-145.887081289	1.965
GEOD_COV	+1.48681519E-16	+1.03647759E-16	+2.89502226E-05	+1.38189667E-18	+1.08149989E-11	-6.93102641E-13
UTM__06S	8238867.356	619122.707	1.965
UTM__COV	+1.26918611E-06	+1.70459130E-06	+2.89502226E-05	+1.63734390E-08	-7.66973310E-08	+1.15799883E-06
MERC_POS	-1784504.537	-16240075.602	1.965
MERC_COV	+1.26918611E-06	+1.70459130E-06	+2.89502226E-05	+1.63734390E-08	-7.66973310E-08	+1.15799883E-06
VERT_I95	0.011
HORI_I95	0.003
3D___I95	0.011

