SOFT_NAM	Gins
SOFT_VER	21.2
SOFT_TYP	PPP

TIME_SYS	TAI

GEOD_SYS	ITRF2014	2022.228753456
GEOC_POS	-4824629.727	-4041667.649	-1030249.641
GEOC_COV	+2.48203798E-05	+2.08457321E-05	+1.84824040E-06	+1.45977098E-05	+4.89328259E-06	+4.54756224E-06
GEOD_POS	-9.357981116	-140.046565939	5.135
GEOD_COV	+6.72353329E-16	+5.32642781E-17	+3.87497790E-05	-1.98615585E-17	+5.91311917E-12	-5.33528188E-12
UTM__07S	8965428.388	604695.288	5.135
UTM__COV	+6.51591759E-07	+8.11298146E-06	+3.87497790E-05	-2.41309575E-07	-5.90102070E-07	+6.49543279E-07
MERC_POS	-1039445.163	-15589912.408	5.135
MERC_COV	+6.51591759E-07	+8.11298146E-06	+3.87497790E-05	-2.41309575E-07	-5.90102070E-07	+6.49543279E-07
VERT_I95	0.012
HORI_I95	0.006
3D___I95	0.014

GEOD_SYS	ITRF1992	1993.000000000	(RGPF)
GEOC_POS	-4824628.325	-4041669.064	-1030250.607
GEOC_COV	+2.48200000E-05	+2.08460000E-05	+1.84800000E-06	+1.45980000E-05	+4.89300000E-06	+4.54800000E-06
GEOD_POS	-9.357989975	-140.046547864	5.129
GEOD_COV	+6.72329727E-16	+5.32438116E-17	+3.87499624E-05	-1.98985467E-17	+5.91711908E-12	-5.33518156E-12
UTM__07S	8965427.403	604697.270	5.129
UTM__COV	+6.51341387E-07	+8.11269624E-06	+3.87499624E-05	-2.41758959E-07	-5.90090974E-07	+6.49982644E-07
MERC_POS	-1039446.156	-15589910.396	5.129
MERC_COV	+6.51341387E-07	+8.11269624E-06	+3.87499624E-05	-2.41758959E-07	-5.90090974E-07	+6.49982644E-07
VERT_I95	0.012
HORI_I95	0.006
3D___I95	0.014

