SOFT_NAM	Gins
SOFT_VER	21.2
SOFT_TYP	PPP

TIME_SYS	TAI

GEOD_SYS	ITRF2014	2022.231493182
GEOC_POS	-4824629.727	-4041667.646	-1030249.646
GEOC_COV	+1.94703476E-05	+1.47493309E-05	+1.46302219E-06	+1.07348807E-05	+3.90015148E-06	+3.12553145E-06
GEOD_POS	-9.357981154	-140.046565958	5.135
GEOD_COV	+5.07801826E-16	+4.60811545E-17	+2.89915681E-05	+2.89573029E-18	-4.13729160E-12	-4.16125467E-12
UTM__07S	8965428.384	604695.286	5.135
UTM__COV	+5.63719280E-07	+6.12741340E-06	+2.89915681E-05	+3.51819040E-08	-4.60250283E-07	-4.54472483E-07
MERC_POS	-1039445.167	-15589912.410	5.135
MERC_COV	+5.63719280E-07	+6.12741340E-06	+2.89915681E-05	+3.51819040E-08	-4.60250283E-07	-4.54472483E-07
VERT_I95	0.011
HORI_I95	0.005
3D___I95	0.012

GEOD_SYS	ITRF1992	1993.000000000	(RGPF)
GEOC_POS	-4824628.325	-4041669.062	-1030250.611
GEOC_COV	+1.94700000E-05	+1.47490000E-05	+1.46300000E-06	+1.07350000E-05	+3.90000000E-06	+3.12600000E-06
GEOD_POS	-9.357990014	-140.046547881	5.128
GEOD_COV	+5.07764151E-16	+4.60740478E-17	+2.89914092E-05	+2.85908070E-18	-4.13641918E-12	-4.16308898E-12
UTM__07S	8965427.399	604697.268	5.128
UTM__COV	+5.63632342E-07	+6.12695847E-06	+2.89914092E-05	+3.47366260E-08	-4.60453164E-07	-4.54376638E-07
MERC_POS	-1039446.160	-15589910.398	5.128
MERC_COV	+5.63632342E-07	+6.12695847E-06	+2.89914092E-05	+3.47366260E-08	-4.60453164E-07	-4.54376638E-07
VERT_I95	0.011
HORI_I95	0.005
3D___I95	0.012

