SOFT_NAM	Gins
SOFT_VER	22.1
SOFT_TYP	PPP

TIME_SYS	TAI

GEOD_SYS	ITRF2020	2023.527383593
GEOC_POS	-5747690.596	1280573.271	-2442434.546
GEOC_COV	+1.14785956E-05	+3.19450269E-06	+2.33354820E-06	-1.57288077E-06	+4.64996144E-06	-9.11472456E-07
GEOD_POS	-22.663828753	167.439765578	68.511
GEOD_COV	+2.76302618E-16	+2.96601504E-17	+1.37243651E-05	+1.46229682E-18	+3.45707321E-12	+1.76469931E-13
UTM__58S	7491635.943	750699.410	68.511
UTM__COV	+3.63736238E-07	+2.91854513E-06	+1.37243651E-05	+1.66430475E-08	+1.95423743E-08	+3.55303335E-07
MERC_POS	-2574956.847	18639309.443	68.511
MERC_COV	+3.63736238E-07	+2.91854513E-06	+1.37243651E-05	+1.66430475E-08	+1.95423743E-08	+3.55303335E-07
VERT_I95	0.007
HORI_I95	0.004
3D___I95	0.008

GEOD_SYS	ITRF1990	1989.000000000	(RGNC91-93)
GEOC_POS	-5747689.840	1280573.853	-2442436.039
GEOC_COV	+1.14790000E-05	+3.19500000E-06	+2.33400000E-06	-1.57300000E-06	+4.65000000E-06	-9.11000000E-07
GEOD_POS	-22.663843318	167.439758449	68.522
GEOD_COV	+2.76344557E-16	+2.97008596E-17	+1.37247770E-05	+1.41990310E-18	+3.45769963E-12	+1.76938157E-13
UTM__58S	7491634.342	750698.650	68.522
UTM__COV	+3.64235477E-07	+2.91898752E-06	+1.37247770E-05	+1.61605442E-08	+1.95942260E-08	+3.55367678E-07
MERC_POS	-2574958.594	18639308.649	68.522
MERC_COV	+3.64235477E-07	+2.91898752E-06	+1.37247770E-05	+1.61605442E-08	+1.95942260E-08	+3.55367678E-07
VERT_I95	0.007
HORI_I95	0.004
3D___I95	0.008

GEOD_SYS	ITRF2005	2007.274000000	(RGTAAF)
GEOC_POS	-5747690.248	1280573.532	-2442435.237
GEOC_COV	+1.14790000E-05	+3.19500000E-06	+2.33400000E-06	-1.57300000E-06	+4.65000000E-06	-9.11000000E-07
GEOD_POS	-22.663835495	167.439762362	68.516
GEOD_COV	+2.76344522E-16	+2.97008593E-17	+1.37247771E-05	+1.41990455E-18	+3.45769283E-12	+1.76921777E-13
UTM__58S	7491635.202	750699.067	68.516
UTM__COV	+3.64235472E-07	+2.91898748E-06	+1.37247771E-05	+1.61605616E-08	+1.95924120E-08	+3.55366999E-07
MERC_POS	-2574957.656	18639309.085	68.516
MERC_COV	+3.64235472E-07	+2.91898748E-06	+1.37247771E-05	+1.61605616E-08	+1.95924120E-08	+3.55366999E-07
VERT_I95	0.007
HORI_I95	0.004
3D___I95	0.008

