SOFT_NAM	Gins
SOFT_VER	22.1
SOFT_TYP	PPP

TIME_SYS	TAI

GEOD_SYS	ITRF2020	2023.521904141
GEOC_POS	-5747690.575	1280573.272	-2442434.542
GEOC_COV	+1.52741381E-04	+1.01166203E-04	+5.00415037E-05	-1.20517104E-05	+7.17929398E-05	+3.08729676E-06
GEOD_POS	-22.663828787	167.439765527	68.491
GEOD_COV	+9.32409064E-15	+1.33174572E-15	+1.89128232E-04	-1.50894258E-15	+7.01513226E-11	-1.02268872E-10
UTM__58S	7491635.939	750699.404	68.491
UTM__COV	+1.63318179E-05	+9.84890384E-05	+1.89128232E-04	-1.71739435E-05	-1.13253094E-05	+7.20985563E-06
MERC_POS	-2574956.851	18639309.437	68.491
MERC_COV	+1.63318179E-05	+9.84890384E-05	+1.89128232E-04	-1.71739435E-05	-1.13253094E-05	+7.20985563E-06
VERT_I95	0.028
HORI_I95	0.021
3D___I95	0.035

GEOD_SYS	ITRF1990	1989.000000000	(RGNC91-93)
GEOC_POS	-5747689.819	1280573.854	-2442436.034
GEOC_COV	+1.52741000E-04	+1.01166000E-04	+5.00420000E-05	-1.20520000E-05	+7.17930000E-05	+3.08700000E-06
GEOD_POS	-22.663843350	167.439758399	68.502
GEOD_COV	+9.32406091E-15	+1.33176967E-15	+1.89128184E-04	-1.50893076E-15	+7.01477372E-11	-1.02271639E-10
UTM__58S	7491634.338	750698.645	68.502
UTM__COV	+1.63321117E-05	+9.84887039E-05	+1.89128184E-04	-1.71738072E-05	-1.13256159E-05	+7.20948639E-06
MERC_POS	-2574958.598	18639308.644	68.502
MERC_COV	+1.63321117E-05	+9.84887039E-05	+1.89128184E-04	-1.71738072E-05	-1.13256159E-05	+7.20948639E-06
VERT_I95	0.028
HORI_I95	0.021
3D___I95	0.035

GEOD_SYS	ITRF2005	2007.274000000	(RGTAAF)
GEOC_POS	-5747690.227	1280573.533	-2442435.232
GEOC_COV	+1.52741000E-04	+1.01166000E-04	+5.00420000E-05	-1.20520000E-05	+7.17930000E-05	+3.08700000E-06
GEOD_POS	-22.663835526	167.439762312	68.496
GEOD_COV	+9.32405987E-15	+1.33176985E-15	+1.89128182E-04	-1.50893052E-15	+7.01476578E-11	-1.02271860E-10
UTM__58S	7491635.198	750699.062	68.496
UTM__COV	+1.63321139E-05	+9.84887039E-05	+1.89128182E-04	-1.71738054E-05	-1.13256403E-05	+7.20947863E-06
MERC_POS	-2574957.659	18639309.079	68.496
MERC_COV	+1.63321139E-05	+9.84887039E-05	+1.89128182E-04	-1.71738054E-05	-1.13256403E-05	+7.20947863E-06
VERT_I95	0.028
HORI_I95	0.021
3D___I95	0.035

