SOFT_NAM	Gins
SOFT_VER	25.2
SOFT_TYP	IPPP

TIME_SYS	TAI

GEOD_SYS	ITRF2020	2025.286297216
GEOC_POS	-5814045.594	1312523.279	-2262990.511
GEOC_COV	+2.83435477E-05	+3.79903893E-06	+6.15648084E-06	-5.41080584E-06	+1.07961390E-05	-2.44065259E-06
GEOD_POS	-20.918480882	167.278698563	66.746
GEOD_COV	+2.46237576E-16	+1.42477858E-16	+3.38878019E-05	+1.22423803E-17	+3.45630930E-12	-4.23389369E-12
UTM__58S	7685190.993	736997.653	66.746
UTM__COV	+1.74653404E-06	+2.66473153E-06	+3.38878019E-05	+1.41003623E-07	-4.68764578E-07	+3.59552379E-07
MERC_POS	-2366911.868	18621379.545	66.746
MERC_COV	+1.74653404E-06	+2.66473153E-06	+3.38878019E-05	+1.41003623E-07	-4.68764578E-07	+3.59552379E-07
VERT_I95	0.012
HORI_I95	0.004
3D___I95	0.012

GEOD_SYS	ITRF1990	1989.000000000	(RGNC91-93)
GEOC_POS	-5814044.832	1312523.968	-2262992.088
GEOC_COV	+2.83440000E-05	+3.79900000E-06	+6.15600000E-06	-5.41100000E-06	+1.07960000E-05	-2.44100000E-06
GEOD_POS	-20.918496091	167.278690483	66.757
GEOD_COV	+2.46228531E-16	+1.42452148E-16	+3.38881480E-05	+1.22701825E-17	+3.45445358E-12	-4.23042903E-12
UTM__58S	7685189.321	736996.788	66.757
UTM__COV	+1.74621889E-06	+2.66463312E-06	+3.38881480E-05	+1.41323826E-07	-4.68380982E-07	+3.59359297E-07
MERC_POS	-2366913.670	18621378.645	66.757
MERC_COV	+1.74621889E-06	+2.66463312E-06	+3.38881480E-05	+1.41323826E-07	-4.68380982E-07	+3.59359297E-07
VERT_I95	0.012
HORI_I95	0.004
3D___I95	0.012

