SOFT_NAM	Gins
SOFT_VER	25.2
SOFT_TYP	IPPP

TIME_SYS	TAI

GEOD_SYS	ITRF2020	2025.283557490
GEOC_POS	-5814045.571	1312523.304	-2262990.491
GEOC_COV	+2.28056331E-05	+2.90066989E-06	+4.89499769E-06	-4.86265355E-06	+8.62694364E-06	-2.02535096E-06
GEOD_POS	-20.918480767	167.278698272	66.723
GEOD_COV	+1.64193878E-16	+1.15100101E-16	+2.74134992E-05	+2.57853897E-18	-1.29673271E-12	-2.29298753E-12
UTM__58S	7685191.007	736997.623	66.723
UTM__COV	+1.41092971E-06	+1.77687179E-06	+2.74134992E-05	+2.96987453E-08	-2.53873008E-07	-1.34896298E-07
MERC_POS	-2366911.854	18621379.512	66.723
MERC_COV	+1.41092971E-06	+1.77687179E-06	+2.74134992E-05	+2.96987453E-08	-2.53873008E-07	-1.34896298E-07
VERT_I95	0.010
HORI_I95	0.004
3D___I95	0.011

GEOD_SYS	ITRF1990	1989.000000000	(RGNC91-93)
GEOC_POS	-5814044.808	1312523.994	-2262992.068
GEOC_COV	+2.28060000E-05	+2.90100000E-06	+4.89500000E-06	-4.86300000E-06	+8.62700000E-06	-2.02500000E-06
GEOD_POS	-20.918495975	167.278690193	66.733
GEOD_COV	+1.64210823E-16	+1.15106812E-16	+2.74139332E-05	+2.54030728E-18	-1.29822122E-12	-2.29123399E-12
UTM__58S	7685189.335	736996.758	66.733
UTM__COV	+1.41101198E-06	+1.77705481E-06	+2.74139332E-05	+2.92584027E-08	-2.53678862E-07	-1.35051131E-07
MERC_POS	-2366913.656	18621378.613	66.733
MERC_COV	+1.41101198E-06	+1.77705481E-06	+2.74139332E-05	+2.92584027E-08	-2.53678862E-07	-1.35051131E-07
VERT_I95	0.010
HORI_I95	0.004
3D___I95	0.011

