SOFT_NAM	Gins
SOFT_VER	25.2
SOFT_TYP	IPPP

TIME_SYS	TAI

GEOD_SYS	ITRF2020	2019.601365709
GEOC_POS	-6178749.619	-198466.541	-1564756.000
GEOC_COV	+1.50366746E-05	+1.23042957E-06	+1.78191595E-06	+1.88078073E-07	+3.81695397E-06	+9.09812805E-08
GEOD_POS	-14.296047017	-178.160244791	52.274
GEOD_COV	+1.05880179E-16	+6.23157956E-17	+1.60535696E-05	-2.71569142E-18	-2.36543128E-12	-1.63731212E-12
UTM__01S	8419219.052	374858.763	52.274
UTM__COV	+7.62861066E-07	+1.23258945E-06	+1.60535696E-05	-3.24194739E-08	-1.81157004E-07	-2.55218543E-07
MERC_POS	-1597658.433	-19832707.730	52.274
MERC_COV	+7.62861066E-07	+1.23258945E-06	+1.60535696E-05	-3.24194739E-08	-1.81157004E-07	-2.55218543E-07
VERT_I95	0.008
HORI_I95	0.003
3D___I95	0.008

GEOD_SYS	ITRF1994	1993.000000000	(RGWF)
GEOC_POS	-6178749.362	-198468.164	-1564756.835
GEOC_COV	+1.50370000E-05	+1.23000000E-06	+1.78200000E-06	+1.88000000E-07	+3.81700000E-06	+9.10000000E-08
GEOD_POS	-14.296054793	-178.160229675	52.282
GEOD_COV	+1.05843795E-16	+6.23220079E-17	+1.60538971E-05	-2.71919945E-18	-2.36634420E-12	-1.63715404E-12
UTM__01S	8419218.200	374860.397	52.282
UTM__COV	+7.62937119E-07	+1.23216581E-06	+1.60538971E-05	-3.24613512E-08	-1.81139514E-07	-2.55317034E-07
MERC_POS	-1597659.320	-19832706.047	52.282
MERC_COV	+7.62937119E-07	+1.23216581E-06	+1.60538971E-05	-3.24613512E-08	-1.81139514E-07	-2.55317034E-07
VERT_I95	0.008
HORI_I95	0.003
3D___I95	0.008

