SOFT_NAM	Gins
SOFT_VER	25.2
SOFT_TYP	IPPP

TIME_SYS	TAI

GEOD_SYS	ITRF2020	2019.606845161
GEOC_POS	-6178749.632	-198466.534	-1564756.000
GEOC_COV	+4.00365516E-05	+3.12174647E-06	+4.14080520E-06	+1.56734681E-06	+8.31405640E-06	+1.92477549E-07
GEOD_POS	-14.296046993	-178.160244851	52.287
GEOD_COV	+2.62787884E-16	+1.92259155E-16	+4.18862854E-05	+1.39025686E-17	+3.23872648E-12	+1.17719127E-11
UTM__01S	8419219.055	374858.756	52.287
UTM__COV	+2.35360912E-06	+3.05920880E-06	+4.18862854E-05	+1.65966560E-07	+1.30247887E-06	+3.49442853E-07
MERC_POS	-1597658.430	-19832707.736	52.287
MERC_COV	+2.35360912E-06	+3.05920880E-06	+4.18862854E-05	+1.65966560E-07	+1.30247887E-06	+3.49442853E-07
VERT_I95	0.013
HORI_I95	0.005
3D___I95	0.014

GEOD_SYS	ITRF1994	1993.000000000	(RGWF)
GEOC_POS	-6178749.374	-198468.158	-1564756.836
GEOC_COV	+4.00370000E-05	+3.12200000E-06	+4.14100000E-06	+1.56700000E-06	+8.31400000E-06	+1.92000000E-07
GEOD_POS	-14.296054770	-178.160229732	52.294
GEOD_COV	+2.62811592E-16	+1.92279052E-16	+4.18866627E-05	+1.39338580E-17	+3.23438086E-12	+1.17730306E-11
UTM__01S	8419218.203	374860.391	52.294
UTM__COV	+2.35385270E-06	+3.05948459E-06	+4.18866627E-05	+1.66340082E-07	+1.30260256E-06	+3.48973970E-07
MERC_POS	-1597659.318	-19832706.053	52.294
MERC_COV	+2.35385270E-06	+3.05948459E-06	+4.18866627E-05	+1.66340082E-07	+1.30260256E-06	+3.48973970E-07
VERT_I95	0.013
HORI_I95	0.005
3D___I95	0.014

