SOFT_NAM	Gins
SOFT_VER	25.2
SOFT_TYP	IPPP

TIME_SYS	TAI

GEOD_SYS	ITRF2020	2024.897536841
GEOC_POS	-5236755.485	-3241705.235	-1652280.691
GEOC_COV	+2.87842246E-05	+1.36680876E-05	+5.33422691E-06	+1.66114038E-05	+9.14869997E-06	+5.85772187E-06
GEOD_POS	-15.113984861	-148.241277524	4.685
GEOD_COV	+2.58545608E-16	+1.78561470E-16	+4.26128901E-05	+6.66617944E-19	+6.17081036E-12	-7.17343762E-12
UTM__06S	8328689.939	366615.273	4.685
UTM__COV	+2.18619907E-06	+2.98744988E-06	+4.26128901E-05	+7.92884099E-09	-7.93740065E-07	+6.63321282E-07
MERC_POS	-1691205.310	-16502143.529	4.685
MERC_COV	+2.18619907E-06	+2.98744988E-06	+4.26128901E-05	+7.92884099E-09	-7.93740065E-07	+6.63321282E-07
VERT_I95	0.013
HORI_I95	0.005
3D___I95	0.014

GEOD_SYS	ITRF1992	1993.000000000	(RGPF)
GEOC_POS	-5236754.137	-3241706.865	-1652281.739
GEOC_COV	+2.87840000E-05	+1.36680000E-05	+5.33400000E-06	+1.66110000E-05	+9.14900000E-06	+5.85800000E-06
GEOD_POS	-15.113994685	-148.241258029	4.679
GEOD_COV	+2.58566015E-16	+1.78524622E-16	+4.26125667E-05	+6.57674336E-19	+6.16981411E-12	-7.17724021E-12
UTM__06S	8328688.864	366617.374	4.679
UTM__COV	+2.18574793E-06	+2.98768540E-06	+4.26125667E-05	+7.82246418E-09	-7.94160821E-07	+6.63214161E-07
MERC_POS	-1691206.436	-16502141.358	4.679
MERC_COV	+2.18574793E-06	+2.98768540E-06	+4.26125667E-05	+7.82246418E-09	-7.94160821E-07	+6.63214161E-07
VERT_I95	0.013
HORI_I95	0.005
3D___I95	0.014

