SOFT_NAM	Gins
SOFT_VER	25.2
SOFT_TYP	IPPP

TIME_SYS	TAI

GEOD_SYS	ITRF2020	2024.894804601
GEOC_POS	-5236755.458	-3241705.212	-1652280.693
GEOC_COV	+3.43765518E-05	+1.66550851E-05	+6.21748573E-06	+2.02451768E-05	+1.06522790E-05	+6.71758144E-06
GEOD_POS	-15.113984962	-148.241277575	4.651
GEOD_COV	+2.98034677E-16	+2.19725204E-16	+5.11152004E-05	+1.55212680E-17	+1.01057292E-11	-4.22051586E-12
UTM__06S	8328689.928	366615.267	4.651
UTM__COV	+2.69018301E-06	+3.44373922E-06	+5.11152004E-05	+1.84611989E-07	-4.66999602E-07	+1.08629901E-06
MERC_POS	-1691205.322	-16502143.534	4.651
MERC_COV	+2.69018301E-06	+3.44373922E-06	+5.11152004E-05	+1.84611989E-07	-4.66999602E-07	+1.08629901E-06
VERT_I95	0.014
HORI_I95	0.005
3D___I95	0.015

GEOD_SYS	ITRF1992	1993.000000000	(RGPF)
GEOC_POS	-5236754.110	-3241706.842	-1652281.741
GEOC_COV	+3.43770000E-05	+1.66550000E-05	+6.21700000E-06	+2.02450000E-05	+1.06520000E-05	+6.71800000E-06
GEOD_POS	-15.113994785	-148.241258083	4.646
GEOD_COV	+2.98053760E-16	+2.19689703E-16	+5.11152923E-05	+1.54735377E-17	+1.01039521E-11	-4.21887889E-12
UTM__06S	8328688.853	366617.368	4.646
UTM__COV	+2.68974835E-06	+3.44395940E-06	+5.11152923E-05	+1.84044270E-07	-4.66818472E-07	+1.08610794E-06
MERC_POS	-1691206.448	-16502141.364	4.646
MERC_COV	+2.68974835E-06	+3.44395940E-06	+5.11152923E-05	+1.84044270E-07	-4.66818472E-07	+1.08610794E-06
VERT_I95	0.014
HORI_I95	0.005
3D___I95	0.015

