SOFT_NAM	Gins
SOFT_VER	25.2
SOFT_TYP	IPPP

TIME_SYS	TAI

GEOD_SYS	ITRF2020	2025.899995846
GEOC_POS	-4147754.156	-4152259.125	-2488718.251
GEOC_COV	+5.02089230E-06	+5.80285582E-06	+1.95384451E-06	+4.71375123E-06	+2.49611044E-06	+2.71899590E-06
GEOD_POS	-23.117770976	-134.968901778	-3.928
GEOD_COV	+6.64946976E-17	+4.48751174E-17	+1.15295167E-05	+7.39746458E-19	+4.06091050E-12	+3.61331847E-12
UTM__08S	7443442.587	503184.222	-3.928
UTM__COV	+5.50374721E-07	+6.97701180E-07	+1.15295167E-05	+8.39171171E-09	+4.00159085E-07	+4.15972518E-07
MERC_POS	-2629497.439	-15024669.419	-3.928
MERC_COV	+5.50374721E-07	+6.97701180E-07	+1.15295167E-05	+8.39171171E-09	+4.00159085E-07	+4.15972518E-07
VERT_I95	0.007
HORI_I95	0.002
3D___I95	0.007

GEOD_SYS	ITRF1992	1993.000000000	(RGPF)
GEOC_POS	-4147752.316	-4152260.379	-2488719.214
GEOC_COV	+5.02100000E-06	+5.80300000E-06	+1.95400000E-06	+4.71400000E-06	+2.49600000E-06	+2.71900000E-06
GEOD_POS	-23.117780430	-134.968880416	-3.930
GEOD_COV	+6.64829717E-17	+4.48949869E-17	+1.15298035E-05	+7.33794465E-19	+4.06134587E-12	+3.61451962E-12
UTM__08S	7443441.540	503186.409	-3.930
UTM__COV	+5.50618413E-07	+6.97578047E-07	+1.15298035E-05	+8.32419150E-09	+4.00292107E-07	+4.16017085E-07
MERC_POS	-2629498.577	-15024667.041	-3.930
MERC_COV	+5.50618413E-07	+6.97578047E-07	+1.15298035E-05	+8.32419150E-09	+4.00292107E-07	+4.16017085E-07
VERT_I95	0.007
HORI_I95	0.002
3D___I95	0.007

GEOD_SYS	ITRF2005	2007.274000000	(RGTAAF)
GEOC_POS	-4147753.121	-4152259.842	-2488718.788
GEOC_COV	+5.02100000E-06	+5.80300000E-06	+1.95400000E-06	+4.71400000E-06	+2.49600000E-06	+2.71900000E-06
GEOD_POS	-23.117776233	-134.968889679	-3.924
GEOD_COV	+6.64829793E-17	+4.48949820E-17	+1.15298035E-05	+7.33796179E-19	+4.06136172E-12	+3.61451211E-12
UTM__08S	7443442.005	503185.460	-3.924
UTM__COV	+5.50618353E-07	+6.97578171E-07	+1.15298035E-05	+8.32421121E-09	+4.00291276E-07	+4.16018722E-07
MERC_POS	-2629498.072	-15024668.072	-3.924
MERC_COV	+5.50618353E-07	+6.97578171E-07	+1.15298035E-05	+8.32421121E-09	+4.00291276E-07	+4.16018722E-07
VERT_I95	0.007
HORI_I95	0.002
3D___I95	0.007

