SOFT_NAM	Gins
SOFT_VER	25.2
SOFT_TYP	IPPP

TIME_SYS	TAI

GEOD_SYS	ITRF2020	2025.897256120
GEOC_POS	-4147754.155	-4152259.123	-2488718.250
GEOC_COV	+4.39170507E-06	+4.90086209E-06	+1.91134526E-06	+4.04661521E-06	+2.33240591E-06	+2.45334234E-06
GEOD_POS	-23.117770972	-134.968901780	-3.930
GEOD_COV	+5.71255296E-17	+4.18140763E-17	+1.00916857E-05	+1.87496202E-18	+2.56703211E-12	+9.76374456E-13
UTM__08S	7443442.588	503184.222	-3.930
UTM__COV	+5.12832320E-07	+5.99394400E-07	+1.00916857E-05	+2.12696398E-08	+1.08129165E-07	+2.62949605E-07
MERC_POS	-2629497.439	-15024669.419	-3.930
MERC_COV	+5.12832320E-07	+5.99394400E-07	+1.00916857E-05	+2.12696398E-08	+1.08129165E-07	+2.62949605E-07
VERT_I95	0.006
HORI_I95	0.002
3D___I95	0.007

GEOD_SYS	ITRF1992	1993.000000000	(RGPF)
GEOC_POS	-4147752.315	-4152260.377	-2488719.212
GEOC_COV	+4.39200000E-06	+4.90100000E-06	+1.91100000E-06	+4.04700000E-06	+2.33200000E-06	+2.45300000E-06
GEOD_POS	-23.117780425	-134.968880419	-3.932
GEOD_COV	+5.71094815E-17	+4.18289770E-17	+1.00917590E-05	+1.86856476E-18	+2.56646507E-12	+9.82779348E-13
UTM__08S	7443441.541	503186.409	-3.932
UTM__COV	+5.13015071E-07	+5.99225930E-07	+1.00917590E-05	+2.11970676E-08	+1.08838479E-07	+2.62891502E-07
MERC_POS	-2629498.576	-15024667.041	-3.932
MERC_COV	+5.13015071E-07	+5.99225930E-07	+1.00917590E-05	+2.11970676E-08	+1.08838479E-07	+2.62891502E-07
VERT_I95	0.006
HORI_I95	0.002
3D___I95	0.007

GEOD_SYS	ITRF2005	2007.274000000	(RGTAAF)
GEOC_POS	-4147753.119	-4152259.840	-2488718.787
GEOC_COV	+4.39200000E-06	+4.90100000E-06	+1.91100000E-06	+4.04700000E-06	+2.33200000E-06	+2.45300000E-06
GEOD_POS	-23.117776228	-134.968889682	-3.926
GEOD_COV	+5.71094856E-17	+4.18289755E-17	+1.00917589E-05	+1.86856395E-18	+2.56647885E-12	+9.82772832E-13
UTM__08S	7443442.005	503185.460	-3.926
UTM__COV	+5.13015053E-07	+5.99226011E-07	+1.00917589E-05	+2.11970591E-08	+1.08837757E-07	+2.62892922E-07
MERC_POS	-2629498.071	-15024668.072	-3.926
MERC_COV	+5.13015053E-07	+5.99226011E-07	+1.00917589E-05	+2.11970591E-08	+1.08837757E-07	+2.62892922E-07
VERT_I95	0.006
HORI_I95	0.002
3D___I95	0.007

