SOFT_NAM	Gins
SOFT_VER	25.2
SOFT_TYP	IPPP

TIME_SYS	TAI

GEOD_SYS	ITRF2020	2022.732872558
GEOC_POS	-5755946.053	1673289.335	-2172282.288
GEOC_COV	+1.19354075E-03	+1.63962567E-03	+5.63371491E-04	+1.18102079E-03	-6.27405810E-04	-9.47745946E-04
GEOD_POS	-20.043880673	163.790523456	62.166
GEOD_COV	+2.04475661E-13	+6.40267972E-14	+3.73821181E-04	+1.13987260E-13	+4.32327713E-09	+2.42757154E-09
UTM__58S	7783205.220	373510.290	62.166
UTM__COV	+7.84699686E-04	+2.23801705E-03	+3.73821181E-04	+1.32019490E-03	+2.68746544E-04	+4.52297263E-04
MERC_POS	-2263591.894	18233077.668	62.166
MERC_COV	+7.84699686E-04	+2.23801705E-03	+3.73821181E-04	+1.32019490E-03	+2.68746544E-04	+4.52297263E-04
VERT_I95	0.039
HORI_I95	0.110
3D___I95	0.117

GEOD_SYS	ITRF1990	1989.000000000	(RGNC91-93)
GEOC_POS	-5755945.289	1673289.990	-2172283.832
GEOC_COV	+1.19354100E-03	+1.63962600E-03	+5.63371000E-04	+1.18102100E-03	-6.27406000E-04	-9.47746000E-04
GEOD_POS	-20.043895485	163.790515410	62.177
GEOD_COV	+2.04475761E-13	+6.40267725E-14	+3.73820879E-04	+1.13987291E-13	+4.32327311E-09	+2.42757180E-09
UTM__58S	7783203.574	373509.460	62.177
UTM__COV	+7.84699388E-04	+2.23801773E-03	+3.73820879E-04	+1.32019514E-03	+2.68746574E-04	+4.52296801E-04
MERC_POS	-2263593.639	18233076.772	62.177
MERC_COV	+7.84699388E-04	+2.23801773E-03	+3.73820879E-04	+1.32019514E-03	+2.68746574E-04	+4.52296801E-04
VERT_I95	0.039
HORI_I95	0.110
3D___I95	0.117

