SOFT_NAM	Gins
SOFT_VER	25.2
SOFT_TYP	IPPP

TIME_SYS	TAI

GEOD_SYS	ITRF2020	2022.738352010
GEOC_POS	-5755944.798	1673289.606	-2172282.003
GEOC_COV	+1.37161326E-01	+2.22367581E-02	+8.25268720E-03	+2.40513187E-02	+3.01546669E-02	+4.97592928E-03
GEOD_POS	-20.043881752	163.790517622	61.007
GEOD_COV	+4.02793003E-12	+2.51063329E-13	+1.20487503E-01	+4.42109484E-13	+5.02163823E-07	+1.20866117E-07
UTM__58S	7783205.096	373509.681	61.007
UTM__COV	+3.07698108E-03	+4.40862870E-02	+1.20487503E-01	+5.12048862E-03	+1.33805924E-02	+5.25359058E-02
MERC_POS	-2263592.021	18233077.018	61.007
MERC_COV	+3.07698108E-03	+4.40862870E-02	+1.20487503E-01	+5.12048862E-03	+1.33805924E-02	+5.25359058E-02
VERT_I95	0.694
HORI_I95	0.434
3D___I95	0.819

GEOD_SYS	ITRF1990	1989.000000000	(RGNC91-93)
GEOC_POS	-5755944.033	1673290.260	-2172283.547
GEOC_COV	+1.37161326E-01	+2.22367580E-02	+8.25268700E-03	+2.40513190E-02	+3.01546670E-02	+4.97592900E-03
GEOD_POS	-20.043896567	163.790509575	61.018
GEOD_COV	+4.02793209E-12	+2.51063831E-13	+1.20487482E-01	+4.42110710E-13	+5.02163962E-07	+1.20866362E-07
UTM__58S	7783203.450	373508.851	61.018
UTM__COV	+3.07698725E-03	+4.40863014E-02	+1.20487482E-01	+5.12050236E-03	+1.33806196E-02	+5.25359155E-02
MERC_POS	-2263593.766	18233076.123	61.018
MERC_COV	+3.07698725E-03	+4.40863014E-02	+1.20487482E-01	+5.12050236E-03	+1.33806196E-02	+5.25359155E-02
VERT_I95	0.694
HORI_I95	0.434
3D___I95	0.819

