SOFT_NAM	Gins
SOFT_VER	25.2
SOFT_TYP	IPPP

TIME_SYS	TAI

GEOD_SYS	ITRF2020	2022.735612284
GEOC_POS	-5755945.912	1673289.496	-2172282.380
GEOC_COV	+3.32688691E-04	+9.08432020E-05	+3.76275823E-05	+2.45918641E-05	+4.67127745E-05	-4.54521484E-05
GEOD_POS	-20.043881730	163.790521601	62.113
GEOD_COV	+1.12262306E-14	+2.56777339E-15	+3.06816567E-04	+5.01518551E-15	+6.68262533E-10	+3.67338350E-10
UTM__58S	7783205.101	373510.097	62.113
UTM__COV	+3.14701192E-05	+1.22872789E-04	+3.06816567E-04	+5.80856331E-05	+4.06665301E-05	+6.99130084E-05
MERC_POS	-2263592.018	18233077.461	62.113
MERC_COV	+3.14701192E-05	+1.22872789E-04	+3.06816567E-04	+5.80856331E-05	+4.06665301E-05	+6.99130084E-05
VERT_I95	0.035
HORI_I95	0.025
3D___I95	0.043

GEOD_SYS	ITRF1990	1989.000000000	(RGNC91-93)
GEOC_POS	-5755945.148	1673290.151	-2172283.924
GEOC_COV	+3.32689000E-04	+9.08430000E-05	+3.76280000E-05	+2.45920000E-05	+4.67130000E-05	-4.54520000E-05
GEOD_POS	-20.043896544	163.790513554	62.124
GEOD_COV	+1.12262267E-14	+2.56779739E-15	+3.06816863E-04	+5.01517839E-15	+6.68265636E-10	+3.67337040E-10
UTM__58S	7783203.456	373509.267	62.124
UTM__COV	+3.14704135E-05	+1.22872723E-04	+3.06816863E-04	+5.80855454E-05	+4.06663852E-05	+6.99133266E-05
MERC_POS	-2263593.763	18233076.566	62.124
MERC_COV	+3.14704135E-05	+1.22872723E-04	+3.06816863E-04	+5.80855454E-05	+4.06663852E-05	+6.99133266E-05
VERT_I95	0.035
HORI_I95	0.025
3D___I95	0.043

