SOFT_NAM	Gins
SOFT_VER	24.2
SOFT_TYP	PPP

TIME_SYS	TAI

GEOD_SYS	ITRF2020	2025.661630169
GEOC_POS	-5260372.523	-3053529.350	-1913245.584
GEOC_COV	+1.05884523E-05	+5.01674912E-06	+2.40816424E-06	+4.14930399E-06	+3.92297724E-06	+2.05632851E-06
GEOD_POS	-17.571663783	-149.865787240	8.435
GEOD_COV	+2.50047673E-16	+6.58772173E-17	+1.43885180E-05	+6.21547047E-18	-3.78806519E-12	-5.70364593E-12
UTM__06S	8054904.706	195791.806	8.435
UTM__COV	+8.06937313E-07	+2.81791030E-06	+1.43885180E-05	+7.30261588E-08	-6.31255003E-07	-4.02132911E-07
MERC_POS	-1974579.889	-16682983.123	8.435
MERC_COV	+8.06937313E-07	+2.81791030E-06	+1.43885180E-05	+7.30261588E-08	-6.31255003E-07	-4.02132911E-07
VERT_I95	0.008
HORI_I95	0.004
3D___I95	0.008

GEOD_SYS	ITRF1992	1993.000000000	(RGPF)
GEOC_POS	-5260371.165	-3053531.011	-1913246.649
GEOC_COV	+1.05880000E-05	+5.01700000E-06	+2.40800000E-06	+4.14900000E-06	+3.92300000E-06	+2.05600000E-06
GEOD_POS	-17.571673886	-149.865767286	8.431
GEOD_COV	+2.50077683E-16	+6.58678286E-17	+1.43879295E-05	+6.24345193E-18	-3.78755377E-12	-5.70352608E-12
UTM__06S	8054903.619	195793.943	8.431
UTM__COV	+8.06822310E-07	+2.81824818E-06	+1.43879295E-05	+7.33549115E-08	-6.31241739E-07	-4.02078598E-07
MERC_POS	-1974581.061	-16682980.902	8.431
MERC_COV	+8.06822310E-07	+2.81824818E-06	+1.43879295E-05	+7.33549115E-08	-6.31241739E-07	-4.02078598E-07
VERT_I95	0.008
HORI_I95	0.004
3D___I95	0.008

