SOFT_NAM	Gins
SOFT_VER	24.2
SOFT_TYP	PPP

TIME_SYS	TAI

GEOD_SYS	ITRF2020	2025.664369895
GEOC_POS	-5260372.534	-3053529.354	-1913245.591
GEOC_COV	+1.39356887E-05	+6.61961665E-06	+2.98253266E-06	+5.93899703E-06	+5.15130482E-06	+2.76043804E-06
GEOD_POS	-17.571663807	-149.865787263	8.448
GEOD_COV	+2.93386653E-16	+7.51594946E-17	+1.93108825E-05	+1.01862709E-17	-2.64066338E-12	-6.05516183E-12
UTM__06S	8054904.703	195791.804	8.448
UTM__COV	+9.20636956E-07	+3.30631861E-06	+1.93108825E-05	+1.19679474E-07	-6.70159273E-07	-2.80327186E-07
MERC_POS	-1974579.891	-16682983.125	8.448
MERC_COV	+9.20636956E-07	+3.30631861E-06	+1.93108825E-05	+1.19679474E-07	-6.70159273E-07	-2.80327186E-07
VERT_I95	0.009
HORI_I95	0.004
3D___I95	0.010

GEOD_SYS	ITRF1992	1993.000000000	(RGPF)
GEOC_POS	-5260371.175	-3053531.014	-1913246.655
GEOC_COV	+1.39360000E-05	+6.62000000E-06	+2.98300000E-06	+5.93900000E-06	+5.15100000E-06	+2.76000000E-06
GEOD_POS	-17.571673910	-149.865767308	8.444
GEOD_COV	+2.93418877E-16	+7.52193465E-17	+1.93109485E-05	+1.02054725E-17	-2.64106107E-12	-6.05191181E-12
UTM__06S	8054903.616	195793.940	8.444
UTM__COV	+9.21370089E-07	+3.30668139E-06	+1.93109485E-05	+1.19905069E-07	-6.69799575E-07	-2.80369388E-07
MERC_POS	-1974581.064	-16682980.904	8.444
MERC_COV	+9.21370089E-07	+3.30668139E-06	+1.93109485E-05	+1.19905069E-07	-6.69799575E-07	-2.80369388E-07
VERT_I95	0.009
HORI_I95	0.004
3D___I95	0.010

