SOFT_NAM	Gins
SOFT_VER	21.2
SOFT_TYP	PPP

TIME_SYS	TAI

GEOD_SYS	ITRF2014	2022.787657566
GEOC_POS	-4594703.397	-3297394.563	-2939096.372
GEOC_COV	+3.77008654E-04	+2.04836387E-04	+1.12004653E-04	+5.53379143E-05	+1.52706685E-04	+9.31179852E-05
GEOD_POS	-27.618351030	-144.334840563	-1.268
GEOD_COV	+2.16505299E-14	+1.72003223E-15	+4.61789089E-04	-1.62170178E-15	-6.35941669E-10	+4.19500337E-11
UTM__06S	6942236.518	763017.094	-1.268
UTM__COV	+2.11212871E-05	+2.10939319E-04	+4.61789089E-04	-1.77381121E-05	+4.64862177E-06	-6.27713959E-05
MERC_POS	-3181137.959	-16067280.955	-1.268
MERC_COV	+2.11212871E-05	+2.10939319E-04	+4.61789089E-04	-1.77381121E-05	+4.64862177E-06	-6.27713959E-05
VERT_I95	0.043
HORI_I95	0.030
3D___I95	0.053

GEOD_SYS	ITRF1992	1993.000000000	(RGPF)
GEOC_POS	-4594701.912	-3297395.820	-2939097.279
GEOC_COV	+3.77009000E-04	+2.04836000E-04	+1.12005000E-04	+5.53380000E-05	+1.52707000E-04	+9.31180000E-05
GEOD_POS	-27.618360264	-144.334821444	-1.267
GEOD_COV	+2.16505154E-14	+1.72003949E-15	+4.61789482E-04	-1.62169991E-15	-6.35946126E-10	+4.19485515E-11
UTM__06S	6942235.454	763018.960	-1.267
UTM__COV	+2.11213763E-05	+2.10939142E-04	+4.61789482E-04	-1.77380902E-05	+4.64845753E-06	-6.27718306E-05
MERC_POS	-3181139.113	-16067278.827	-1.267
MERC_COV	+2.11213763E-05	+2.10939142E-04	+4.61789482E-04	-1.77380902E-05	+4.64845753E-06	-6.27718306E-05
VERT_I95	0.043
HORI_I95	0.030
3D___I95	0.053

GEOD_SYS	ITRF2005	2007.274000000	(RGTAAF)
GEOC_POS	-4594702.630	-3297395.224	-2939096.840
GEOC_COV	+3.77009000E-04	+2.04836000E-04	+1.12005000E-04	+5.53380000E-05	+1.52707000E-04	+9.31180000E-05
GEOD_POS	-27.618355766	-144.334830591	-1.262
GEOD_COV	+2.16505115E-14	+1.72003964E-15	+4.61789500E-04	-1.62170061E-15	-6.35945751E-10	+4.19483039E-11
UTM__06S	6942235.972	763018.068	-1.262
UTM__COV	+2.11213782E-05	+2.10939122E-04	+4.61789500E-04	-1.77380986E-05	+4.64843009E-06	-6.27717962E-05
MERC_POS	-3181138.551	-16067279.845	-1.262
MERC_COV	+2.11213782E-05	+2.10939122E-04	+4.61789500E-04	-1.77380986E-05	+4.64843009E-06	-6.27717962E-05
VERT_I95	0.043
HORI_I95	0.030
3D___I95	0.053

