SOFT_NAM	Gins
SOFT_VER	22.2
SOFT_TYP	PPP

TIME_SYS	TAI

GEOD_SYS	ITRF2020	2023.943821950
GEOC_POS	-5764607.146	1550229.979	-2239204.061
GEOC_COV	+8.80875335E-05	+1.77012734E-05	+1.52087587E-05	-1.76472316E-05	+3.49227399E-05	-7.57425069E-06
GEOD_POS	-20.688586772	164.948005868	86.497
GEOD_COV	+1.25262745E-15	+9.99089139E-17	+1.06176005E-04	-6.92817754E-17	+2.73657920E-11	-1.20906210E-11
UTM__58S	7712315.822	494585.182	86.497
UTM__COV	+1.22465387E-06	+1.35969068E-05	+1.06176005E-04	-7.99158030E-07	-1.33860724E-06	+2.85113066E-06
MERC_POS	-2339695.588	18361928.021	86.497
MERC_COV	+1.22465387E-06	+1.35969068E-05	+1.06176005E-04	-7.99158030E-07	-1.33860724E-06	+2.85113066E-06
VERT_I95	0.021
HORI_I95	0.008
3D___I95	0.022

GEOD_SYS	ITRF1990	1989.000000000	(RGNC91-93)
GEOC_POS	-5764606.366	1550230.624	-2239205.643
GEOC_COV	+8.80880000E-05	+1.77010000E-05	+1.52090000E-05	-1.76470000E-05	+3.49230000E-05	-7.57400000E-06
GEOD_POS	-20.688602011	164.947997949	86.508
GEOD_COV	+1.25261787E-15	+9.99191144E-17	+1.06176421E-04	-6.92950752E-17	+2.73704265E-11	-1.20914539E-11
UTM__58S	7712314.135	494584.358	86.508
UTM__COV	+1.22477892E-06	+1.35968001E-05	+1.06176421E-04	-7.99311366E-07	-1.33869946E-06	+2.85161323E-06
MERC_POS	-2339697.391	18361927.139	86.508
MERC_COV	+1.22477892E-06	+1.35968001E-05	+1.06176421E-04	-7.99311366E-07	-1.33869946E-06	+2.85161323E-06
VERT_I95	0.021
HORI_I95	0.008
3D___I95	0.022

