SOFT_NAM	Gins
SOFT_VER	25.2
SOFT_TYP	IPPP

TIME_SYS	TAI

GEOD_SYS	ITRF2020	2022.179447901
GEOC_POS	-5745112.488	1365284.978	-2402543.354
GEOC_COV	+1.08444988E-05	+1.61083943E-06	+2.98590743E-06	-2.37886492E-06	+4.56206800E-06	-1.27076406E-06
GEOD_POS	-22.274024461	166.632033430	63.104
GEOD_COV	+9.73653842E-17	+7.16070968E-17	+1.35289553E-05	+1.31434939E-17	-1.09444117E-12	-3.73711283E-12
UTM__58S	7535933.971	668150.625	63.104
UTM__COV	+8.78064855E-07	+1.03422554E-06	+1.35289553E-05	+1.50003513E-07	-4.13829527E-07	-1.12797055E-07
MERC_POS	-2528267.921	18549393.111	63.104
MERC_COV	+8.78064855E-07	+1.03422554E-06	+1.35289553E-05	+1.50003513E-07	-4.13829527E-07	-1.12797055E-07
VERT_I95	0.007
HORI_I95	0.003
3D___I95	0.008

GEOD_SYS	ITRF1990	1989.000000000	(RGNC91-93)
GEOC_POS	-5745111.753	1365285.564	-2402544.798
GEOC_COV	+1.08440000E-05	+1.61100000E-06	+2.98600000E-06	-2.37900000E-06	+4.56200000E-06	-1.27100000E-06
GEOD_POS	-22.274038513	166.632026249	63.115
GEOD_COV	+9.73714798E-17	+7.16094880E-17	+1.35286157E-05	+1.31544421E-17	-1.09774472E-12	-3.73857929E-12
UTM__58S	7535932.423	668149.868	63.115
UTM__COV	+8.78094183E-07	+1.03429008E-06	+1.35286157E-05	+1.50128448E-07	-4.13991917E-07	-1.13137519E-07
MERC_POS	-2528269.601	18549392.312	63.115
MERC_COV	+8.78094183E-07	+1.03429008E-06	+1.35286157E-05	+1.50128448E-07	-4.13991917E-07	-1.13137519E-07
VERT_I95	0.007
HORI_I95	0.003
3D___I95	0.008

GEOD_SYS	ITRF2005	2007.274000000	(RGTAAF)
GEOC_POS	-5745112.165	1365285.229	-2402543.991
GEOC_COV	+1.08440000E-05	+1.61100000E-06	+2.98600000E-06	-2.37900000E-06	+4.56200000E-06	-1.27100000E-06
GEOD_POS	-22.274030666	166.632030337	63.109
GEOD_COV	+9.73714698E-17	+7.16094982E-17	+1.35286156E-05	+1.31544455E-17	-1.09775236E-12	-3.73859488E-12
UTM__58S	7535933.287	668150.299	63.109
UTM__COV	+8.78094304E-07	+1.03429009E-06	+1.35286156E-05	+1.50128495E-07	-4.13993642E-07	-1.13138313E-07
MERC_POS	-2528268.663	18549392.767	63.109
MERC_COV	+8.78094304E-07	+1.03429009E-06	+1.35286156E-05	+1.50128495E-07	-4.13993642E-07	-1.13138313E-07
VERT_I95	0.007
HORI_I95	0.003
3D___I95	0.008

