SOFT_NAM	Gins
SOFT_VER	25.2
SOFT_TYP	IPPP

TIME_SYS	TAI

GEOD_SYS	ITRF2020	2022.184927353
GEOC_POS	-5745112.485	1365284.977	-2402543.353
GEOC_COV	+2.05454861E-05	+3.76758181E-06	+6.34368912E-06	-5.58534585E-06	+9.09453341E-06	-2.65110315E-06
GEOD_POS	-22.274024466	166.632033437	63.101
GEOD_COV	+2.02569854E-16	+1.61404848E-16	+2.65258501E-05	-1.68298383E-18	-1.26546905E-11	-1.07865060E-11
UTM__58S	7535933.970	668150.626	63.101
UTM__COV	+1.97918825E-06	+2.15171868E-06	+2.65258501E-05	-1.92074869E-08	-1.19444472E-06	-1.30423805E-06
MERC_POS	-2528267.921	18549393.112	63.101
MERC_COV	+1.97918825E-06	+2.15171868E-06	+2.65258501E-05	-1.92074869E-08	-1.19444472E-06	-1.30423805E-06
VERT_I95	0.010
HORI_I95	0.004
3D___I95	0.011

GEOD_SYS	ITRF1990	1989.000000000	(RGNC91-93)
GEOC_POS	-5745111.749	1365285.563	-2402544.797
GEOC_COV	+2.05450000E-05	+3.76800000E-06	+6.34400000E-06	-5.58500000E-06	+9.09500000E-06	-2.65100000E-06
GEOD_POS	-22.274038521	166.632026254	63.112
GEOD_COV	+2.02619331E-16	+1.61394952E-16	+2.65256893E-05	-1.69640596E-18	-1.26529521E-11	-1.07920831E-11
UTM__58S	7535932.422	668149.869	63.112
UTM__COV	+1.97906691E-06	+2.15224381E-06	+2.65256893E-05	-1.93606685E-08	-1.19506230E-06	-1.30405875E-06
MERC_POS	-2528269.602	18549392.312	63.112
MERC_COV	+1.97906691E-06	+2.15224381E-06	+2.65256893E-05	-1.93606685E-08	-1.19506230E-06	-1.30405875E-06
VERT_I95	0.010
HORI_I95	0.004
3D___I95	0.011

GEOD_SYS	ITRF2005	2007.274000000	(RGTAAF)
GEOC_POS	-5745112.162	1365285.228	-2402543.991
GEOC_COV	+2.05450000E-05	+3.76800000E-06	+6.34400000E-06	-5.58500000E-06	+9.09500000E-06	-2.65100000E-06
GEOD_POS	-22.274030673	166.632030343	63.106
GEOD_COV	+2.02619326E-16	+1.61394979E-16	+2.65256888E-05	-1.69638290E-18	-1.26529667E-11	-1.07921138E-11
UTM__58S	7535933.286	668150.299	63.106
UTM__COV	+1.97906724E-06	+2.15224399E-06	+2.65256888E-05	-1.93604064E-08	-1.19506570E-06	-1.30406033E-06
MERC_POS	-2528268.664	18549392.768	63.106
MERC_COV	+1.97906724E-06	+2.15224399E-06	+2.65256888E-05	-1.93604064E-08	-1.19506570E-06	-1.30406033E-06
VERT_I95	0.010
HORI_I95	0.004
3D___I95	0.011

