SOFT_NAM	Gins
SOFT_VER	25.2
SOFT_TYP	IPPP

TIME_SYS	TAI

GEOD_SYS	ITRF2020	2022.182187627
GEOC_POS	-5745112.476	1365284.971	-2402543.346
GEOC_COV	+1.10480984E-05	+1.59998690E-06	+2.97293856E-06	-2.53206283E-06	+4.64858711E-06	-1.28364810E-06
GEOD_POS	-22.274024444	166.632033473	63.089
GEOD_COV	+9.09345070E-17	+6.87741007E-17	+1.38117819E-05	+9.59600447E-18	-1.86231687E-12	-3.43003581E-12
UTM__58S	7535933.972	668150.629	63.089
UTM__COV	+8.43325916E-07	+9.65916066E-07	+1.38117819E-05	+1.09516875E-07	-3.79825324E-07	-1.91937093E-07
MERC_POS	-2528267.919	18549393.116	63.089
MERC_COV	+8.43325916E-07	+9.65916066E-07	+1.38117819E-05	+1.09516875E-07	-3.79825324E-07	-1.91937093E-07
VERT_I95	0.007
HORI_I95	0.003
3D___I95	0.008

GEOD_SYS	ITRF1990	1989.000000000	(RGNC91-93)
GEOC_POS	-5745111.741	1365285.557	-2402544.791
GEOC_COV	+1.10480000E-05	+1.60000000E-06	+2.97300000E-06	-2.53200000E-06	+4.64900000E-06	-1.28400000E-06
GEOD_POS	-22.274038498	166.632026291	63.100
GEOD_COV	+9.09378542E-17	+6.87493250E-17	+1.38120265E-05	+9.61704704E-18	-1.86293254E-12	-3.43369302E-12
UTM__58S	7535932.424	668149.873	63.100
UTM__COV	+8.43022115E-07	+9.65951431E-07	+1.38120265E-05	+1.09757018E-07	-3.80230307E-07	-1.92000528E-07
MERC_POS	-2528269.600	18549392.317	63.100
MERC_COV	+8.43022115E-07	+9.65951431E-07	+1.38120265E-05	+1.09757018E-07	-3.80230307E-07	-1.92000528E-07
VERT_I95	0.007
HORI_I95	0.003
3D___I95	0.008

GEOD_SYS	ITRF2005	2007.274000000	(RGTAAF)
GEOC_POS	-5745112.153	1365285.222	-2402543.984
GEOC_COV	+1.10480000E-05	+1.60000000E-06	+2.97300000E-06	-2.53200000E-06	+4.64900000E-06	-1.28400000E-06
GEOD_POS	-22.274030650	166.632030380	63.094
GEOD_COV	+9.09378461E-17	+6.87493342E-17	+1.38120263E-05	+9.61705132E-18	-1.86294042E-12	-3.43370904E-12
UTM__58S	7535933.289	668150.303	63.094
UTM__COV	+8.43022225E-07	+9.65951451E-07	+1.38120263E-05	+1.09757073E-07	-3.80232080E-07	-1.92001350E-07
MERC_POS	-2528268.661	18549392.772	63.094
MERC_COV	+8.43022225E-07	+9.65951451E-07	+1.38120263E-05	+1.09757073E-07	-3.80232080E-07	-1.92001350E-07
VERT_I95	0.007
HORI_I95	0.003
3D___I95	0.008

