SOFT_NAM	Gins
SOFT_VER	24.1
SOFT_TYP	PPP

TIME_SYS	TAI

GEOD_SYS	ITRF2020	2025.228753456
GEOC_POS	-5747140.461	1603623.688	-2246402.248
GEOC_COV	+1.83883926E-04	+4.21102225E-05	+3.24888137E-05	-4.23361421E-05	+7.10466083E-05	-1.95044048E-05
GEOD_POS	-20.758145441	164.409311419	73.153
GEOD_COV	+2.80610924E-15	+3.37709145E-16	+2.23911805E-04	-1.01700997E-17	+5.37291514E-12	-1.01142428E-11
UTM__58S	7704506.350	438511.269	73.153
UTM__COV	+4.13958812E-06	+3.04315688E-05	+2.23911805E-04	-1.17257937E-07	-1.11980017E-06	+5.59525476E-07
MERC_POS	-2347925.946	18301960.829	73.153
MERC_COV	+4.13958812E-06	+3.04315688E-05	+2.23911805E-04	-1.17257937E-07	-1.11980017E-06	+5.59525476E-07
VERT_I95	0.030
HORI_I95	0.012
3D___I95	0.032

GEOD_SYS	ITRF1990	1989.000000000	(RGNC91-93)
GEOC_POS	-5747139.640	1603624.367	-2246403.884
GEOC_COV	+1.83884000E-04	+4.21100000E-05	+3.24890000E-05	-4.23360000E-05	+7.10470000E-05	-1.95040000E-05
GEOD_POS	-20.758161208	164.409303021	73.165
GEOD_COV	+2.80609807E-15	+3.37707650E-16	+2.23911989E-04	-1.02042829E-17	+5.37663583E-12	-1.01161333E-11
UTM__58S	7704504.601	438510.401	73.165
UTM__COV	+4.13956982E-06	+3.04314414E-05	+2.23911989E-04	-1.17652047E-07	-1.12000948E-06	+5.59912884E-07
MERC_POS	-2347927.812	18301959.894	73.165
MERC_COV	+4.13956982E-06	+3.04314414E-05	+2.23911989E-04	-1.17652047E-07	-1.12000948E-06	+5.59912884E-07
VERT_I95	0.030
HORI_I95	0.012
3D___I95	0.032

