SOFT_NAM	Gins
SOFT_VER	24.1
SOFT_TYP	PPP

TIME_SYS	TAI

GEOD_SYS	ITRF2020	2025.206835648
GEOC_POS	-4824624.180	-4041679.333	-1030241.784
GEOC_COV	+1.16325162E-05	+9.51261714E-06	+1.08532203E-06	+6.85193328E-06	+2.56382185E-06	+2.25149752E-06
GEOD_POS	-9.357906241	-140.046451974	7.066
GEOD_COV	+3.01736206E-16	+3.47305220E-17	+1.81646731E-05	-4.35386012E-18	+1.52990357E-12	-5.39398199E-12
UTM__07S	8965436.633	604707.826	7.066
UTM__COV	+4.24865150E-07	+3.64091716E-06	+1.81646731E-05	-5.28976109E-08	-5.96594700E-07	+1.68056666E-07
MERC_POS	-1039436.770	-15589899.721	7.066
MERC_COV	+4.24865150E-07	+3.64091716E-06	+1.81646731E-05	-5.28976109E-08	-5.96594700E-07	+1.68056666E-07
VERT_I95	0.009
HORI_I95	0.004
3D___I95	0.009

GEOD_SYS	ITRF1992	1993.000000000	(RGPF)
GEOC_POS	-4824622.649	-4041680.880	-1030242.827
GEOC_COV	+1.16330000E-05	+9.51300000E-06	+1.08500000E-06	+6.85200000E-06	+2.56400000E-06	+2.25100000E-06
GEOD_POS	-9.357915806	-140.046432224	7.058
GEOD_COV	+3.01765949E-16	+3.47107727E-17	+1.81651006E-05	-4.31407141E-18	+1.52878390E-12	-5.39118509E-12
UTM__07S	8965435.570	604709.992	7.058
UTM__COV	+4.24623552E-07	+3.64127585E-06	+1.81651006E-05	-5.24141929E-08	-5.96285352E-07	+1.67933668E-07
MERC_POS	-1039437.842	-15589897.523	7.058
MERC_COV	+4.24623552E-07	+3.64127585E-06	+1.81651006E-05	-5.24141929E-08	-5.96285352E-07	+1.67933668E-07
VERT_I95	0.009
HORI_I95	0.004
3D___I95	0.009

