SOFT_NAM	Gins
SOFT_VER	24.1
SOFT_TYP	PPP

TIME_SYS	TAI

GEOD_SYS	ITRF2020	2025.204095922
GEOC_POS	-4824624.186	-4041679.343	-1030241.782
GEOC_COV	+9.51230479E-06	+7.91263631E-06	+8.30828244E-07	+5.91507200E-06	+2.17004626E-06	+1.85030304E-06
GEOD_POS	-9.357906207	-140.046451939	7.076
GEOD_COV	+2.27800532E-16	+2.30401388E-17	+1.52251468E-05	+1.31624297E-18	+2.27454227E-12	-4.33605703E-12
UTM__07S	8965436.637	604707.829	7.076
UTM__COV	+2.81854447E-07	+2.74876814E-06	+1.52251468E-05	+1.59918111E-08	-4.79584221E-07	+2.49853651E-07
MERC_POS	-1039436.766	-15589899.717	7.076
MERC_COV	+2.81854447E-07	+2.74876814E-06	+1.52251468E-05	+1.59918111E-08	-4.79584221E-07	+2.49853651E-07
VERT_I95	0.008
HORI_I95	0.003
3D___I95	0.009

GEOD_SYS	ITRF1992	1993.000000000	(RGPF)
GEOC_POS	-4824622.654	-4041680.890	-1030242.825
GEOC_COV	+9.51200000E-06	+7.91300000E-06	+8.31000000E-07	+5.91500000E-06	+2.17000000E-06	+1.85000000E-06
GEOD_POS	-9.357915772	-140.046432191	7.067
GEOD_COV	+2.27813701E-16	+2.30596133E-17	+1.52249804E-05	+1.33695900E-18	+2.27704647E-12	-4.33445844E-12
UTM__07S	8965435.573	604709.995	7.067
UTM__COV	+2.82092681E-07	+2.74892689E-06	+1.52249804E-05	+1.62435019E-08	-4.79407410E-07	+2.50128724E-07
MERC_POS	-1039437.838	-15589897.519	7.067
MERC_COV	+2.82092681E-07	+2.74892689E-06	+1.52249804E-05	+1.62435019E-08	-4.79407410E-07	+2.50128724E-07
VERT_I95	0.008
HORI_I95	0.003
3D___I95	0.009

