SOFT_NAM	Gins
SOFT_VER	22.2
SOFT_TYP	PPP

TIME_SYS	TAI

GEOD_SYS	ITRF2020	2023.809575374
GEOC_POS	-5758161.282	1363355.824	-2372413.817
GEOC_COV	+4.60406149E-05	+1.07431150E-05	+8.89297005E-06	-1.08844344E-05	+1.92722498E-05	-5.21148796E-06
GEOD_POS	-21.980299003	166.679418597	63.344
GEOD_COV	+7.25302963E-16	+5.43658309E-17	+5.72738533E-05	-8.24415130E-18	-1.85845181E-11	-3.85328483E-12
UTM__58S	7568402.339	673392.935	63.344
UTM__COV	+6.66600076E-07	+7.73624665E-06	+5.72738533E-05	-9.42803196E-08	-4.26678517E-07	-1.91936129E-06
MERC_POS	-2493173.844	18554668.004	63.344
MERC_COV	+6.66600076E-07	+7.73624665E-06	+5.72738533E-05	-9.42803196E-08	-4.26678517E-07	-1.91936129E-06
VERT_I95	0.015
HORI_I95	0.006
3D___I95	0.016

GEOD_SYS	ITRF1990	1989.000000000	(RGNC91-93)
GEOC_POS	-5758160.517	1363356.431	-2372415.345
GEOC_COV	+4.60410000E-05	+1.07430000E-05	+8.89300000E-06	-1.08840000E-05	+1.92720000E-05	-5.21100000E-06
GEOD_POS	-21.980313842	166.679411173	63.355
GEOD_COV	+7.25313033E-16	+5.43899093E-17	+5.72737522E-05	-8.26168841E-18	-1.85784569E-11	-3.85042140E-12
UTM__58S	7568400.704	673392.150	63.355
UTM__COV	+6.66895315E-07	+7.73635248E-06	+5.72737522E-05	-9.44808651E-08	-4.26361448E-07	-1.91873511E-06
MERC_POS	-2493175.615	18554667.177	63.355
MERC_COV	+6.66895315E-07	+7.73635248E-06	+5.72737522E-05	-9.44808651E-08	-4.26361448E-07	-1.91873511E-06
VERT_I95	0.015
HORI_I95	0.006
3D___I95	0.016

GEOD_SYS	ITRF2005	2007.274000000	(RGTAAF)
GEOC_POS	-5758160.927	1363356.099	-2372414.531
GEOC_COV	+4.60410000E-05	+1.07430000E-05	+8.89300000E-06	-1.08840000E-05	+1.92720000E-05	-5.21100000E-06
GEOD_POS	-21.980305936	166.679415211	63.349
GEOD_COV	+7.25312978E-16	+5.43899187E-17	+5.72737518E-05	-8.26164608E-18	-1.85784872E-11	-3.85049246E-12
UTM__58S	7568401.575	673392.577	63.349
UTM__COV	+6.66895428E-07	+7.73635273E-06	+5.72737518E-05	-9.44803860E-08	-4.26369316E-07	-1.91873835E-06
MERC_POS	-2493174.672	18554667.627	63.349
MERC_COV	+6.66895428E-07	+7.73635273E-06	+5.72737518E-05	-9.44803860E-08	-4.26369316E-07	-1.91873835E-06
VERT_I95	0.015
HORI_I95	0.006
3D___I95	0.016

