SOFT_NAM	Gins
SOFT_VER	24.1
SOFT_TYP	PPP

TIME_SYS	TAI

GEOD_SYS	ITRF2020	2024.807363420
GEOC_POS	-6194724.931	-414874.745	-1456082.683
GEOC_COV	+5.42766515E-05	+1.31607499E-05	+4.22815544E-06	+4.03387569E-06	+1.37832414E-05	+1.07455115E-06
GEOD_POS	-13.284656492	-176.168493632	44.844
GEOD_COV	+1.09065162E-15	+5.77026252E-17	+5.81528471E-05	+1.18165851E-17	+1.16059128E-11	-9.87247135E-12
UTM__01S	8531234.653	590068.657	44.844
UTM__COV	+7.06269666E-07	+1.28064399E-05	+5.81528471E-05	+1.41661117E-07	-1.09222817E-06	+1.25762305E-06
MERC_POS	-1482459.790	-19610987.005	44.844
MERC_COV	+7.06269666E-07	+1.28064399E-05	+5.81528471E-05	+1.41661117E-07	-1.09222817E-06	+1.25762305E-06
VERT_I95	0.015
HORI_I95	0.007
3D___I95	0.017

GEOD_SYS	ITRF1994	1993.000000000	(RGWF)
GEOC_POS	-6194724.568	-414876.701	-1456083.696
GEOC_COV	+5.42770000E-05	+1.31610000E-05	+4.22800000E-06	+4.03400000E-06	+1.37830000E-05	+1.07500000E-06
GEOD_POS	-13.284665883	-176.168475399	44.851
GEOD_COV	+1.09067157E-15	+5.76998472E-17	+5.81530912E-05	+1.17812735E-17	+1.16078156E-11	-9.86962896E-12
UTM__01S	8531233.607	590070.628	44.851
UTM__COV	+7.06235666E-07	+1.28066732E-05	+5.81530912E-05	+1.41237785E-07	-1.09191371E-06	+1.25782919E-06
MERC_POS	-1482460.857	-19610984.975	44.851
MERC_COV	+7.06235666E-07	+1.28066732E-05	+5.81530912E-05	+1.41237785E-07	-1.09191371E-06	+1.25782919E-06
VERT_I95	0.015
HORI_I95	0.007
3D___I95	0.017

