SOFT_NAM	Gins
SOFT_VER	24.1
SOFT_TYP	PPP

TIME_SYS	TAI

GEOD_SYS	ITRF2020	2024.804631179
GEOC_POS	-6194724.977	-414874.741	-1456082.681
GEOC_COV	+1.01831101E-04	+2.19965478E-05	+8.82237297E-06	-2.82813600E-06	+2.68449052E-05	-1.30015625E-06
GEOD_POS	-13.284656377	-176.168493704	44.887
GEOD_COV	+1.93579763E-15	+1.43244325E-16	+1.08166586E-04	+9.51909727E-17	-7.95360089E-11	-2.93051331E-11
UTM__01S	8531234.665	590068.649	44.887
UTM__COV	+1.75328458E-06	+2.27301514E-05	+1.08166586E-04	+1.14118077E-06	-3.24213573E-06	-8.61856540E-06
MERC_POS	-1482459.777	-19610987.013	44.887
MERC_COV	+1.75328458E-06	+2.27301514E-05	+1.08166586E-04	+1.14118077E-06	-3.24213573E-06	-8.61856540E-06
VERT_I95	0.021
HORI_I95	0.010
3D___I95	0.023

GEOD_SYS	ITRF1994	1993.000000000	(RGWF)
GEOC_POS	-6194724.614	-414876.696	-1456083.694
GEOC_COV	+1.01831000E-04	+2.19970000E-05	+8.82200000E-06	-2.82800000E-06	+2.68450000E-05	-1.30000000E-06
GEOD_POS	-13.284665768	-176.168475473	44.895
GEOD_COV	+1.93583497E-15	+1.43211202E-16	+1.08166533E-04	+9.51822186E-17	-7.95343964E-11	-2.93052362E-11
UTM__01S	8531233.620	590070.620	44.895
UTM__COV	+1.75287917E-06	+2.27305881E-05	+1.08166533E-04	+1.14107578E-06	-3.24214714E-06	-8.61839034E-06
MERC_POS	-1482460.844	-19610984.984	44.895
MERC_COV	+1.75287917E-06	+2.27305881E-05	+1.08166533E-04	+1.14107578E-06	-3.24214714E-06	-8.61839034E-06
VERT_I95	0.021
HORI_I95	0.010
3D___I95	0.023

