SOFT_NAM	Gins
SOFT_VER	25.2
SOFT_TYP	IPPP

TIME_SYS	TAI

GEOD_SYS	ITRF2020	2023.530132832
GEOC_POS	-5747690.592	1280573.275	-2442434.550
GEOC_COV	+3.64000690E-05	+3.94533179E-06	+8.60542564E-06	-7.19852517E-06	+1.46405819E-05	-2.62039136E-06
GEOD_POS	-22.663828795	167.439765530	68.510
GEOD_COV	+2.29504469E-16	+1.94928675E-16	+4.41361023E-05	-3.81987101E-17	+5.68057339E-12	-2.13046571E-13
UTM__58S	7491635.938	750699.405	68.510
UTM__COV	+2.39050113E-06	+2.42422296E-06	+4.41361023E-05	-4.34756431E-07	-2.35928909E-08	+5.83825260E-07
MERC_POS	-2574956.852	18639309.437	68.510
MERC_COV	+2.39050113E-06	+2.42422296E-06	+4.41361023E-05	-4.34756431E-07	-2.35928909E-08	+5.83825260E-07
VERT_I95	0.013
HORI_I95	0.004
3D___I95	0.014

GEOD_SYS	ITRF1990	1989.000000000	(RGNC91-93)
GEOC_POS	-5747689.837	1280573.874	-2442436.031
GEOC_COV	+3.64000000E-05	+3.94500000E-06	+8.60500000E-06	-7.19900000E-06	+1.46410000E-05	-2.62000000E-06
GEOD_POS	-22.663843247	167.439758241	68.521
GEOD_COV	+2.29455208E-16	+1.94881848E-16	+4.41363710E-05	-3.82497107E-17	+5.67903652E-12	-2.13249141E-13
UTM__58S	7491634.350	750698.629	68.521
UTM__COV	+2.38992688E-06	+2.42370212E-06	+4.41363710E-05	-4.35336849E-07	-2.36153237E-08	+5.83667247E-07
MERC_POS	-2574958.586	18639308.626	68.521
MERC_COV	+2.38992688E-06	+2.42370212E-06	+4.41363710E-05	-4.35336849E-07	-2.36153237E-08	+5.83667247E-07
VERT_I95	0.013
HORI_I95	0.004
3D___I95	0.014

GEOD_SYS	ITRF2005	2007.274000000	(RGTAAF)
GEOC_POS	-5747690.244	1280573.544	-2442435.235
GEOC_COV	+3.64000000E-05	+3.94500000E-06	+8.60500000E-06	-7.19900000E-06	+1.46410000E-05	-2.62000000E-06
GEOD_POS	-22.663835484	167.439762238	68.515
GEOD_COV	+2.29455177E-16	+1.94881848E-16	+4.41363711E-05	-3.82497154E-17	+5.67900951E-12	-2.13300330E-13
UTM__58S	7491635.203	750699.054	68.515
UTM__COV	+2.38992687E-06	+2.42370206E-06	+4.41363711E-05	-4.35336925E-07	-2.36209924E-08	+5.83664503E-07
MERC_POS	-2574957.654	18639309.071	68.515
MERC_COV	+2.38992687E-06	+2.42370206E-06	+4.41363711E-05	-4.35336925E-07	-2.36209924E-08	+5.83664503E-07
VERT_I95	0.013
HORI_I95	0.004
3D___I95	0.014

