SOFT_NAM	Gins
SOFT_VER	25.2
SOFT_TYP	IPPP

TIME_SYS	TAI

GEOD_SYS	ITRF2020	2023.527393106
GEOC_POS	-5747690.603	1280573.272	-2442434.551
GEOC_COV	+5.87640484E-05	+6.62453057E-06	+1.36230224E-05	-1.19184883E-05	+2.35352444E-05	-5.44422188E-06
GEOD_POS	-22.663828764	167.439765579	68.520
GEOD_COV	+3.81583316E-16	+2.88027114E-16	+7.14487806E-05	+2.52207763E-17	+1.74398669E-12	-8.82545993E-14
UTM__58S	7491635.942	750699.410	68.520
UTM__COV	+3.53221066E-06	+4.03061013E-06	+7.14487806E-05	+2.87048822E-07	-9.77336142E-09	+1.79239562E-07
MERC_POS	-2574956.848	18639309.443	68.520
MERC_COV	+3.53221066E-06	+4.03061013E-06	+7.14487806E-05	+2.87048822E-07	-9.77336142E-09	+1.79239562E-07
VERT_I95	0.017
HORI_I95	0.006
3D___I95	0.018

GEOD_SYS	ITRF1990	1989.000000000	(RGNC91-93)
GEOC_POS	-5747689.848	1280573.872	-2442436.032
GEOC_COV	+5.87640000E-05	+6.62500000E-06	+1.36230000E-05	-1.19180000E-05	+2.35350000E-05	-5.44400000E-06
GEOD_POS	-22.663843215	167.439758291	68.531
GEOD_COV	+3.81645149E-16	+2.88039385E-16	+7.14483764E-05	+2.52187770E-17	+1.74765851E-12	-8.69499551E-14
UTM__58S	7491634.353	750698.634	68.531
UTM__COV	+3.53236116E-06	+4.03126244E-06	+7.14483764E-05	+2.87026039E-07	-9.62888446E-09	+1.79616917E-07
MERC_POS	-2574958.582	18639308.631	68.531
MERC_COV	+3.53236116E-06	+4.03126244E-06	+7.14483764E-05	+2.87026039E-07	-9.62888446E-09	+1.79616917E-07
VERT_I95	0.017
HORI_I95	0.006
3D___I95	0.018

GEOD_SYS	ITRF2005	2007.274000000	(RGTAAF)
GEOC_POS	-5747690.256	1280573.541	-2442435.236
GEOC_COV	+5.87640000E-05	+6.62500000E-06	+1.36230000E-05	-1.19180000E-05	+2.35350000E-05	-5.44400000E-06
GEOD_POS	-22.663835452	167.439762287	68.525
GEOD_COV	+3.81645103E-16	+2.88039388E-16	+7.14483764E-05	+2.52187748E-17	+1.74761657E-12	-8.70328412E-14
UTM__58S	7491635.206	750699.059	68.525
UTM__COV	+3.53236119E-06	+4.03126240E-06	+7.14483764E-05	+2.87026029E-07	-9.63806329E-09	+1.79612617E-07
MERC_POS	-2574957.651	18639309.076	68.525
MERC_COV	+3.53236119E-06	+4.03126240E-06	+7.14483764E-05	+2.87026029E-07	-9.63806329E-09	+1.79612617E-07
VERT_I95	0.017
HORI_I95	0.006
3D___I95	0.018

