SOFT_NAM	Gins
SOFT_VER	25.2
SOFT_TYP	IPPP

TIME_SYS	TAI

GEOD_SYS	ITRF2020	2023.524653380
GEOC_POS	-5747690.576	1280573.227	-2442434.548
GEOC_COV	+4.36386255E-05	+4.65033977E-06	+9.45862656E-06	-7.97622019E-06	+1.67696772E-05	-3.44727420E-06
GEOD_POS	-22.663828872	167.439765954	68.485
GEOD_COV	+2.94244462E-16	+2.11129742E-16	+5.20503473E-05	+1.28116755E-17	+1.05200487E-11	+6.02226747E-12
UTM__58S	7491635.929	750699.448	68.485
UTM__COV	+2.58918234E-06	+3.10806224E-06	+5.20503473E-05	+1.45815350E-07	+6.66909109E-07	+1.08120602E-06
MERC_POS	-2574956.861	18639309.484	68.485
MERC_COV	+2.58918234E-06	+3.10806224E-06	+5.20503473E-05	+1.45815350E-07	+6.66909109E-07	+1.08120602E-06
VERT_I95	0.014
HORI_I95	0.005
3D___I95	0.015

GEOD_SYS	ITRF1990	1989.000000000	(RGNC91-93)
GEOC_POS	-5747689.821	1280573.826	-2442436.029
GEOC_COV	+4.36390000E-05	+4.65000000E-06	+9.45900000E-06	-7.97600000E-06	+1.67700000E-05	-3.44700000E-06
GEOD_POS	-22.663843322	167.439758667	68.496
GEOD_COV	+2.94224429E-16	+2.11143880E-16	+5.20507943E-05	+1.27961975E-17	+1.05245235E-11	+6.02035275E-12
UTM__58S	7491634.341	750698.673	68.496
UTM__COV	+2.58935574E-06	+3.10784999E-06	+5.20507943E-05	+1.45639173E-07	+6.66697075E-07	+1.08166581E-06
MERC_POS	-2574958.595	18639308.673	68.496
MERC_COV	+2.58935574E-06	+3.10784999E-06	+5.20507943E-05	+1.45639173E-07	+6.66697075E-07	+1.08166581E-06
VERT_I95	0.014
HORI_I95	0.005
3D___I95	0.015

GEOD_SYS	ITRF2005	2007.274000000	(RGTAAF)
GEOC_POS	-5747690.228	1280573.496	-2442435.233
GEOC_COV	+4.36390000E-05	+4.65000000E-06	+9.45900000E-06	-7.97600000E-06	+1.67700000E-05	-3.44700000E-06
GEOD_POS	-22.663835559	167.439762664	68.490
GEOD_COV	+2.94224383E-16	+2.11143867E-16	+5.20507946E-05	+1.27961814E-17	+1.05244923E-11	+6.02029259E-12
UTM__58S	7491635.194	750699.098	68.490
UTM__COV	+2.58935557E-06	+3.10784985E-06	+5.20507946E-05	+1.45638998E-07	+6.66690411E-07	+1.08166266E-06
MERC_POS	-2574957.663	18639309.118	68.490
MERC_COV	+2.58935557E-06	+3.10784985E-06	+5.20507946E-05	+1.45638998E-07	+6.66690411E-07	+1.08166266E-06
VERT_I95	0.014
HORI_I95	0.005
3D___I95	0.015

