SOFT_NAM	Gins
SOFT_VER	25.2
SOFT_TYP	IPPP

TIME_SYS	TAI

GEOD_SYS	ITRF2020	2023.521913654
GEOC_POS	-5747690.679	1280573.350	-2442434.570
GEOC_COV	+1.14715084E-03	+1.33336331E-04	+2.68339864E-04	-2.16514521E-04	+4.69378705E-04	-1.17650706E-04
GEOD_POS	-22.663828614	167.439765001	68.611
GEOD_COV	+8.46036828E-15	+5.00262922E-15	+1.39811180E-03	+1.68324639E-15	+1.24165907E-10	-1.08131081E-10
UTM__58S	7491635.959	750699.351	68.611
UTM__COV	+6.13495740E-05	+8.93656660E-05	+1.39811180E-03	+1.91577730E-05	-1.19744938E-05	+1.27612460E-05
MERC_POS	-2574956.830	18639309.378	68.611
MERC_COV	+6.13495740E-05	+8.93656660E-05	+1.39811180E-03	+1.91577730E-05	-1.19744938E-05	+1.27612460E-05
VERT_I95	0.075
HORI_I95	0.025
3D___I95	0.079

GEOD_SYS	ITRF1990	1989.000000000	(RGNC91-93)
GEOC_POS	-5747689.924	1280573.949	-2442436.051
GEOC_COV	+1.14715100E-03	+1.33336000E-04	+2.68340000E-04	-2.16515000E-04	+4.69379000E-04	-1.17651000E-04
GEOD_POS	-22.663843062	167.439757714	68.622
GEOD_COV	+8.46032213E-15	+5.00262168E-15	+1.39811236E-03	+1.68325349E-15	+1.24163562E-10	-1.08129651E-10
UTM__58S	7491634.371	750698.575	68.622
UTM__COV	+6.13494819E-05	+8.93651601E-05	+1.39811236E-03	+1.91578519E-05	-1.19743355E-05	+1.27610036E-05
MERC_POS	-2574958.563	18639308.567	68.622
MERC_COV	+6.13494819E-05	+8.93651601E-05	+1.39811236E-03	+1.91578519E-05	-1.19743355E-05	+1.27610036E-05
VERT_I95	0.075
HORI_I95	0.025
3D___I95	0.079

GEOD_SYS	ITRF2005	2007.274000000	(RGTAAF)
GEOC_POS	-5747690.331	1280573.619	-2442435.255
GEOC_COV	+1.14715100E-03	+1.33336000E-04	+2.68340000E-04	-2.16515000E-04	+4.69379000E-04	-1.17651000E-04
GEOD_POS	-22.663835299	167.439761711	68.616
GEOD_COV	+8.46032094E-15	+5.00262205E-15	+1.39811236E-03	+1.68325338E-15	+1.24162764E-10	-1.08131272E-10
UTM__58S	7491635.224	750699.000	68.616
UTM__COV	+6.13494863E-05	+8.93651574E-05	+1.39811236E-03	+1.91578517E-05	-1.19745149E-05	+1.27609223E-05
MERC_POS	-2574957.632	18639309.012	68.616
MERC_COV	+6.13494863E-05	+8.93651574E-05	+1.39811236E-03	+1.91578517E-05	-1.19745149E-05	+1.27609223E-05
VERT_I95	0.075
HORI_I95	0.025
3D___I95	0.079

