SOFT_NAM	Gins
SOFT_VER	25.2
SOFT_TYP	IPPP

TIME_SYS	TAI

GEOD_SYS	ITRF2020	2022.017804065
GEOC_POS	-1941333.322	1628485.184	-5833532.277
GEOC_COV	+6.14688278E-07	+5.32716070E-07	+4.22606149E-06	-3.36867045E-07	+1.01863686E-06	-8.51892822E-07
GEOD_POS	-66.661578779	140.008433639	-35.018
GEOD_COV	+1.20069949E-16	+3.75163201E-17	+4.67207535E-06	-3.55381844E-18	-1.22135699E-13	-2.63803046E-12
UTM__54S	2605997.063	456166.574	-35.018
UTM__COV	+4.66549407E-07	+2.34841087E-07	+4.67207535E-06	-1.75268479E-08	-2.94183635E-07	-5.40147661E-09
MERC_POS	-10021028.264	15585667.539	-35.018
MERC_COV	+4.66549407E-07	+2.34841087E-07	+4.67207535E-06	-1.75268479E-08	-2.94183635E-07	-5.40147661E-09
VERT_I95	0.004
HORI_I95	0.002
3D___I95	0.005

GEOD_SYS	ITRF2005	2007.274000000	(RGTAAF)
GEOC_POS	-1941333.373	1628485.392	-5833532.207
GEOC_COV	+6.15000000E-07	+5.33000000E-07	+4.22600000E-06	-3.37000000E-07	+1.01900000E-06	-8.52000000E-07
GEOD_POS	-66.661577105	140.008430788	-35.013
GEOD_COV	+1.20154028E-16	+3.75244703E-17	+4.67234367E-06	-3.56772614E-18	-1.19078004E-13	-2.63428902E-12
UTM__54S	2605997.248	456166.445	-35.013
UTM__COV	+4.66650762E-07	+2.35005567E-07	+4.67234367E-06	-1.75954396E-08	-2.93766403E-07	-5.26624978E-09
MERC_POS	-10021027.795	15585667.222	-35.013
MERC_COV	+4.66650762E-07	+2.35005567E-07	+4.67234367E-06	-1.75954396E-08	-2.93766403E-07	-5.26624978E-09
VERT_I95	0.004
HORI_I95	0.002
3D___I95	0.005

