SOFT_NAM	Gins
SOFT_VER	25.2
SOFT_TYP	IPPP

TIME_SYS	TAI

GEOD_SYS	ITRF2020	2022.015064339
GEOC_POS	-1941333.320	1628485.182	-5833532.269
GEOC_COV	+6.56018279E-07	+5.75994028E-07	+5.30686673E-06	-3.83209193E-07	+1.12670005E-06	-9.76418720E-07
GEOD_POS	-66.661578776	140.008433654	-35.026
GEOD_COV	+1.18453101E-16	+4.75814771E-17	+5.71548155E-06	-3.14820391E-18	-7.41790506E-13	-4.87537552E-12
UTM__54S	2605997.064	456166.575	-35.026
UTM__COV	+5.91718745E-07	+2.31678744E-07	+5.71548155E-06	-1.55264238E-08	-5.43684280E-07	-3.28058389E-08
MERC_POS	-10021028.264	15585667.541	-35.026
MERC_COV	+5.91718745E-07	+2.31678744E-07	+5.71548155E-06	-1.55264238E-08	-5.43684280E-07	-3.28058389E-08
VERT_I95	0.005
HORI_I95	0.002
3D___I95	0.005

GEOD_SYS	ITRF2005	2007.274000000	(RGTAAF)
GEOC_POS	-1941333.371	1628485.389	-5833532.199
GEOC_COV	+6.56000000E-07	+5.76000000E-07	+5.30700000E-06	-3.83000000E-07	+1.12700000E-06	-9.76000000E-07
GEOD_POS	-66.661577103	140.008430804	-35.022
GEOD_COV	+1.18556341E-16	+4.75709352E-17	+5.71553165E-06	-3.18490441E-18	-7.30907235E-13	-4.87675225E-12
UTM__54S	2605997.248	456166.446	-35.022
UTM__COV	+5.91587648E-07	+2.31880699E-07	+5.71553165E-06	-1.57074257E-08	-5.43837808E-07	-3.23245262E-08
MERC_POS	-10021027.794	15585667.224	-35.022
MERC_COV	+5.91587648E-07	+2.31880699E-07	+5.71553165E-06	-1.57074257E-08	-5.43837808E-07	-3.23245262E-08
VERT_I95	0.005
HORI_I95	0.002
3D___I95	0.005

