SOFT_NAM	Gins
SOFT_VER	25.2
SOFT_TYP	IPPP

TIME_SYS	TAI

GEOD_SYS	ITRF2020	2025.669858860
GEOC_POS	-5256935.930	-3060783.644	-1911113.788
GEOC_COV	+4.60902465E-05	+1.60874146E-05	+7.69500003E-06	+2.25530218E-05	+1.36248482E-05	+8.17194188E-06
GEOD_POS	-17.551459695	-149.790444095	8.719
GEOD_COV	+3.61063159E-16	+2.56685716E-16	+6.26586004E-05	-6.58523908E-17	-1.65908188E-11	+1.35345900E-11
UTM__06S	8057261.450	203761.983	8.719
UTM__COV	+3.14415916E-06	+4.06990159E-06	+6.26586004E-05	-7.73790372E-07	+1.49794723E-06	-1.76144134E-06
MERC_POS	-1972235.195	-16674595.962	8.719
MERC_COV	+3.14415916E-06	+4.06990159E-06	+6.26586004E-05	-7.73790372E-07	+1.49794723E-06	-1.76144134E-06
VERT_I95	0.016
HORI_I95	0.005
3D___I95	0.017

GEOD_SYS	ITRF1992	1993.000000000	(RGPF)
GEOC_POS	-5256934.569	-3060785.304	-1911114.853
GEOC_COV	+4.60900000E-05	+1.60870000E-05	+7.69500000E-06	+2.25530000E-05	+1.36250000E-05	+8.17200000E-06
GEOD_POS	-17.551469799	-149.790424136	8.715
GEOD_COV	+3.61031994E-16	+2.56675924E-16	+6.26584109E-05	-6.58524851E-17	-1.65918309E-11	+1.35326946E-11
UTM__06S	8057260.362	203764.120	8.715
UTM__COV	+3.14403921E-06	+4.06954984E-06	+6.26584109E-05	-7.73791437E-07	+1.49773746E-06	-1.76154870E-06
MERC_POS	-1972236.368	-16674593.740	8.715
MERC_COV	+3.14403921E-06	+4.06954984E-06	+6.26584109E-05	-7.73791437E-07	+1.49773746E-06	-1.76154870E-06
VERT_I95	0.016
HORI_I95	0.005
3D___I95	0.017

