SOFT_NAM	Gins
SOFT_VER	25.2
SOFT_TYP	IPPP

TIME_SYS	TAI

GEOD_SYS	ITRF2020	2025.672598586
GEOC_POS	-5256935.924	-3060783.646	-1911113.800
GEOC_COV	+4.26156162E-05	+1.45133834E-05	+7.79726572E-06	+2.01572340E-05	+1.37274305E-05	+7.93714969E-06
GEOD_POS	-17.551459815	-149.790444058	8.718
GEOD_COV	+3.63574364E-16	+2.27967141E-16	+5.80356739E-05	-5.43428648E-17	-2.05130063E-11	+2.97456196E-13
UTM__06S	8057261.437	203761.987	8.718
UTM__COV	+2.79238356E-06	+4.09820787E-06	+5.80356739E-05	-6.38549110E-07	+3.29211069E-08	-2.17785859E-06
MERC_POS	-1972235.209	-16674595.958	8.718
MERC_COV	+2.79238356E-06	+4.09820787E-06	+5.80356739E-05	-6.38549110E-07	+3.29211069E-08	-2.17785859E-06
VERT_I95	0.015
HORI_I95	0.005
3D___I95	0.016

GEOD_SYS	ITRF1992	1993.000000000	(RGPF)
GEOC_POS	-5256934.563	-3060785.305	-1911114.865
GEOC_COV	+4.26160000E-05	+1.45130000E-05	+7.79700000E-06	+2.01570000E-05	+1.37270000E-05	+7.93700000E-06
GEOD_POS	-17.551469920	-149.790424097	8.714
GEOD_COV	+3.63575819E-16	+2.27968310E-16	+5.80353783E-05	-5.43614960E-17	-2.05169603E-11	+3.01501414E-13
UTM__06S	8057260.349	203764.124	8.714
UTM__COV	+2.79239788E-06	+4.09822381E-06	+5.80353783E-05	-6.38767998E-07	+3.33688134E-08	-2.17827827E-06
MERC_POS	-1972236.382	-16674593.736	8.714
MERC_COV	+2.79239788E-06	+4.09822381E-06	+5.80353783E-05	-6.38767998E-07	+3.33688134E-08	-2.17827827E-06
VERT_I95	0.015
HORI_I95	0.005
3D___I95	0.016

