SOFT_NAM	Gins
SOFT_VER	22.2
SOFT_TYP	PPP

TIME_SYS	TAI

GEOD_SYS	ITRF2020	2023.935602771
GEOC_POS	-4918478.675	-3630275.899	-1813321.520
GEOC_COV	+9.22477092E-06	+6.39951425E-06	+1.57098595E-06	+4.32439190E-06	+3.01490490E-06	+2.23331982E-06
GEOD_POS	-16.627021918	-143.569366518	-0.055
GEOD_COV	+2.86682717E-16	+3.24174558E-17	+1.35347639E-05	-2.35680397E-18	-6.61206197E-13	-1.61997214E-12
UTM__07S	8159945.458	225895.760	-0.055
UTM__COV	+3.97010001E-07	+3.26349720E-06	+1.35347639E-05	-2.78275895E-08	-1.79274618E-07	-7.05468752E-08
MERC_POS	-1865231.284	-15982068.774	-0.055
MERC_COV	+3.97010001E-07	+3.26349720E-06	+1.35347639E-05	-2.78275895E-08	-1.79274618E-07	-7.05468752E-08
VERT_I95	0.007
HORI_I95	0.004
3D___I95	0.008

GEOD_SYS	ITRF1992	1993.000000000	(RGPF)
GEOC_POS	-4918477.201	-3630277.377	-1813322.533
GEOC_COV	+9.22500000E-06	+6.40000000E-06	+1.57100000E-06	+4.32400000E-06	+3.01500000E-06	+2.23300000E-06
GEOD_POS	-16.627031491	-143.569347171	-0.060
GEOD_COV	+2.86750367E-16	+3.24232144E-17	+1.35346525E-05	-2.33113824E-18	-6.62014497E-13	-1.61926626E-12
UTM__07S	8159944.425	225897.839	-0.060
UTM__COV	+3.97080526E-07	+3.26426698E-06	+1.35346525E-05	-2.75245440E-08	-1.79196502E-07	-7.06331125E-08
MERC_POS	-1865232.390	-15982066.621	-0.060
MERC_COV	+3.97080526E-07	+3.26426698E-06	+1.35346525E-05	-2.75245440E-08	-1.79196502E-07	-7.06331125E-08
VERT_I95	0.007
HORI_I95	0.004
3D___I95	0.008

