SOFT_NAM	Gins
SOFT_VER	22.2
SOFT_TYP	PPP

TIME_SYS	TAI

GEOD_SYS	ITRF2020	2023.938342497
GEOC_POS	-4918478.686	-3630275.897	-1813321.520
GEOC_COV	+1.18433329E-05	+8.16187843E-06	+1.96833509E-06	+5.80640988E-06	+3.90210362E-06	+3.05551415E-06
GEOD_POS	-16.627021904	-143.569366599	-0.048
GEOD_COV	+3.43615276E-16	+3.33387596E-17	+1.76536555E-05	-1.26145115E-17	-5.18333851E-14	-2.43980629E-12
UTM__07S	8159945.460	225895.752	-0.048
UTM__COV	+4.08293023E-07	+3.91159783E-06	+1.76536555E-05	-1.48943846E-07	-2.70001768E-07	-5.53032226E-09
MERC_POS	-1865231.283	-15982068.783	-0.048
MERC_COV	+4.08293023E-07	+3.91159783E-06	+1.76536555E-05	-1.48943846E-07	-2.70001768E-07	-5.53032226E-09
VERT_I95	0.008
HORI_I95	0.004
3D___I95	0.009

GEOD_SYS	ITRF1992	1993.000000000	(RGPF)
GEOC_POS	-4918477.212	-3630277.375	-1813322.534
GEOC_COV	+1.18430000E-05	+8.16200000E-06	+1.96800000E-06	+5.80600000E-06	+3.90200000E-06	+3.05600000E-06
GEOD_POS	-16.627031478	-143.569347250	-0.053
GEOD_COV	+3.43646321E-16	+3.33006706E-17	+1.76532226E-05	-1.26488576E-17	-4.97959898E-14	-2.44189878E-12
UTM__07S	8159944.426	225897.830	-0.053
UTM__COV	+4.07826555E-07	+3.91195084E-06	+1.76532226E-05	-1.49349375E-07	-2.70233334E-07	-5.31294371E-09
MERC_POS	-1865232.388	-15982066.629	-0.053
MERC_COV	+4.07826555E-07	+3.91195084E-06	+1.76532226E-05	-1.49349375E-07	-2.70233334E-07	-5.31294371E-09
VERT_I95	0.008
HORI_I95	0.004
3D___I95	0.009

