SOFT_NAM	Gins
SOFT_VER	25.1
SOFT_TYP	PPP

TIME_SYS	TAI

GEOD_SYS	ITRF2020	2026.097246607
GEOC_POS	-5746187.403	1425818.669	-2364769.034
GEOC_COV	+9.76451221E-06	+3.84931381E-06	+1.99635050E-06	-2.33380837E-07	+3.52089210E-06	-4.30602105E-07
GEOD_POS	-21.905864714	166.064479936	64.071
GEOD_COV	+3.82425680E-16	+4.95473287E-17	+1.09193811E-05	+3.48755100E-18	+1.21145817E-11	+6.06262188E-13
UTM__58S	7577211.344	609953.482	64.071
UTM__COV	+6.07507734E-07	+4.08328773E-06	+1.09193811E-05	+3.99041274E-08	+6.71314868E-08	+1.25181425E-06
MERC_POS	-2484292.198	18486213.345	64.071
MERC_COV	+6.07507734E-07	+4.08328773E-06	+1.09193811E-05	+3.99041274E-08	+6.71314868E-08	+1.25181425E-06
VERT_I95	0.007
HORI_I95	0.004
3D___I95	0.008

GEOD_SYS	ITRF1990	1989.000000000	(RGNC91-93)
GEOC_POS	-5746186.577	1425819.331	-2364770.661
GEOC_COV	+9.76500000E-06	+3.84900000E-06	+1.99600000E-06	-2.33000000E-07	+3.52100000E-06	-4.31000000E-07
GEOD_POS	-21.905880512	166.064471792	64.083
GEOD_COV	+3.82417432E-16	+4.95143892E-17	+1.09196974E-05	+3.53386090E-18	+1.21179963E-11	+6.06898899E-13
UTM__58S	7577209.601	609952.629	64.083
UTM__COV	+6.07103862E-07	+4.08319878E-06	+1.09196974E-05	+4.04339953E-08	+6.72019901E-08	+1.25216695E-06
MERC_POS	-2484294.083	18486212.439	64.083
MERC_COV	+6.07103862E-07	+4.08319878E-06	+1.09196974E-05	+4.04339953E-08	+6.72019901E-08	+1.25216695E-06
VERT_I95	0.007
HORI_I95	0.004
3D___I95	0.008

GEOD_SYS	ITRF2005	2007.274000000	(RGTAAF)
GEOC_POS	-5746186.992	1425818.991	-2364769.846
GEOC_COV	+9.76500000E-06	+3.84900000E-06	+1.99600000E-06	-2.33000000E-07	+3.52100000E-06	-4.31000000E-07
GEOD_POS	-21.905872606	166.064475956	64.076
GEOD_COV	+3.82417375E-16	+4.95143880E-17	+1.09196975E-05	+3.53385345E-18	+1.21179913E-11	+6.06886380E-13
UTM__58S	7577210.473	609953.065	64.076
UTM__COV	+6.07103845E-07	+4.08319861E-06	+1.09196975E-05	+4.04339122E-08	+6.72006038E-08	+1.25216650E-06
MERC_POS	-2484293.140	18486212.902	64.076
MERC_COV	+6.07103845E-07	+4.08319861E-06	+1.09196975E-05	+4.04339122E-08	+6.72006038E-08	+1.25216650E-06
VERT_I95	0.007
HORI_I95	0.004
3D___I95	0.008

