SOFT_NAM	Gins
SOFT_VER	25.1
SOFT_TYP	PPP

TIME_SYS	TAI

GEOD_SYS	ITRF2020	2026.094506881
GEOC_POS	-5746187.393	1425818.653	-2364769.026
GEOC_COV	+1.23665301E-05	+4.24065489E-06	+2.29771102E-06	-7.92741766E-07	+4.26433047E-06	-5.47299055E-07
GEOD_POS	-21.905864695	166.064480070	64.056
GEOD_COV	+4.06595222E-16	+5.94287545E-17	+1.38348765E-05	-1.12087452E-18	+1.25518702E-11	+3.32932596E-12
UTM__58S	7577211.346	609953.496	64.056
UTM__COV	+7.28665475E-07	+4.34135404E-06	+1.38348765E-05	-1.28249076E-08	+3.68656673E-07	+1.29699979E-06
MERC_POS	-2484292.196	18486213.360	64.056
MERC_COV	+7.28665475E-07	+4.34135404E-06	+1.38348765E-05	-1.28249076E-08	+3.68656673E-07	+1.29699979E-06
VERT_I95	0.007
HORI_I95	0.005
3D___I95	0.009

GEOD_SYS	ITRF1990	1989.000000000	(RGNC91-93)
GEOC_POS	-5746186.567	1425819.315	-2364770.653
GEOC_COV	+1.23670000E-05	+4.24100000E-06	+2.29800000E-06	-7.93000000E-07	+4.26400000E-06	-5.47000000E-07
GEOD_POS	-21.905880492	166.064471926	64.067
GEOD_COV	+4.06617036E-16	+5.94778587E-17	+1.38351464E-05	-1.14443048E-18	+1.25508567E-11	+3.33283798E-12
UTM__58S	7577209.603	609952.643	64.067
UTM__COV	+7.29267555E-07	+4.34158602E-06	+1.38351464E-05	-1.30944306E-08	+3.69045561E-07	+1.29689493E-06
MERC_POS	-2484294.081	18486212.454	64.067
MERC_COV	+7.29267555E-07	+4.34158602E-06	+1.38351464E-05	-1.30944306E-08	+3.69045561E-07	+1.29689493E-06
VERT_I95	0.007
HORI_I95	0.005
3D___I95	0.009

GEOD_SYS	ITRF2005	2007.274000000	(RGTAAF)
GEOC_POS	-5746186.982	1425818.974	-2364769.838
GEOC_COV	+1.23670000E-05	+4.24100000E-06	+2.29800000E-06	-7.93000000E-07	+4.26400000E-06	-5.47000000E-07
GEOD_POS	-21.905872586	166.064476090	64.061
GEOD_COV	+4.06616976E-16	+5.94778506E-17	+1.38351467E-05	-1.14443968E-18	+1.25508497E-11	+3.33282196E-12
UTM__58S	7577210.475	609953.079	64.061
UTM__COV	+7.29267453E-07	+4.34158585E-06	+1.38351467E-05	-1.30945366E-08	+3.69043786E-07	+1.29689427E-06
MERC_POS	-2484293.138	18486212.917	64.061
MERC_COV	+7.29267453E-07	+4.34158585E-06	+1.38351467E-05	-1.30945366E-08	+3.69043786E-07	+1.29689427E-06
VERT_I95	0.007
HORI_I95	0.005
3D___I95	0.009

