SOFT_NAM	Gins
SOFT_VER	24.1
SOFT_TYP	PPP

TIME_SYS	TAI

GEOD_SYS	ITRF2020	2024.668019157
GEOC_POS	-4142928.132	-4159207.514	-2485168.165
GEOC_COV	+8.60228649E-06	+7.94133254E-06	+2.71563015E-06	+4.48813882E-06	+3.87142759E-06	+3.75499177E-06
GEOD_POS	-23.082931309	-134.887650752	-6.784
GEOD_COV	+3.60545407E-16	+3.01268545E-17	+1.51047581E-05	-4.49454273E-18	-3.48071951E-12	-1.01559236E-12
UTM__08S	7447295.293	511506.682	-6.784
UTM__COV	+3.69489794E-07	+3.78500124E-06	+1.51047581E-05	-5.09991423E-08	-1.12471828E-07	-3.56633435E-07
MERC_POS	-2625304.936	-15015624.596	-6.784
MERC_COV	+3.69489794E-07	+3.78500124E-06	+1.51047581E-05	-5.09991423E-08	-1.12471828E-07	-3.56633435E-07
VERT_I95	0.008
HORI_I95	0.004
3D___I95	0.009

GEOD_SYS	ITRF1992	1993.000000000	(RGPF)
GEOC_POS	-4142926.359	-4159208.720	-2485169.091
GEOC_COV	+8.60200000E-06	+7.94100000E-06	+2.71600000E-06	+4.48800000E-06	+3.87100000E-06	+3.75500000E-06
GEOD_POS	-23.082940411	-134.887630185	-6.787
GEOD_COV	+3.60529228E-16	+3.01641559E-17	+1.51042218E-05	-4.52031137E-18	-3.47977638E-12	-1.01638613E-12
UTM__08S	7447294.284	511508.787	-6.787
UTM__COV	+3.69947277E-07	+3.78483089E-06	+1.51042218E-05	-5.12915331E-08	-1.12559734E-07	-3.56536779E-07
MERC_POS	-2625306.031	-15015622.307	-6.787
MERC_COV	+3.69947277E-07	+3.78483089E-06	+1.51042218E-05	-5.12915331E-08	-1.12559734E-07	-3.56536779E-07
VERT_I95	0.008
HORI_I95	0.004
3D___I95	0.009

GEOD_SYS	ITRF2005	2007.274000000	(RGTAAF)
GEOC_POS	-4142927.164	-4159208.183	-2485168.666
GEOC_COV	+8.60200000E-06	+7.94100000E-06	+2.71600000E-06	+4.48800000E-06	+3.87100000E-06	+3.75500000E-06
GEOD_POS	-23.082936216	-134.887639450	-6.780
GEOD_COV	+3.60529195E-16	+3.01641578E-17	+1.51042219E-05	-4.52032948E-18	-3.47975994E-12	-1.01639560E-12
UTM__08S	7447294.749	511507.839	-6.780
UTM__COV	+3.69947300E-07	+3.78483078E-06	+1.51042219E-05	-5.12917403E-08	-1.12560783E-07	-3.56535105E-07
MERC_POS	-2625305.526	-15015623.338	-6.780
MERC_COV	+3.69947300E-07	+3.78483078E-06	+1.51042219E-05	-5.12917403E-08	-1.12560783E-07	-3.56535105E-07
VERT_I95	0.008
HORI_I95	0.004
3D___I95	0.009

