SOFT_NAM	Gins
SOFT_VER	24.1
SOFT_TYP	PPP

TIME_SYS	TAI

GEOD_SYS	ITRF2020	2024.659822436
GEOC_POS	-4142928.132	-4159207.517	-2485168.166
GEOC_COV	+6.27295122E-06	+5.33028640E-06	+1.81274383E-06	+3.02173466E-06	+2.64293521E-06	+2.44558248E-06
GEOD_POS	-23.082931313	-134.887650735	-6.782
GEOD_COV	+2.64979909E-16	+2.40356202E-17	+1.03394416E-05	-4.80919853E-18	-4.89922736E-12	+3.25956673E-13
UTM__08S	7447295.293	511506.683	-6.782
UTM__COV	+2.94784056E-07	+2.78175583E-06	+1.03394416E-05	-5.45695113E-08	+3.60980885E-08	-5.01973308E-07
MERC_POS	-2625304.936	-15015624.594	-6.782
MERC_COV	+2.94784056E-07	+2.78175583E-06	+1.03394416E-05	-5.45695113E-08	+3.60980885E-08	-5.01973308E-07
VERT_I95	0.006
HORI_I95	0.004
3D___I95	0.007

GEOD_SYS	ITRF1992	1993.000000000	(RGPF)
GEOC_POS	-4142926.360	-4159208.723	-2485169.093
GEOC_COV	+6.27300000E-06	+5.33000000E-06	+1.81300000E-06	+3.02200000E-06	+2.64300000E-06	+2.44600000E-06
GEOD_POS	-23.082940413	-134.887630174	-6.784
GEOD_COV	+2.64943447E-16	+2.40350367E-17	+1.03398504E-05	-4.83516953E-18	-4.89981422E-12	+3.23475175E-13
UTM__08S	7447294.284	511508.789	-6.784
UTM__COV	+2.94776900E-07	+2.78137267E-06	+1.03398504E-05	-5.48641980E-08	+3.58232749E-08	-5.02033403E-07
MERC_POS	-2625306.031	-15015622.305	-6.784
MERC_COV	+2.94776900E-07	+2.78137267E-06	+1.03398504E-05	-5.48641980E-08	+3.58232749E-08	-5.02033403E-07
VERT_I95	0.006
HORI_I95	0.004
3D___I95	0.007

GEOD_SYS	ITRF2005	2007.274000000	(RGTAAF)
GEOC_POS	-4142927.165	-4159208.186	-2485168.668
GEOC_COV	+6.27300000E-06	+5.33000000E-06	+1.81300000E-06	+3.02200000E-06	+2.64300000E-06	+2.44600000E-06
GEOD_POS	-23.082936218	-134.887639439	-6.778
GEOD_COV	+2.64943416E-16	+2.40350368E-17	+1.03398506E-05	-4.83517956E-18	-4.89980311E-12	+3.23468895E-13
UTM__08S	7447294.749	511507.840	-6.778
UTM__COV	+2.94776902E-07	+2.78137252E-06	+1.03398506E-05	-5.48643136E-08	+3.58225794E-08	-5.02032281E-07
MERC_POS	-2625305.526	-15015623.337	-6.778
MERC_COV	+2.94776902E-07	+2.78137252E-06	+1.03398506E-05	-5.48643136E-08	+3.58225794E-08	-5.02032281E-07
VERT_I95	0.006
HORI_I95	0.004
3D___I95	0.007

