SOFT_NAM	Gins
SOFT_VER	24.1
SOFT_TYP	PPP

TIME_SYS	TAI

GEOD_SYS	ITRF2020	2024.665286917
GEOC_POS	-4142928.137	-4159207.523	-2485168.168
GEOC_COV	+7.23213948E-06	+5.44777505E-06	+2.07996553E-06	+3.94935053E-06	+3.26926754E-06	+2.65948967E-06
GEOD_POS	-23.082931297	-134.887650730	-6.775
GEOD_COV	+2.28056658E-16	+2.59159066E-17	+1.20478993E-05	+4.26172651E-18	-9.83085317E-12	+5.12563479E-13
UTM__08S	7447295.295	511506.684	-6.775
UTM__COV	+3.17844766E-07	+2.39413600E-06	+1.20478993E-05	+4.83573993E-08	+5.67638689E-08	-1.00726615E-06
MERC_POS	-2625304.934	-15015624.594	-6.775
MERC_COV	+3.17844766E-07	+2.39413600E-06	+1.20478993E-05	+4.83573993E-08	+5.67638689E-08	-1.00726615E-06
VERT_I95	0.007
HORI_I95	0.003
3D___I95	0.008

GEOD_SYS	ITRF1992	1993.000000000	(RGPF)
GEOC_POS	-4142926.364	-4159208.728	-2485169.094
GEOC_COV	+7.23200000E-06	+5.44800000E-06	+2.08000000E-06	+3.94900000E-06	+3.26900000E-06	+2.65900000E-06
GEOD_POS	-23.082940399	-134.887630165	-6.777
GEOD_COV	+2.28094143E-16	+2.59459488E-17	+1.20472576E-05	+4.28072933E-18	-9.82983378E-12	+5.14817165E-13
UTM__08S	7447294.285	511508.790	-6.777
UTM__COV	+3.18213218E-07	+2.39452919E-06	+1.20472576E-05	+4.85730192E-08	+5.70134535E-08	-1.00716164E-06
MERC_POS	-2625306.029	-15015622.304	-6.777
MERC_COV	+3.18213218E-07	+2.39452919E-06	+1.20472576E-05	+4.85730192E-08	+5.70134535E-08	-1.00716164E-06
VERT_I95	0.007
HORI_I95	0.003
3D___I95	0.008

GEOD_SYS	ITRF2005	2007.274000000	(RGTAAF)
GEOC_POS	-4142927.169	-4159208.191	-2485168.669
GEOC_COV	+7.23200000E-06	+5.44800000E-06	+2.08000000E-06	+3.94900000E-06	+3.26900000E-06	+2.65900000E-06
GEOD_POS	-23.082936204	-134.887639430	-6.771
GEOD_COV	+2.28094101E-16	+2.59459475E-17	+1.20472579E-05	+4.28072484E-18	-9.82981938E-12	+5.14809922E-13
UTM__08S	7447294.751	511507.841	-6.771
UTM__COV	+3.18213203E-07	+2.39452890E-06	+1.20472579E-05	+4.85729698E-08	+5.70126514E-08	-1.00716019E-06
MERC_POS	-2625305.524	-15015623.336	-6.771
MERC_COV	+3.18213203E-07	+2.39452890E-06	+1.20472579E-05	+4.85729698E-08	+5.70126514E-08	-1.00716019E-06
VERT_I95	0.007
HORI_I95	0.003
3D___I95	0.008

