SOFT_NAM	Gins
SOFT_VER	22.1
SOFT_TYP	PPP

TIME_SYS	TAI

GEOD_SYS	ITRF2020	2023.179438388
GEOC_POS	-5741239.722	1387195.159	-2399269.658
GEOC_COV	+1.91051812E-05	+5.75602143E-06	+3.81756069E-06	-2.55223357E-06	+7.93513179E-06	-1.55680601E-06
GEOD_POS	-22.242081541	166.416565093	62.929
GEOD_COV	+5.01278455E-16	+3.33123009E-17	+2.29432329E-05	-2.65213007E-18	+8.26156884E-12	-2.32427085E-12
UTM__58S	7539694.444	645980.262	62.929
UTM__COV	+4.08480870E-07	+5.32704963E-06	+2.29432329E-05	-3.02748651E-08	-2.57377324E-07	+8.51660250E-07
MERC_POS	-2524447.813	18525407.286	62.929
MERC_COV	+4.08480870E-07	+5.32704963E-06	+2.29432329E-05	-3.02748651E-08	-2.57377324E-07	+8.51660250E-07
VERT_I95	0.010
HORI_I95	0.005
3D___I95	0.011

GEOD_SYS	ITRF1990	1989.000000000	(RGNC91-93)
GEOC_POS	-5741238.960	1387195.745	-2399271.162
GEOC_COV	+1.91050000E-05	+5.75600000E-06	+3.81800000E-06	-2.55200000E-06	+7.93500000E-06	-1.55700000E-06
GEOD_POS	-22.242096168	166.416557831	62.941
GEOD_COV	+5.01285766E-16	+3.33444397E-17	+2.29429988E-05	-2.62865500E-18	+8.26232186E-12	-2.32596028E-12
UTM__58S	7539692.831	645979.498	62.941
UTM__COV	+4.08874964E-07	+5.32712623E-06	+2.29429988E-05	-3.00068872E-08	-2.57564404E-07	+8.51737790E-07
MERC_POS	-2524449.562	18525406.477	62.941
MERC_COV	+4.08874964E-07	+5.32712623E-06	+2.29429988E-05	-3.00068872E-08	-2.57564404E-07	+8.51737790E-07
VERT_I95	0.010
HORI_I95	0.005
3D___I95	0.011

GEOD_SYS	ITRF2005	2007.274000000	(RGTAAF)
GEOC_POS	-5741239.375	1387195.419	-2399270.346
GEOC_COV	+1.91050000E-05	+5.75600000E-06	+3.81800000E-06	-2.55200000E-06	+7.93500000E-06	-1.55700000E-06
GEOD_POS	-22.242088235	166.416561853	62.934
GEOD_COV	+5.01285700E-16	+3.33444456E-17	+2.29429988E-05	-2.62865227E-18	+8.26231033E-12	-2.32598827E-12
UTM__58S	7539693.706	645979.921	62.934
UTM__COV	+4.08875035E-07	+5.32712612E-06	+2.29429988E-05	-3.00068576E-08	-2.57567503E-07	+8.51736649E-07
MERC_POS	-2524448.614	18525406.925	62.934
MERC_COV	+4.08875035E-07	+5.32712612E-06	+2.29429988E-05	-3.00068576E-08	-2.57567503E-07	+8.51736649E-07
VERT_I95	0.010
HORI_I95	0.005
3D___I95	0.011

