SOFT_NAM	Gins
SOFT_VER	25.2
SOFT_TYP	IPPP

TIME_SYS	TAI

GEOD_SYS	ITRF2020	2022.782187627
GEOC_POS	-5047638.144	-2974912.574	-2511846.315
GEOC_COV	+1.58865371E-05	+4.80525444E-06	+4.89757594E-06	+7.32732323E-06	+7.94786023E-06	+4.03934564E-06
GEOD_POS	-23.345013575	-149.486295508	1.408
GEOD_COV	+1.19701800E-16	+5.75943928E-17	+2.36312160E-05	-3.76133658E-19	-1.38063530E-11	-7.33790560E-12
UTM__06S	7416099.982	245797.717	1.408
UTM__COV	+7.06413382E-07	+1.25173812E-06	+2.36312160E-05	-4.25978768E-09	-8.12664853E-07	-1.41183964E-06
MERC_POS	-2656870.252	-16640738.296	1.408
MERC_COV	+7.06413382E-07	+1.25173812E-06	+2.36312160E-05	-4.25978768E-09	-8.12664853E-07	-1.41183964E-06
VERT_I95	0.010
HORI_I95	0.003
3D___I95	0.010

GEOD_SYS	ITRF1992	1993.000000000	(RGPF)
GEOC_POS	-5047636.841	-2974913.986	-2511847.252
GEOC_COV	+1.58870000E-05	+4.80500000E-06	+4.89800000E-06	+7.32700000E-06	+7.94800000E-06	+4.03900000E-06
GEOD_POS	-23.345022795	-149.486277141	1.407
GEOD_COV	+1.19722291E-16	+5.76267225E-17	+2.36312379E-05	-3.62690620E-19	-1.38120693E-11	-7.33894167E-12
UTM__06S	7416098.993	245799.613	1.407
UTM__COV	+7.06809917E-07	+1.25195222E-06	+2.36312379E-05	-4.10754235E-09	-8.12779597E-07	-1.41242409E-06
MERC_POS	-2656871.363	-16640736.252	1.407
MERC_COV	+7.06809917E-07	+1.25195222E-06	+2.36312379E-05	-4.10754235E-09	-8.12779597E-07	-1.41242409E-06
VERT_I95	0.010
HORI_I95	0.003
3D___I95	0.010

GEOD_SYS	ITRF2005	2007.274000000	(RGTAAF)
GEOC_POS	-5047637.471	-2974913.316	-2511846.796
GEOC_COV	+1.58870000E-05	+4.80500000E-06	+4.89800000E-06	+7.32700000E-06	+7.94800000E-06	+4.03900000E-06
GEOD_POS	-23.345018290	-149.486285920	1.412
GEOD_COV	+1.19722245E-16	+5.76267330E-17	+2.36312381E-05	-3.62693820E-19	-1.38120385E-11	-7.33895717E-12
UTM__06S	7416099.476	245798.707	1.412
UTM__COV	+7.06810047E-07	+1.25195183E-06	+2.36312381E-05	-4.10757873E-09	-8.12781314E-07	-1.41242099E-06
MERC_POS	-2656870.820	-16640737.229	1.412
MERC_COV	+7.06810047E-07	+1.25195183E-06	+2.36312381E-05	-4.10757873E-09	-8.12781314E-07	-1.41242099E-06
VERT_I95	0.010
HORI_I95	0.003
3D___I95	0.010

