SOFT_NAM	Gins
SOFT_VER	25.2
SOFT_TYP	IPPP

TIME_SYS	TAI

GEOD_SYS	ITRF2020	2022.787667079
GEOC_POS	-5047638.053	-2974912.540	-2511846.289
GEOC_COV	+1.72809923E-05	+5.77227884E-06	+5.56930140E-06	+8.12383669E-06	+8.01238342E-06	+4.29061843E-06
GEOD_POS	-23.345013698	-149.486295345	1.310
GEOD_COV	+1.56077626E-16	+1.18257178E-16	+2.55399860E-05	-8.31180488E-18	-1.13090493E-11	-4.17093455E-12
UTM__06S	7416099.968	245797.734	1.310
UTM__COV	+1.45046152E-06	+1.63212506E-06	+2.55399860E-05	-9.41328225E-08	-4.61926338E-07	-1.15646499E-06
MERC_POS	-2656870.267	-16640738.278	1.310
MERC_COV	+1.45046152E-06	+1.63212506E-06	+2.55399860E-05	-9.41328225E-08	-4.61926338E-07	-1.15646499E-06
VERT_I95	0.010
HORI_I95	0.004
3D___I95	0.011

GEOD_SYS	ITRF1992	1993.000000000	(RGPF)
GEOC_POS	-5047636.749	-2974913.952	-2511847.226
GEOC_COV	+1.72810000E-05	+5.77200000E-06	+5.56900000E-06	+8.12400000E-06	+8.01200000E-06	+4.29100000E-06
GEOD_POS	-23.345022920	-149.486276974	1.308
GEOD_COV	+1.56044451E-16	+1.18245534E-16	+2.55399034E-05	-8.35585794E-18	-1.13075051E-11	-4.16881308E-12
UTM__06S	7416098.979	245799.630	1.308
UTM__COV	+1.45031870E-06	+1.63177792E-06	+2.55399034E-05	-9.46317256E-08	-4.61691388E-07	-1.15630700E-06
MERC_POS	-2656871.378	-16640736.233	1.308
MERC_COV	+1.45031870E-06	+1.63177792E-06	+2.55399034E-05	-9.46317256E-08	-4.61691388E-07	-1.15630700E-06
VERT_I95	0.010
HORI_I95	0.004
3D___I95	0.011

GEOD_SYS	ITRF2005	2007.274000000	(RGTAAF)
GEOC_POS	-5047637.380	-2974913.282	-2511846.770
GEOC_COV	+1.72810000E-05	+5.77200000E-06	+5.56900000E-06	+8.12400000E-06	+8.01200000E-06	+4.29100000E-06
GEOD_POS	-23.345018415	-149.486285753	1.314
GEOD_COV	+1.56044408E-16	+1.18245540E-16	+2.55399036E-05	-8.35585633E-18	-1.13074722E-11	-4.16882942E-12
UTM__06S	7416099.463	245798.724	1.314
UTM__COV	+1.45031878E-06	+1.63177758E-06	+2.55399036E-05	-9.46317107E-08	-4.61693197E-07	-1.15630367E-06
MERC_POS	-2656870.835	-16640737.211	1.314
MERC_COV	+1.45031878E-06	+1.63177758E-06	+2.55399036E-05	-9.46317107E-08	-4.61693197E-07	-1.15630367E-06
VERT_I95	0.010
HORI_I95	0.004
3D___I95	0.011

