SOFT_NAM	Gins
SOFT_VER	25.2
SOFT_TYP	IPPP

TIME_SYS	TAI

GEOD_SYS	ITRF2020	2022.784927353
GEOC_POS	-5047638.137	-2974912.575	-2511846.318
GEOC_COV	+9.16152591E-06	+3.12928364E-06	+2.83497384E-06	+4.24259427E-06	+4.35263814E-06	+2.30036081E-06
GEOD_POS	-23.345013621	-149.486295470	1.404
GEOD_COV	+9.30256785E-17	+4.79867926E-17	+1.35644280E-05	-1.91528849E-18	-6.12414342E-12	-2.59142646E-12
UTM__06S	7416099.977	245797.721	1.404
UTM__COV	+5.88573137E-07	+9.72782260E-07	+1.35644280E-05	-2.16910189E-08	-2.86997587E-07	-6.26255785E-07
MERC_POS	-2656870.257	-16640738.292	1.404
MERC_COV	+5.88573137E-07	+9.72782260E-07	+1.35644280E-05	-2.16910189E-08	-2.86997587E-07	-6.26255785E-07
VERT_I95	0.007
HORI_I95	0.002
3D___I95	0.008

GEOD_SYS	ITRF1992	1993.000000000	(RGPF)
GEOC_POS	-5047636.834	-2974913.987	-2511847.255
GEOC_COV	+9.16200000E-06	+3.12900000E-06	+2.83500000E-06	+4.24300000E-06	+4.35300000E-06	+2.30000000E-06
GEOD_POS	-23.345022842	-149.486277101	1.403
GEOD_COV	+9.29833398E-17	+4.79890695E-17	+1.35650596E-05	-1.87991107E-18	-6.12730759E-12	-2.59020868E-12
UTM__06S	7416098.988	245799.617	1.403
UTM__COV	+5.88601065E-07	+9.72339384E-07	+1.35650596E-05	-2.12903612E-08	-2.86862720E-07	-6.26579310E-07
MERC_POS	-2656871.369	-16640736.248	1.403
MERC_COV	+5.88601065E-07	+9.72339384E-07	+1.35650596E-05	-2.12903612E-08	-2.86862720E-07	-6.26579310E-07
VERT_I95	0.007
HORI_I95	0.002
3D___I95	0.008

GEOD_SYS	ITRF2005	2007.274000000	(RGTAAF)
GEOC_POS	-5047637.464	-2974913.317	-2511846.800
GEOC_COV	+9.16200000E-06	+3.12900000E-06	+2.83500000E-06	+4.24300000E-06	+4.35300000E-06	+2.30000000E-06
GEOD_POS	-23.345018337	-149.486285880	1.408
GEOD_COV	+9.29833162E-17	+4.79890734E-17	+1.35650597E-05	-1.87991228E-18	-6.12729024E-12	-2.59021753E-12
UTM__06S	7416099.471	245798.711	1.408
UTM__COV	+5.88601113E-07	+9.72339204E-07	+1.35650597E-05	-2.12903757E-08	-2.86863700E-07	-6.26577558E-07
MERC_POS	-2656870.826	-16640737.225	1.408
MERC_COV	+5.88601113E-07	+9.72339204E-07	+1.35650597E-05	-2.12903757E-08	-2.86863700E-07	-6.26577558E-07
VERT_I95	0.007
HORI_I95	0.002
3D___I95	0.008

