SOFT_NAM	Gins
SOFT_VER	24.1
SOFT_TYP	PPP

TIME_SYS	TAI

GEOD_SYS	ITRF2020	2024.741789649
GEOC_POS	-5222939.024	-3101730.280	-1937949.255
GEOC_COV	+1.19108038E-05	+6.41590617E-06	+1.98671724E-06	+5.03407388E-06	+4.13712223E-06	+2.33747011E-06
GEOD_POS	-17.805936091	-149.295328282	11.730
GEOD_COV	+3.05003793E-16	+3.49234479E-17	+1.64572823E-05	+8.24385793E-18	-3.26517346E-13	-9.30989477E-13
UTM__06S	8029793.845	256692.855	11.730
UTM__COV	+4.27801967E-07	+3.42834292E-06	+1.64572823E-05	+9.67348223E-08	-1.03040416E-07	-3.46175052E-08
MERC_POS	-2001786.737	-16619479.922	11.730
MERC_COV	+4.27801967E-07	+3.42834292E-06	+1.64572823E-05	+9.67348223E-08	-1.03040416E-07	-3.46175052E-08
VERT_I95	0.008
HORI_I95	0.004
3D___I95	0.009

GEOD_SYS	ITRF1992	1993.000000000	(RGPF)
GEOC_POS	-5222937.684	-3101731.879	-1937950.287
GEOC_COV	+1.19110000E-05	+6.41600000E-06	+1.98700000E-06	+5.03400000E-06	+4.13700000E-06	+2.33700000E-06
GEOD_POS	-17.805945900	-149.295308855	11.726
GEOD_COV	+3.05020320E-16	+3.49615760E-17	+1.64572027E-05	+8.26952708E-18	-3.28264143E-13	-9.28897756E-13
UTM__06S	8029792.784	256694.929	11.726
UTM__COV	+4.28269025E-07	+3.42852831E-06	+1.64572027E-05	+9.70360231E-08	-1.02808908E-07	-3.48026994E-08
MERC_POS	-2001787.877	-16619477.760	11.726
MERC_COV	+4.28269025E-07	+3.42852831E-06	+1.64572027E-05	+9.70360231E-08	-1.02808908E-07	-3.48026994E-08
VERT_I95	0.008
HORI_I95	0.004
3D___I95	0.009

