SOFT_NAM	Gins
SOFT_VER	20.1.1
SOFT_TYP	IPPP

TIME_SYS	TAI

GEOD_SYS	ITRF2014	2021.853410991
GEOC_POS	-5749903.603	1331284.753	-2410097.748
GEOC_COV	+5.07821122E-05	+2.18462698E-05	+9.93332253E-06	-8.39162784E-06	+2.02310460E-05	-3.12024143E-06
GEOD_POS	-22.347767417	166.963914652	62.444
GEOD_COV	+1.85000914E-15	+1.46928798E-16	+6.11296293E-05	-1.62835505E-16	-4.96218404E-12	+5.72119472E-12
UTM__58S	7527360.950	702247.294	62.444
UTM__COV	+1.80171152E-06	+1.96303638E-05	+6.11296293E-05	-1.85744305E-06	+6.33542705E-07	-5.11152047E-07
MERC_POS	-2537090.338	18586337.960	62.444
MERC_COV	+1.80171152E-06	+1.96303638E-05	+6.11296293E-05	-1.85744305E-06	+6.33542705E-07	-5.11152047E-07
VERT_I95	0.016
HORI_I95	0.009
3D___I95	0.018

GEOD_SYS	ITRF1990	1989.000000000	(RGNC91-93)
GEOC_POS	-5749902.880	1331285.315	-2410099.179
GEOC_COV	+5.07820000E-05	+2.18460000E-05	+9.93300000E-06	-8.39200000E-06	+2.02310000E-05	-3.12000000E-06
GEOD_POS	-22.347781357	166.963907748	62.455
GEOD_COV	+1.84996938E-15	+1.46912544E-16	+6.11295497E-05	-1.62863814E-16	-4.96399549E-12	+5.72312665E-12
UTM__58S	7527359.416	702246.563	62.455
UTM__COV	+1.80151222E-06	+1.96299380E-05	+6.11295497E-05	-1.85776579E-06	+6.33756641E-07	-5.11338594E-07
MERC_POS	-2537092.006	18586337.191	62.455
MERC_COV	+1.80151222E-06	+1.96299380E-05	+6.11295497E-05	-1.85776579E-06	+6.33756641E-07	-5.11338594E-07
VERT_I95	0.016
HORI_I95	0.009
3D___I95	0.018

GEOD_SYS	ITRF2005	2007.274000000	(RGTAAF)
GEOC_POS	-5749903.290	1331284.992	-2410098.374
GEOC_COV	+5.07820000E-05	+2.18460000E-05	+9.93300000E-06	-8.39200000E-06	+2.02310000E-05	-3.12000000E-06
GEOD_POS	-22.347773512	166.963911710	62.450
GEOD_COV	+1.84996919E-15	+1.46912522E-16	+6.11295498E-05	-1.62863762E-16	-4.96402361E-12	+5.72305210E-12
UTM__58S	7527360.279	702246.982	62.450
UTM__COV	+1.80151195E-06	+1.96299382E-05	+6.11295498E-05	-1.85776530E-06	+6.33748385E-07	-5.11341519E-07
MERC_POS	-2537091.067	18586337.632	62.450
MERC_COV	+1.80151195E-06	+1.96299382E-05	+6.11295498E-05	-1.85776530E-06	+6.33748385E-07	-5.11341519E-07
VERT_I95	0.016
HORI_I95	0.009
3D___I95	0.018

