SOFT_NAM	Gins
SOFT_VER	20.1.1
SOFT_TYP	IPPP

TIME_SYS	TAI

GEOD_SYS	ITRF2014	2021.856150717
GEOC_POS	-5749903.600	1331284.749	-2410097.740
GEOC_COV	+4.92163519E-05	+9.42250297E-06	+9.50131657E-06	-6.67442830E-06	+1.99681443E-05	-3.16159234E-06
GEOD_POS	-22.347767367	166.963914686	62.438
GEOD_COV	+8.02355698E-16	+9.70764910E-17	+5.84360126E-05	-2.38106082E-17	+2.99433113E-11	-4.46249026E-13
UTM__58S	7527360.955	702247.298	62.438
UTM__COV	+1.19039858E-06	+8.51376021E-06	+5.84360126E-05	-2.71604456E-07	-4.94158700E-08	+3.08444522E-06
MERC_POS	-2537090.332	18586337.964	62.438
MERC_COV	+1.19039858E-06	+8.51376021E-06	+5.84360126E-05	-2.71604456E-07	-4.94158700E-08	+3.08444522E-06
VERT_I95	0.015
HORI_I95	0.006
3D___I95	0.017

GEOD_SYS	ITRF1990	1989.000000000	(RGNC91-93)
GEOC_POS	-5749902.877	1331285.311	-2410099.172
GEOC_COV	+4.92160000E-05	+9.42300000E-06	+9.50100000E-06	-6.67400000E-06	+1.99680000E-05	-3.16200000E-06
GEOD_POS	-22.347781309	166.963907781	62.448
GEOD_COV	+8.02416428E-16	+9.70513346E-17	+5.84355069E-05	-2.37691287E-17	+2.99435620E-11	-4.46385157E-13
UTM__58S	7527359.421	702246.566	62.448
UTM__COV	+1.19009011E-06	+8.51440295E-06	+5.84355069E-05	-2.71131279E-07	-4.94309448E-08	+3.08447075E-06
MERC_POS	-2537092.000	18586337.195	62.448
MERC_COV	+1.19009011E-06	+8.51440295E-06	+5.84355069E-05	-2.71131279E-07	-4.94309448E-08	+3.08447075E-06
VERT_I95	0.015
HORI_I95	0.006
3D___I95	0.017

GEOD_SYS	ITRF2005	2007.274000000	(RGTAAF)
GEOC_POS	-5749903.287	1331284.987	-2410098.367
GEOC_COV	+4.92160000E-05	+9.42300000E-06	+9.50100000E-06	-6.67400000E-06	+1.99680000E-05	-3.16200000E-06
GEOD_POS	-22.347773463	166.963911743	62.444
GEOD_COV	+8.02416304E-16	+9.70513349E-17	+5.84355073E-05	-2.37691473E-17	+2.99435290E-11	-4.46455372E-13
UTM__58S	7527360.284	702246.986	62.444
UTM__COV	+1.19009011E-06	+8.51440258E-06	+5.84355073E-05	-2.71131506E-07	-4.94387201E-08	+3.08446752E-06
MERC_POS	-2537091.061	18586337.636	62.444
MERC_COV	+1.19009011E-06	+8.51440258E-06	+5.84355073E-05	-2.71131506E-07	-4.94387201E-08	+3.08446752E-06
VERT_I95	0.015
HORI_I95	0.006
3D___I95	0.017

