SOFT_NAM	Gins
SOFT_VER	25.2
SOFT_TYP	IPPP

TIME_SYS	TAI

GEOD_SYS	ITRF2020	2021.812324613
GEOC_POS	-5364789.498	-2915220.652	-1838074.673
GEOC_COV	+6.29502236E-06	+1.97184191E-06	+1.21270879E-06	+2.94853736E-06	+2.10642935E-06	+1.11931739E-06
GEOD_POS	-16.860569595	-151.480392233	10.520
GEOD_COV	+4.25711215E-17	+3.60319550E-17	+8.55483887E-06	-3.34681358E-18	-1.94172245E-12	-1.44630111E-12
UTM__05S	8135246.577	661886.992	10.520
UTM__COV	+4.41297455E-07	+4.83436734E-07	+8.55483887E-06	-3.94698611E-08	-1.60059154E-07	-2.06918552E-07
MERC_POS	-1892214.026	-16862720.128	10.520
MERC_COV	+4.41297455E-07	+4.83436734E-07	+8.55483887E-06	-3.94698611E-08	-1.60059154E-07	-2.06918552E-07
VERT_I95	0.006
HORI_I95	0.002
3D___I95	0.006

GEOD_SYS	ITRF1992	1993.000000000	(RGPF)
GEOC_POS	-5364788.351	-2915222.151	-1838075.621
GEOC_COV	+6.29500000E-06	+1.97200000E-06	+1.21300000E-06	+2.94900000E-06	+2.10600000E-06	+1.11900000E-06
GEOD_POS	-16.860578564	-151.480374735	10.516
GEOD_COV	+4.25472533E-17	+3.60804917E-17	+8.55494246E-06	-3.33276502E-18	-1.93900522E-12	-1.44202536E-12
UTM__05S	8135245.570	661888.849	10.516
UTM__COV	+4.41891903E-07	+4.83165641E-07	+8.55494246E-06	-3.93041809E-08	-1.59585966E-07	-2.06628982E-07
MERC_POS	-1892215.063	-16862718.181	10.516
MERC_COV	+4.41891903E-07	+4.83165641E-07	+8.55494246E-06	-3.93041809E-08	-1.59585966E-07	-2.06628982E-07
VERT_I95	0.006
HORI_I95	0.002
3D___I95	0.006

