SOFT_NAM	Gins
SOFT_VER	25.2
SOFT_TYP	IPPP

TIME_SYS	TAI

GEOD_SYS	ITRF2020	2021.815064339
GEOC_POS	-5364789.496	-2915220.651	-1838074.673
GEOC_COV	+3.38689587E-06	+1.06847074E-06	+6.24961155E-07	+1.60306659E-06	+1.11932251E-06	+5.86418132E-07
GEOD_POS	-16.860569602	-151.480392236	10.518
GEOD_COV	+2.21869404E-17	+1.83363565E-17	+4.60380081E-06	-9.14799103E-19	-9.54349435E-13	-5.20604808E-13
UTM__05S	8135246.576	661886.992	10.518
UTM__COV	+2.24572534E-07	+2.51954414E-07	+4.60380081E-06	-1.07884687E-08	-5.76142579E-08	-1.01699706E-07
MERC_POS	-1892214.027	-16862720.129	10.518
MERC_COV	+2.24572534E-07	+2.51954414E-07	+4.60380081E-06	-1.07884687E-08	-5.76142579E-08	-1.01699706E-07
VERT_I95	0.004
HORI_I95	0.001
3D___I95	0.005

GEOD_SYS	ITRF1992	1993.000000000	(RGPF)
GEOC_POS	-5364788.349	-2915222.150	-1838075.621
GEOC_COV	+3.38700000E-06	+1.06800000E-06	+6.25000000E-07	+1.60300000E-06	+1.11900000E-06	+5.86000000E-07
GEOD_POS	-16.860578572	-151.480374737	10.514
GEOD_COV	+2.21619556E-17	+1.83605854E-17	+4.60346006E-06	-9.04303544E-19	-9.57433422E-13	-5.17273582E-13
UTM__05S	8135245.569	661888.849	10.514
UTM__COV	+2.24869275E-07	+2.51670664E-07	+4.60346006E-06	-1.06646913E-08	-5.72455980E-08	-1.02028345E-07
MERC_POS	-1892215.064	-16862718.181	10.514
MERC_COV	+2.24869275E-07	+2.51670664E-07	+4.60346006E-06	-1.06646913E-08	-5.72455980E-08	-1.02028345E-07
VERT_I95	0.004
HORI_I95	0.001
3D___I95	0.005

