SOFT_NAM	Gins
SOFT_VER	25.2
SOFT_TYP	IPPP

TIME_SYS	TAI

GEOD_SYS	ITRF2020	2021.809584887
GEOC_POS	-5364789.508	-2915220.661	-1838074.681
GEOC_COV	+1.59188225E-05	+5.33919419E-06	+3.07431161E-06	+7.78239046E-06	+5.58637286E-06	+3.02073001E-06
GEOD_POS	-16.860569631	-151.480392205	10.535
GEOD_COV	+1.07542018E-16	+7.96617836E-17	+2.21354344E-05	-3.96118133E-18	-1.86998157E-12	-5.18557989E-12
UTM__05S	8135246.573	661886.995	10.535
UTM__COV	+9.75649045E-07	+1.22124483E-06	+2.21354344E-05	-4.67152633E-08	-5.73877409E-07	-1.99273526E-07
MERC_POS	-1892214.031	-16862720.125	10.535
MERC_COV	+9.75649045E-07	+1.22124483E-06	+2.21354344E-05	-4.67152633E-08	-5.73877409E-07	-1.99273526E-07
VERT_I95	0.009
HORI_I95	0.003
3D___I95	0.010

GEOD_SYS	ITRF1992	1993.000000000	(RGPF)
GEOC_POS	-5364788.361	-2915222.160	-1838075.629
GEOC_COV	+1.59190000E-05	+5.33900000E-06	+3.07400000E-06	+7.78200000E-06	+5.58600000E-06	+3.02100000E-06
GEOD_POS	-16.860578599	-151.480374710	10.530
GEOD_COV	+1.07561251E-16	+7.96458594E-17	+2.21350829E-05	-4.00392580E-18	-1.87221654E-12	-5.18386419E-12
UTM__05S	8135245.566	661888.851	10.530
UTM__COV	+9.75454016E-07	+1.22146313E-06	+2.21350829E-05	-4.72193580E-08	-5.73687536E-07	-1.99511685E-07
MERC_POS	-1892215.067	-16862718.178	10.530
MERC_COV	+9.75454016E-07	+1.22146313E-06	+2.21350829E-05	-4.72193580E-08	-5.73687536E-07	-1.99511685E-07
VERT_I95	0.009
HORI_I95	0.003
3D___I95	0.010

