SOFT_NAM	Gins
SOFT_VER	22.2
SOFT_TYP	PPP

TIME_SYS	TAI

GEOD_SYS	ITRF2020	2023.239712360
GEOC_POS	-5765756.833	1565443.239	-2225650.021
GEOC_COV	+1.83095375E-05	+6.25150084E-06	+3.70319248E-06	-2.96818738E-06	+7.32316319E-06	-1.36346415E-06
GEOD_POS	-20.557851364	164.809978475	65.433
GEOD_COV	+5.13026708E-16	+5.75201644E-17	+2.19809568E-05	-3.40487015E-17	+6.41660248E-12	-5.14616916E-12
UTM__58S	7726773.367	480193.688	65.433
UTM__COV	+7.05039137E-07	+5.57823487E-06	+2.19809568E-05	-3.93075086E-07	-5.69745116E-07	+6.69088469E-07
MERC_POS	-2324236.958	18346562.881	65.433
MERC_COV	+7.05039137E-07	+5.57823487E-06	+2.19809568E-05	-3.93075086E-07	-5.69745116E-07	+6.69088469E-07
VERT_I95	0.009
HORI_I95	0.005
3D___I95	0.011

GEOD_SYS	ITRF1990	1989.000000000	(RGNC91-93)
GEOC_POS	-5765756.068	1565443.875	-2225651.576
GEOC_COV	+1.83100000E-05	+6.25200000E-06	+3.70300000E-06	-2.96800000E-06	+7.32300000E-06	-1.36300000E-06
GEOD_POS	-20.557866329	164.809970666	65.444
GEOD_COV	+5.13081210E-16	+5.75250740E-17	+2.19810743E-05	-3.40769424E-17	+6.41935669E-12	-5.14254832E-12
UTM__58S	7726771.710	480192.876	65.444
UTM__COV	+7.05099320E-07	+5.57882642E-06	+2.19810743E-05	-3.93401077E-07	-5.69344246E-07	+6.69375599E-07
MERC_POS	-2324238.726	18346562.012	65.444
MERC_COV	+7.05099320E-07	+5.57882642E-06	+2.19810743E-05	-3.93401077E-07	-5.69344246E-07	+6.69375599E-07
VERT_I95	0.009
HORI_I95	0.005
3D___I95	0.011

