SOFT_NAM	Gins
SOFT_VER	22.2
SOFT_TYP	PPP

TIME_SYS	TAI

GEOD_SYS	ITRF2020	2023.236972634
GEOC_POS	-5765756.802	1565443.235	-2225650.010
GEOC_COV	+2.76788026E-05	+8.42905772E-06	+5.48871097E-06	-6.25232336E-06	+1.09728029E-05	-3.28690756E-06
GEOD_POS	-20.557851368	164.809978434	65.400
GEOD_COV	+6.05953212E-16	+7.52304835E-17	+3.40858103E-05	+8.07978307E-18	-5.72496278E-12	-6.55513599E-12
UTM__58S	7726773.367	480193.684	65.400
UTM__COV	+9.22118968E-07	+6.58864198E-06	+3.40858103E-05	+9.32770195E-08	-7.25735315E-07	-5.96968033E-07
MERC_POS	-2324236.958	18346562.877	65.400
MERC_COV	+9.22118968E-07	+6.58864198E-06	+3.40858103E-05	+9.32770195E-08	-7.25735315E-07	-5.96968033E-07
VERT_I95	0.012
HORI_I95	0.005
3D___I95	0.013

GEOD_SYS	ITRF1990	1989.000000000	(RGNC91-93)
GEOC_POS	-5765756.037	1565443.871	-2225651.565
GEOC_COV	+2.76790000E-05	+8.42900000E-06	+5.48900000E-06	-6.25200000E-06	+1.09730000E-05	-3.28700000E-06
GEOD_POS	-20.557866332	164.809970625	65.411
GEOD_COV	+6.05964657E-16	+7.52397841E-17	+3.40860019E-05	+8.09323265E-18	-5.72197254E-12	-6.55732659E-12
UTM__58S	7726771.710	480192.872	65.411
UTM__COV	+9.22232974E-07	+6.58876516E-06	+3.40860019E-05	+9.34322795E-08	-7.25977845E-07	-5.96656170E-07
MERC_POS	-2324238.727	18346562.008	65.411
MERC_COV	+9.22232974E-07	+6.58876516E-06	+3.40860019E-05	+9.34322795E-08	-7.25977845E-07	-5.96656170E-07
VERT_I95	0.012
HORI_I95	0.005
3D___I95	0.013

