SOFT_NAM	Gins
SOFT_VER	22.1
SOFT_TYP	PPP

TIME_SYS	TAI

GEOD_SYS	ITRF2020	2023.061630169
GEOC_POS	-4147754.001	-4152259.252	-2488718.329
GEOC_COV	+1.43604752E-05	+1.46017688E-05	+4.79932242E-06	+8.72854446E-06	+6.94757227E-06	+6.81854259E-06
GEOD_POS	-23.117771686	-134.968899832	-3.916
GEOD_COV	+5.48239779E-16	+4.95330643E-17	+2.74016122E-05	+1.16730010E-17	+6.28189062E-13	-7.68260031E-13
UTM__08S	7443442.508	503184.421	-3.916
UTM__COV	+6.07502512E-07	+5.75245173E-06	+2.74016122E-05	+1.32418963E-07	-8.50814104E-08	+6.43474868E-08
MERC_POS	-2629497.525	-15024669.202	-3.916
MERC_COV	+6.07502512E-07	+5.75245173E-06	+2.74016122E-05	+1.32418963E-07	-8.50814104E-08	+6.43474868E-08
VERT_I95	0.010
HORI_I95	0.005
3D___I95	0.012

GEOD_SYS	ITRF1992	1993.000000000	(RGPF)
GEOC_POS	-4147752.301	-4152260.404	-2488719.228
GEOC_COV	+1.43600000E-05	+1.46020000E-05	+4.79900000E-06	+8.72900000E-06	+6.94800000E-06	+6.81900000E-06
GEOD_POS	-23.117780529	-134.968880135	-3.918
GEOD_COV	+5.48184763E-16	+4.94781702E-17	+2.74022970E-05	+1.16835998E-17	+6.31368062E-13	-7.69991465E-13
UTM__08S	7443441.529	503186.438	-3.918
UTM__COV	+6.06829259E-07	+5.75187371E-06	+2.74022970E-05	+1.32539188E-07	-8.52731591E-08	+6.46731181E-08
MERC_POS	-2629498.589	-15024667.010	-3.918
MERC_COV	+6.06829259E-07	+5.75187371E-06	+2.74022970E-05	+1.32539188E-07	-8.52731591E-08	+6.46731181E-08
VERT_I95	0.010
HORI_I95	0.005
3D___I95	0.012

GEOD_SYS	ITRF2005	2007.274000000	(RGTAAF)
GEOC_POS	-4147753.114	-4152259.863	-2488718.794
GEOC_COV	+1.43600000E-05	+1.46020000E-05	+4.79900000E-06	+8.72900000E-06	+6.94800000E-06	+6.81900000E-06
GEOD_POS	-23.117776243	-134.968889483	-3.912
GEOD_COV	+5.48184731E-16	+4.94781699E-17	+2.74022970E-05	+1.16835688E-17	+6.31399800E-13	-7.70009779E-13
UTM__08S	7443442.004	503185.481	-3.912
UTM__COV	+6.06829256E-07	+5.75187375E-06	+2.74022970E-05	+1.32538841E-07	-8.52751873E-08	+6.46763712E-08
MERC_POS	-2629498.073	-15024668.050	-3.912
MERC_COV	+6.06829256E-07	+5.75187375E-06	+2.74022970E-05	+1.32538841E-07	-8.52751873E-08	+6.46763712E-08
VERT_I95	0.010
HORI_I95	0.005
3D___I95	0.012

