SOFT_NAM	Gins
SOFT_VER	22.1
SOFT_TYP	PPP

TIME_SYS	TAI

GEOD_SYS	ITRF2020	2023.064369895
GEOC_POS	-4147754.005	-4152259.246	-2488718.331
GEOC_COV	+1.50171967E-05	+1.78013122E-05	+5.71053593E-06	+1.08950038E-05	+7.72649995E-06	+8.64924619E-06
GEOD_POS	-23.117771711	-134.968899898	-3.916
GEOD_COV	+5.25394515E-16	+5.51763411E-17	+3.23395840E-05	-4.61883070E-18	+1.48692555E-11	-1.91193536E-12
UTM__08S	7443442.506	503184.414	-3.916
UTM__COV	+6.76714964E-07	+5.51274588E-06	+3.23395840E-05	-5.23961895E-08	-2.11738409E-07	+1.52310710E-06
MERC_POS	-2629497.528	-15024669.210	-3.916
MERC_COV	+6.76714964E-07	+5.51274588E-06	+3.23395840E-05	-5.23961895E-08	-2.11738409E-07	+1.52310710E-06
VERT_I95	0.011
HORI_I95	0.005
3D___I95	0.012

GEOD_SYS	ITRF1992	1993.000000000	(RGPF)
GEOC_POS	-4147752.304	-4152260.398	-2488719.231
GEOC_COV	+1.50170000E-05	+1.78010000E-05	+5.71100000E-06	+1.08950000E-05	+7.72600000E-06	+8.64900000E-06
GEOD_POS	-23.117780554	-134.968880200	-3.918
GEOD_COV	+5.25370609E-16	+5.52361553E-17	+3.23390571E-05	-4.63531596E-18	+1.48693446E-11	-1.91095016E-12
UTM__08S	7443441.526	503186.431	-3.918
UTM__COV	+6.77448561E-07	+5.51249432E-06	+3.23390571E-05	-5.25831955E-08	-2.11629303E-07	+1.52311613E-06
MERC_POS	-2629498.592	-15024667.017	-3.918
MERC_COV	+6.77448561E-07	+5.51249432E-06	+3.23390571E-05	-5.25831955E-08	-2.11629303E-07	+1.52311613E-06
VERT_I95	0.011
HORI_I95	0.005
3D___I95	0.012

GEOD_SYS	ITRF2005	2007.274000000	(RGTAAF)
GEOC_POS	-4147753.117	-4152259.857	-2488718.796
GEOC_COV	+1.50170000E-05	+1.78010000E-05	+5.71100000E-06	+1.08950000E-05	+7.72600000E-06	+8.64900000E-06
GEOD_POS	-23.117776268	-134.968889548	-3.912
GEOD_COV	+5.25370617E-16	+5.52361584E-17	+3.23390566E-05	-4.63535595E-18	+1.48693832E-11	-1.91097236E-12
UTM__08S	7443442.001	503185.474	-3.912
UTM__COV	+6.77448600E-07	+5.51249476E-06	+3.23390566E-05	-5.25836509E-08	-2.11631762E-07	+1.52312013E-06
MERC_POS	-2629498.076	-15024668.057	-3.912
MERC_COV	+6.77448600E-07	+5.51249476E-06	+3.23390566E-05	-5.25836509E-08	-2.11631762E-07	+1.52312013E-06
VERT_I95	0.011
HORI_I95	0.005
3D___I95	0.012

