SOFT_NAM	Gins
SOFT_VER	25.2
SOFT_TYP	IPPP

TIME_SYS	TAI

GEOD_SYS	ITRF2020	2025.467119134
GEOC_POS	-5245815.954	-3081045.189	-1909126.469
GEOC_COV	+1.34684269E-04	+5.32965568E-05	+2.21783798E-05	+6.36432884E-05	+4.30061993E-05	+2.56551945E-05
GEOD_POS	-17.532625545	-149.572842519	9.455
GEOD_COV	+1.64853914E-15	+5.52638099E-16	+1.84803766E-04	-1.44232134E-16	-3.98472125E-11	+1.17588806E-11
UTM__06S	8059673.304	226848.007	9.455
UTM__COV	+6.76927400E-06	+1.85861654E-05	+1.84803766E-04	-1.69495406E-06	+1.30141742E-06	-4.23100183E-06
MERC_POS	-1970049.722	-16650372.666	9.455
MERC_COV	+6.76927400E-06	+1.85861654E-05	+1.84803766E-04	-1.69495406E-06	+1.30141742E-06	-4.23100183E-06
VERT_I95	0.027
HORI_I95	0.010
3D___I95	0.029

GEOD_SYS	ITRF1992	1993.000000000	(RGPF)
GEOC_POS	-5245814.595	-3081046.835	-1909127.527
GEOC_COV	+1.34684000E-04	+5.32970000E-05	+2.21780000E-05	+6.36430000E-05	+4.30060000E-05	+2.56550000E-05
GEOD_POS	-17.532635580	-149.572822670	9.450
GEOD_COV	+1.64858504E-15	+5.52620089E-16	+1.84803266E-04	-1.44222345E-16	-3.98463864E-11	+1.17612598E-11
UTM__06S	8059672.221	226850.130	9.450
UTM__COV	+6.76905340E-06	+1.85866809E-05	+1.84803266E-04	-1.69483894E-06	+1.30168074E-06	-4.23091388E-06
MERC_POS	-1970050.887	-16650370.456	9.450
MERC_COV	+6.76905340E-06	+1.85866809E-05	+1.84803266E-04	-1.69483894E-06	+1.30168074E-06	-4.23091388E-06
VERT_I95	0.027
HORI_I95	0.010
3D___I95	0.029

