SOFT_NAM	Gins
SOFT_VER	25.2
SOFT_TYP	IPPP

TIME_SYS	TAI

GEOD_SYS	ITRF2020	2025.472598586
GEOC_POS	-5245815.962	-3081045.274	-1909126.489
GEOC_COV	+1.14446975E-05	+3.97181729E-06	+2.18003939E-06	+5.57333118E-06	+3.95545564E-06	+2.09717127E-06
GEOD_POS	-17.532625582	-149.572841869	9.508
GEOD_COV	+9.05448972E-17	+5.86958051E-17	+1.58567557E-05	+1.74016752E-18	-5.48275162E-12	-1.37308426E-12
UTM__06S	8059673.300	226848.076	9.508
UTM__COV	+7.18965983E-07	+1.02083258E-06	+1.58567557E-05	+2.04497013E-08	-1.51966488E-07	-5.82161986E-07
MERC_POS	-1970049.727	-16650372.593	9.508
MERC_COV	+7.18965983E-07	+1.02083258E-06	+1.58567557E-05	+2.04497013E-08	-1.51966488E-07	-5.82161986E-07
VERT_I95	0.008
HORI_I95	0.003
3D___I95	0.008

GEOD_SYS	ITRF1992	1993.000000000	(RGPF)
GEOC_POS	-5245814.602	-3081046.920	-1909127.547
GEOC_COV	+1.14450000E-05	+3.97200000E-06	+2.18000000E-06	+5.57300000E-06	+3.95500000E-06	+2.09700000E-06
GEOD_POS	-17.532635620	-149.572822017	9.504
GEOD_COV	+9.05895268E-17	+5.87152429E-17	+1.58564603E-05	+1.72794985E-18	-5.48448042E-12	-1.36945688E-12
UTM__06S	8059672.218	226850.200	9.504
UTM__COV	+7.19204078E-07	+1.02133564E-06	+1.58564603E-05	+2.03061234E-08	-1.51565027E-07	-5.82345518E-07
MERC_POS	-1970050.892	-16650370.383	9.504
MERC_COV	+7.19204078E-07	+1.02133564E-06	+1.58564603E-05	+2.03061234E-08	-1.51565027E-07	-5.82345518E-07
VERT_I95	0.008
HORI_I95	0.003
3D___I95	0.008

