SOFT_NAM	Gins
SOFT_VER	25.2
SOFT_TYP	IPPP

TIME_SYS	TAI

GEOD_SYS	ITRF2020	2025.475338312
GEOC_POS	-5245815.988	-3081045.279	-1909126.506
GEOC_COV	+2.09131614E-05	+8.09367472E-06	+4.87102840E-06	+1.01032043E-05	+8.01112449E-06	+4.56125328E-06
GEOD_POS	-17.532625661	-149.572841955	9.537
GEOD_COV	+2.26859682E-16	+1.25198226E-16	+2.97866194E-05	-7.29796839E-18	-6.43715592E-12	-1.21647603E-11
UTM__06S	8059673.292	226848.067	9.537
UTM__COV	+1.53355536E-06	+2.55768976E-06	+2.97866194E-05	-8.57625909E-08	-1.34633829E-06	-6.83501232E-07
MERC_POS	-1970049.736	-16650372.603	9.537
MERC_COV	+1.53355536E-06	+2.55768976E-06	+2.97866194E-05	-8.57625909E-08	-1.34633829E-06	-6.83501232E-07
VERT_I95	0.011
HORI_I95	0.004
3D___I95	0.012

GEOD_SYS	ITRF1992	1993.000000000	(RGPF)
GEOC_POS	-5245814.628	-3081046.925	-1909127.564
GEOC_COV	+2.09130000E-05	+8.09400000E-06	+4.87100000E-06	+1.01030000E-05	+8.01100000E-06	+4.56100000E-06
GEOD_POS	-17.532635700	-149.572822101	9.532
GEOD_COV	+2.26893354E-16	+1.25205536E-16	+2.97862860E-05	-7.28242937E-18	-6.43666529E-12	-1.21634582E-11
UTM__06S	8059672.209	226850.191	9.532
UTM__COV	+1.53364490E-06	+2.55806911E-06	+2.97862860E-05	-8.55799782E-08	-1.34619418E-06	-6.83449099E-07
MERC_POS	-1970050.901	-16650370.393	9.532
MERC_COV	+1.53364490E-06	+2.55806911E-06	+2.97862860E-05	-8.55799782E-08	-1.34619418E-06	-6.83449099E-07
VERT_I95	0.011
HORI_I95	0.004
3D___I95	0.012

