SOFT_NAM	Gins
SOFT_VER	25.2
SOFT_TYP	IPPP

TIME_SYS	TAI

GEOD_SYS	ITRF2020	2025.469858860
GEOC_POS	-5245815.955	-3081045.268	-1909126.488
GEOC_COV	+1.50894078E-05	+5.62068564E-06	+3.06773032E-06	+7.52864391E-06	+5.44733179E-06	+2.84784725E-06
GEOD_POS	-17.532625597	-149.572841880	9.499
GEOD_COV	+1.30727417E-16	+8.22855345E-17	+2.12960434E-05	+1.25942377E-17	-5.06490350E-12	-3.43873875E-12
UTM__06S	8059673.299	226848.075	9.499
UTM__COV	+1.00791700E-06	+1.47386336E-06	+2.12960434E-05	+1.48002072E-07	-3.80583382E-07	-5.37794611E-07
MERC_POS	-1970049.729	-16650372.595	9.499
MERC_COV	+1.00791700E-06	+1.47386336E-06	+2.12960434E-05	+1.48002072E-07	-3.80583382E-07	-5.37794611E-07
VERT_I95	0.009
HORI_I95	0.003
3D___I95	0.010

GEOD_SYS	ITRF1992	1993.000000000	(RGPF)
GEOC_POS	-5245814.595	-3081046.914	-1909127.546
GEOC_COV	+1.50890000E-05	+5.62100000E-06	+3.06800000E-06	+7.52900000E-06	+5.44700000E-06	+2.84800000E-06
GEOD_POS	-17.532635634	-149.572822030	9.494
GEOD_COV	+1.30711328E-16	+8.23159899E-17	+2.12960281E-05	+1.25824537E-17	-5.05972525E-12	-3.43763351E-12
UTM__06S	8059672.216	226850.198	9.494
UTM__COV	+1.00829005E-06	+1.47368180E-06	+2.12960281E-05	+1.47863583E-07	-3.80461060E-07	-5.37244751E-07
MERC_POS	-1970050.893	-16650370.385	9.494
MERC_COV	+1.00829005E-06	+1.47368180E-06	+2.12960281E-05	+1.47863583E-07	-3.80461060E-07	-5.37244751E-07
VERT_I95	0.009
HORI_I95	0.003
3D___I95	0.010

