SOFT_NAM	Gins
SOFT_VER	24.1
SOFT_TYP	PPP

TIME_SYS	TAI

GEOD_SYS	ITRF2020	2024.897527354
GEOC_POS	-5236755.477	-3241705.256	-1652280.689
GEOC_COV	+1.07920472E-05	+6.49799572E-06	+1.44695655E-06	+4.71386557E-06	+3.15032703E-06	+2.08039828E-06
GEOD_POS	-15.113984833	-148.241277318	4.688
GEOD_COV	+3.00166133E-16	+3.17272622E-17	+1.48801821E-05	-5.03695485E-18	+1.88787334E-12	-1.31549042E-12
UTM__06S	8328689.942	366615.295	4.688
UTM__COV	+3.88449486E-07	+3.46836787E-06	+1.48801821E-05	-5.99101996E-08	-1.45558867E-07	+2.02933892E-07
MERC_POS	-1691205.307	-16502143.506	4.688
MERC_COV	+3.88449486E-07	+3.46836787E-06	+1.48801821E-05	-5.99101996E-08	-1.45558867E-07	+2.02933892E-07
VERT_I95	0.008
HORI_I95	0.004
3D___I95	0.009

GEOD_SYS	ITRF1992	1993.000000000	(RGPF)
GEOC_POS	-5236754.129	-3241706.886	-1652281.737
GEOC_COV	+1.07920000E-05	+6.49800000E-06	+1.44700000E-06	+4.71400000E-06	+3.15000000E-06	+2.08000000E-06
GEOD_POS	-15.113994658	-148.241257823	4.683
GEOD_COV	+3.00154872E-16	+3.17511033E-17	+1.48800212E-05	-5.02159035E-18	+1.88818025E-12	-1.31155981E-12
UTM__06S	8328688.867	366617.396	4.683
UTM__COV	+3.88741382E-07	+3.46823743E-06	+1.48800212E-05	-5.97274495E-08	-1.45123945E-07	+2.02966874E-07
MERC_POS	-1691206.433	-16502141.335	4.683
MERC_COV	+3.88741382E-07	+3.46823743E-06	+1.48800212E-05	-5.97274495E-08	-1.45123945E-07	+2.02966874E-07
VERT_I95	0.008
HORI_I95	0.004
3D___I95	0.009

