SOFT_NAM	Gins
SOFT_VER	24.1
SOFT_TYP	PPP

TIME_SYS	TAI

GEOD_SYS	ITRF2020	2024.662554676
GEOC_POS	-4142928.133	-4159207.516	-2485168.165
GEOC_COV	+6.90702029E-06	+5.42658187E-06	+2.01844859E-06	+3.68804897E-06	+3.12242040E-06	+2.59229428E-06
GEOD_POS	-23.082931298	-134.887650748	-6.782
GEOD_COV	+2.36396105E-16	+2.51287321E-17	+1.15621769E-05	+4.95746167E-18	-8.24060406E-12	+2.45739449E-13
UTM__08S	7447295.294	511506.682	-6.782
UTM__COV	+3.08190490E-07	+2.48168340E-06	+1.15621769E-05	+5.62518388E-08	+2.72144279E-08	-8.44329722E-07
MERC_POS	-2625304.934	-15015624.596	-6.782
MERC_COV	+3.08190490E-07	+2.48168340E-06	+1.15621769E-05	+5.62518388E-08	+2.72144279E-08	-8.44329722E-07
VERT_I95	0.007
HORI_I95	0.003
3D___I95	0.008

GEOD_SYS	ITRF1992	1993.000000000	(RGPF)
GEOC_POS	-4142926.361	-4159208.722	-2485169.091
GEOC_COV	+6.90700000E-06	+5.42700000E-06	+2.01800000E-06	+3.68800000E-06	+3.12200000E-06	+2.59200000E-06
GEOD_POS	-23.082940399	-134.887630185	-6.784
GEOD_COV	+2.36419720E-16	+2.51293825E-17	+1.15618706E-05	+4.95774651E-18	-8.23831904E-12	+2.50866066E-13
UTM__08S	7447294.285	511508.787	-6.784
UTM__COV	+3.08198468E-07	+2.48193098E-06	+1.15618706E-05	+5.62550671E-08	+2.77821754E-08	-8.44095543E-07
MERC_POS	-2625306.029	-15015622.307	-6.784
MERC_COV	+3.08198468E-07	+2.48193098E-06	+1.15618706E-05	+5.62550671E-08	+2.77821754E-08	-8.44095543E-07
VERT_I95	0.007
HORI_I95	0.003
3D___I95	0.008

GEOD_SYS	ITRF2005	2007.274000000	(RGTAAF)
GEOC_POS	-4142927.166	-4159208.185	-2485168.666
GEOC_COV	+6.90700000E-06	+5.42700000E-06	+2.01800000E-06	+3.68800000E-06	+3.12200000E-06	+2.59200000E-06
GEOD_POS	-23.082936205	-134.887639450	-6.778
GEOD_COV	+2.36419681E-16	+2.51293815E-17	+1.15618708E-05	+4.95774001E-18	-8.23830553E-12	+2.50859034E-13
UTM__08S	7447294.750	511507.839	-6.778
UTM__COV	+3.08198456E-07	+2.48193073E-06	+1.15618708E-05	+5.62549952E-08	+2.77813966E-08	-8.44094186E-07
MERC_POS	-2625305.525	-15015623.338	-6.778
MERC_COV	+3.08198456E-07	+2.48193073E-06	+1.15618708E-05	+5.62549952E-08	+2.77813966E-08	-8.44094186E-07
VERT_I95	0.007
HORI_I95	0.003
3D___I95	0.008

