SOFT_NAM	Gins
SOFT_VER	22.2
SOFT_TYP	PPP

TIME_SYS	TAI

GEOD_SYS	ITRF2020	2023.754780854
GEOC_POS	-5217093.764	-3115086.963	-1932287.787
GEOC_COV	+1.32047524E-04	+9.47713124E-05	+3.19934345E-05	+2.58856333E-05	+4.16198376E-05	+4.41347460E-05
GEOD_POS	-17.752228778	-149.158896220	8.004
GEOD_COV	+7.27127844E-15	+7.02785724E-16	+1.68423143E-04	-1.45067091E-15	+1.05258982E-11	-1.32666281E-10
UTM__06S	8035911.191	271092.138	8.004
UTM__COV	+8.60881403E-06	+8.17803147E-05	+1.68423143E-04	-1.70273907E-05	-1.46832013E-05	+1.11629291E-06
MERC_POS	-1995546.345	-16604292.375	8.004
MERC_COV	+8.60881403E-06	+8.17803147E-05	+1.68423143E-04	-1.70273907E-05	-1.46832013E-05	+1.11629291E-06
VERT_I95	0.026
HORI_I95	0.019
3D___I95	0.032

GEOD_SYS	ITRF1992	1993.000000000	(RGPF)
GEOC_POS	-5217092.447	-3115088.521	-1932288.810
GEOC_COV	+1.32048000E-04	+9.47710000E-05	+3.19930000E-05	+2.58860000E-05	+4.16200000E-05	+4.41350000E-05
GEOD_POS	-17.752238499	-149.158877240	8.000
GEOD_COV	+7.27124140E-15	+7.02744568E-16	+1.68423801E-04	-1.45068538E-15	+1.05245170E-11	-1.32665376E-10
UTM__06S	8035910.138	271094.164	8.000
UTM__COV	+8.60830989E-06	+8.17798892E-05	+1.68423801E-04	-1.70275596E-05	-1.46831011E-05	+1.11614637E-06
MERC_POS	-1995547.475	-16604290.262	8.000
MERC_COV	+8.60830989E-06	+8.17798892E-05	+1.68423801E-04	-1.70275596E-05	-1.46831011E-05	+1.11614637E-06
VERT_I95	0.026
HORI_I95	0.019
3D___I95	0.032

