SOFT_NAM	Gins
SOFT_VER	22.2
SOFT_TYP	PPP

TIME_SYS	TAI

GEOD_SYS	ITRF2020	2023.760260306
GEOC_POS	-5217093.768	-3115086.974	-1932287.787
GEOC_COV	+1.07558334E-05	+5.02137089E-06	+1.75009370E-06	+5.25997526E-06	+3.87599178E-06	+2.23090562E-06
GEOD_POS	-17.752228753	-149.158896148	8.012
GEOD_COV	+1.68754113E-16	+2.29173096E-17	+1.53485878E-05	+5.05870548E-18	-4.66165562E-13	-1.06701792E-12
UTM__06S	8035911.194	271092.145	8.012
UTM__COV	+2.80726899E-07	+1.89798323E-06	+1.53485878E-05	+5.93770470E-08	-1.18095109E-07	-4.94378059E-08
MERC_POS	-1995546.342	-16604292.366	8.012
MERC_COV	+2.80726899E-07	+1.89798323E-06	+1.53485878E-05	+5.93770470E-08	-1.18095109E-07	-4.94378059E-08
VERT_I95	0.008
HORI_I95	0.003
3D___I95	0.008

GEOD_SYS	ITRF1992	1993.000000000	(RGPF)
GEOC_POS	-5217092.450	-3115088.532	-1932288.810
GEOC_COV	+1.07560000E-05	+5.02100000E-06	+1.75000000E-06	+5.26000000E-06	+3.87600000E-06	+2.23100000E-06
GEOD_POS	-17.752238476	-149.158877164	8.008
GEOD_COV	+1.68731780E-16	+2.29080985E-17	+1.53486541E-05	+5.04664786E-18	-4.68004093E-13	-1.06703293E-12
UTM__06S	8035910.141	271094.171	8.008
UTM__COV	+2.80614067E-07	+1.89773184E-06	+1.53486541E-05	+5.92355163E-08	-1.18096770E-07	-4.96327832E-08
MERC_POS	-1995547.472	-16604290.253	8.008
MERC_COV	+2.80614067E-07	+1.89773184E-06	+1.53486541E-05	+5.92355163E-08	-1.18096770E-07	-4.96327832E-08
VERT_I95	0.008
HORI_I95	0.003
3D___I95	0.008

