SOFT_NAM	Gins
SOFT_VER	21.2
SOFT_TYP	PPP

TIME_SYS	TAI

GEOD_SYS	ITRF2014	2022.776698662
GEOC_POS	-5047638.115	-2974912.567	-2511846.305
GEOC_COV	+5.66531977E-06	+2.63178489E-06	+1.46615097E-06	+2.39376655E-06	+2.54607164E-06	+1.47537569E-06
GEOD_POS	-23.345013597	-149.486295419	1.378
GEOD_COV	+1.26196422E-16	+1.55236601E-17	+8.25319979E-06	-4.09852344E-18	-1.58734402E-12	-1.19964637E-13
UTM__06S	7416099.980	245797.726	1.378
UTM__COV	+1.90402583E-07	+1.31965326E-06	+8.25319979E-06	-4.64165839E-08	-1.32859496E-08	-1.62322027E-07
MERC_POS	-2656870.254	-16640738.287	1.378
MERC_COV	+1.90402583E-07	+1.31965326E-06	+8.25319979E-06	-4.64165839E-08	-1.32859496E-08	-1.62322027E-07
VERT_I95	0.006
HORI_I95	0.002
3D___I95	0.006

GEOD_SYS	ITRF1992	1993.000000000	(RGPF)
GEOC_POS	-5047636.796	-2974913.991	-2511847.261
GEOC_COV	+5.66500000E-06	+2.63200000E-06	+1.46600000E-06	+2.39400000E-06	+2.54600000E-06	+1.47500000E-06
GEOD_POS	-23.345023000	-149.486276882	1.377
GEOD_COV	+1.26184303E-16	+1.55285478E-17	+8.25301112E-06	-4.06307930E-18	-1.58536150E-12	-1.17819839E-13
UTM__06S	7416098.970	245799.640	1.377
UTM__COV	+1.90462532E-07	+1.31952634E-06	+8.25301112E-06	-4.60151688E-08	-1.30484156E-08	-1.62119282E-07
MERC_POS	-2656871.388	-16640736.223	1.377
MERC_COV	+1.90462532E-07	+1.31952634E-06	+8.25301112E-06	-4.60151688E-08	-1.30484156E-08	-1.62119282E-07
VERT_I95	0.006
HORI_I95	0.002
3D___I95	0.006

GEOD_SYS	ITRF2005	2007.274000000	(RGTAAF)
GEOC_POS	-5047637.434	-2974913.315	-2511846.798
GEOC_COV	+5.66500000E-06	+2.63200000E-06	+1.46600000E-06	+2.39400000E-06	+2.54600000E-06	+1.47500000E-06
GEOD_POS	-23.345018422	-149.486285748	1.383
GEOD_COV	+1.26184289E-16	+1.55285484E-17	+8.25301117E-06	-4.06308429E-18	-1.58535185E-12	-1.17825507E-13
UTM__06S	7416099.462	245798.724	1.383
UTM__COV	+1.90462540E-07	+1.31952629E-06	+8.25301117E-06	-4.60152270E-08	-1.30490433E-08	-1.62118301E-07
MERC_POS	-2656870.836	-16640737.210	1.383
MERC_COV	+1.90462540E-07	+1.31952629E-06	+8.25301117E-06	-4.60152270E-08	-1.30490433E-08	-1.62118301E-07
VERT_I95	0.006
HORI_I95	0.002
3D___I95	0.006

