SOFT_NAM	Gins
SOFT_VER	21.2
SOFT_TYP	PPP

TIME_SYS	TAI

GEOD_SYS	ITRF2014	2022.787657566
GEOC_POS	-5047638.101	-2974912.579	-2511846.308
GEOC_COV	+5.59882282E-05	+2.70200745E-05	+1.57075255E-05	+2.53627177E-05	+2.64753820E-05	+1.55316154E-05
GEOD_POS	-23.345013638	-149.486295254	1.373
GEOD_COV	+1.17619003E-15	+1.63797109E-16	+8.44072248E-05	-8.46782500E-18	-3.70586533E-12	-9.42734282E-12
UTM__06S	7416099.975	245797.743	1.373
UTM__COV	+2.00902315E-06	+1.22995801E-05	+8.44072248E-05	-9.58997830E-08	-1.04406769E-06	-3.78962319E-07
MERC_POS	-2656870.259	-16640738.268	1.373
MERC_COV	+2.00902315E-06	+1.22995801E-05	+8.44072248E-05	-9.58997830E-08	-1.04406769E-06	-3.78962319E-07
VERT_I95	0.018
HORI_I95	0.008
3D___I95	0.020

GEOD_SYS	ITRF1992	1993.000000000	(RGPF)
GEOC_POS	-5047636.782	-2974914.003	-2511847.264
GEOC_COV	+5.59880000E-05	+2.70200000E-05	+1.57080000E-05	+2.53630000E-05	+2.64750000E-05	+1.55320000E-05
GEOD_POS	-23.345023044	-149.486276710	1.373
GEOD_COV	+1.17615569E-15	+1.63838378E-16	+8.44072514E-05	-8.50313324E-18	-3.70220686E-12	-9.42775956E-12
UTM__06S	7416098.966	245799.658	1.373
UTM__COV	+2.00952933E-06	+1.22992193E-05	+8.44072514E-05	-9.62996491E-08	-1.04411384E-06	-3.78588176E-07
MERC_POS	-2656871.393	-16640736.204	1.373
MERC_COV	+2.00952933E-06	+1.22992193E-05	+8.44072514E-05	-9.62996491E-08	-1.04411384E-06	-3.78588176E-07
VERT_I95	0.018
HORI_I95	0.008
3D___I95	0.020

GEOD_SYS	ITRF2005	2007.274000000	(RGTAAF)
GEOC_POS	-5047637.420	-2974913.327	-2511846.801
GEOC_COV	+5.59880000E-05	+2.70200000E-05	+1.57080000E-05	+2.53630000E-05	+2.64750000E-05	+1.55320000E-05
GEOD_POS	-23.345018466	-149.486285576	1.379
GEOD_COV	+1.17615560E-15	+1.63838393E-16	+8.44072513E-05	-8.50319908E-18	-3.70210725E-12	-9.42781867E-12
UTM__06S	7416099.457	245798.742	1.379
UTM__COV	+2.00952952E-06	+1.22992192E-05	+8.44072513E-05	-9.63003981E-08	-1.04412039E-06	-3.78578003E-07
MERC_POS	-2656870.841	-16640737.191	1.379
MERC_COV	+2.00952952E-06	+1.22992192E-05	+8.44072513E-05	-9.63003981E-08	-1.04412039E-06	-3.78578003E-07
VERT_I95	0.018
HORI_I95	0.008
3D___I95	0.020

