SOFT_NAM	Gins
SOFT_VER	21.2
SOFT_TYP	PPP

TIME_SYS	TAI

GEOD_SYS	ITRF2014	2022.784917840
GEOC_POS	-5047638.105	-2974912.576	-2511846.300
GEOC_COV	+5.37128387E-05	+2.77343832E-05	+1.46093873E-05	+2.23708560E-05	+2.43997301E-05	+1.51189452E-05
GEOD_POS	-23.345013569	-149.486295298	1.372
GEOD_COV	+1.42109321E-15	+1.54068086E-16	+7.93063494E-05	-7.00354406E-17	-2.26966466E-12	-6.98812346E-12
UTM__06S	7416099.983	245797.738	1.372
UTM__COV	+1.88969362E-06	+1.48605662E-05	+7.93063494E-05	-7.93165135E-07	-7.73926867E-07	-2.32096233E-07
MERC_POS	-2656870.251	-16640738.273	1.372
MERC_COV	+1.88969362E-06	+1.48605662E-05	+7.93063494E-05	-7.93165135E-07	-7.73926867E-07	-2.32096233E-07
VERT_I95	0.018
HORI_I95	0.008
3D___I95	0.020

GEOD_SYS	ITRF1992	1993.000000000	(RGPF)
GEOC_POS	-5047636.786	-2974914.000	-2511847.256
GEOC_COV	+5.37130000E-05	+2.77340000E-05	+1.46090000E-05	+2.23710000E-05	+2.44000000E-05	+1.51190000E-05
GEOD_POS	-23.345022974	-149.486276755	1.371
GEOD_COV	+1.42105818E-15	+1.54027863E-16	+7.93066020E-05	-7.00338934E-17	-2.27171036E-12	-6.98786860E-12
UTM__06S	7416098.974	245799.653	1.371
UTM__COV	+1.88920027E-06	+1.48601978E-05	+7.93066020E-05	-7.93147557E-07	-7.73898642E-07	-2.32305410E-07
MERC_POS	-2656871.385	-16640736.209	1.371
MERC_COV	+1.88920027E-06	+1.48601978E-05	+7.93066020E-05	-7.93147557E-07	-7.73898642E-07	-2.32305410E-07
VERT_I95	0.018
HORI_I95	0.008
3D___I95	0.020

GEOD_SYS	ITRF2005	2007.274000000	(RGTAAF)
GEOC_POS	-5047637.424	-2974913.324	-2511846.793
GEOC_COV	+5.37130000E-05	+2.77340000E-05	+1.46090000E-05	+2.23710000E-05	+2.44000000E-05	+1.51190000E-05
GEOD_POS	-23.345018396	-149.486285621	1.377
GEOD_COV	+1.42105806E-15	+1.54027881E-16	+7.93066019E-05	-7.00339692E-17	-2.27162183E-12	-6.98792330E-12
UTM__06S	7416099.465	245798.737	1.377
UTM__COV	+1.88920050E-06	+1.48601976E-05	+7.93066019E-05	-7.93148444E-07	-7.73904701E-07	-2.32296365E-07
MERC_POS	-2656870.833	-16640737.196	1.377
MERC_COV	+1.88920050E-06	+1.48601976E-05	+7.93066019E-05	-7.93148444E-07	-7.73904701E-07	-2.32296365E-07
VERT_I95	0.018
HORI_I95	0.008
3D___I95	0.020

