SOFT_NAM	Gins
SOFT_VER	21.2
SOFT_TYP	PPP

TIME_SYS	TAI

GEOD_SYS	ITRF2014	2022.782178114
GEOC_POS	-5047638.108	-2974912.558	-2511846.301
GEOC_COV	+1.57225163E-05	+8.63421994E-06	+4.53985096E-06	+7.82293869E-06	+7.60867737E-06	+4.69191657E-06
GEOD_POS	-23.345013598	-149.486295467	1.366
GEOD_COV	+3.45955516E-16	+4.73174064E-17	+2.46985201E-05	+9.59946449E-18	+6.87706608E-12	-2.13774890E-12
UTM__06S	7416099.979	245797.721	1.366
UTM__COV	+5.80362897E-07	+3.61770417E-06	+2.46985201E-05	+1.08715822E-07	-2.36753302E-07	+7.03249760E-07
MERC_POS	-2656870.254	-16640738.292	1.366
MERC_COV	+5.80362897E-07	+3.61770417E-06	+2.46985201E-05	+1.08715822E-07	-2.36753302E-07	+7.03249760E-07
VERT_I95	0.010
HORI_I95	0.004
3D___I95	0.011

GEOD_SYS	ITRF1992	1993.000000000	(RGPF)
GEOC_POS	-5047636.789	-2974913.981	-2511847.257
GEOC_COV	+1.57230000E-05	+8.63400000E-06	+4.54000000E-06	+7.82300000E-06	+7.60900000E-06	+4.69200000E-06
GEOD_POS	-23.345023002	-149.486276926	1.365
GEOD_COV	+3.45946708E-16	+4.73132000E-17	+2.46990771E-05	+9.59723853E-18	+6.87415222E-12	-2.13901621E-12
UTM__06S	7416098.970	245799.636	1.365
UTM__COV	+5.80311305E-07	+3.61761155E-06	+2.46990771E-05	+1.08690606E-07	-2.36893656E-07	+7.02951739E-07
MERC_POS	-2656871.388	-16640736.228	1.365
MERC_COV	+5.80311305E-07	+3.61761155E-06	+2.46990771E-05	+1.08690606E-07	-2.36893656E-07	+7.02951739E-07
VERT_I95	0.010
HORI_I95	0.004
3D___I95	0.011

GEOD_SYS	ITRF2005	2007.274000000	(RGTAAF)
GEOC_POS	-5047637.427	-2974913.305	-2511846.794
GEOC_COV	+1.57230000E-05	+8.63400000E-06	+4.54000000E-06	+7.82300000E-06	+7.60900000E-06	+4.69200000E-06
GEOD_POS	-23.345018424	-149.486285792	1.371
GEOD_COV	+3.45946704E-16	+4.73132020E-17	+2.46990769E-05	+9.59721381E-18	+6.87418121E-12	-2.13903413E-12
UTM__06S	7416099.462	245798.720	1.371
UTM__COV	+5.80311330E-07	+3.61761176E-06	+2.46990769E-05	+1.08690329E-07	-2.36895641E-07	+7.02954728E-07
MERC_POS	-2656870.836	-16640737.215	1.371
MERC_COV	+5.80311330E-07	+3.61761176E-06	+2.46990769E-05	+1.08690329E-07	-2.36895641E-07	+7.02954728E-07
VERT_I95	0.010
HORI_I95	0.004
3D___I95	0.011

