SOFT_NAM	Gins
SOFT_VER	21.2
SOFT_TYP	PPP

TIME_SYS	TAI

GEOD_SYS	ITRF2014	2022.779438388
GEOC_POS	-5047638.110	-2974912.558	-2511846.299
GEOC_COV	+1.29685357E-05	+6.58200496E-06	+3.56357512E-06	+5.91859215E-06	+6.04074688E-06	+3.54712808E-06
GEOD_POS	-23.345013573	-149.486295474	1.367
GEOD_COV	+2.91723388E-16	+4.05692944E-17	+1.95659292E-05	+3.47833700E-18	+6.14244466E-13	-8.90062590E-13
UTM__06S	7416099.982	245797.720	1.367
UTM__COV	+4.97595177E-07	+3.05059139E-06	+1.95659292E-05	+3.93928503E-08	-9.85734375E-08	+6.28127269E-08
MERC_POS	-2656870.251	-16640738.293	1.367
MERC_COV	+4.97595177E-07	+3.05059139E-06	+1.95659292E-05	+3.93928503E-08	-9.85734375E-08	+6.28127269E-08
VERT_I95	0.009
HORI_I95	0.004
3D___I95	0.010

GEOD_SYS	ITRF1992	1993.000000000	(RGPF)
GEOC_POS	-5047636.791	-2974913.982	-2511847.255
GEOC_COV	+1.29690000E-05	+6.58200000E-06	+3.56400000E-06	+5.91900000E-06	+6.04100000E-06	+3.54700000E-06
GEOD_POS	-23.345022976	-149.486276934	1.366
GEOD_COV	+2.91700399E-16	+4.05983786E-17	+1.95666975E-05	+3.49746388E-18	+6.13201694E-13	-8.90077711E-13
UTM__06S	7416098.973	245799.635	1.366
UTM__COV	+4.97951905E-07	+3.05035056E-06	+1.95666975E-05	+3.96094633E-08	-9.85751123E-08	+6.27060885E-08
MERC_POS	-2656871.385	-16640736.229	1.366
MERC_COV	+4.97951905E-07	+3.05035056E-06	+1.95666975E-05	+3.96094633E-08	-9.85751123E-08	+6.27060885E-08
VERT_I95	0.009
HORI_I95	0.004
3D___I95	0.010

GEOD_SYS	ITRF2005	2007.274000000	(RGTAAF)
GEOC_POS	-5047637.429	-2974913.305	-2511846.791
GEOC_COV	+1.29690000E-05	+6.58200000E-06	+3.56400000E-06	+5.91900000E-06	+6.04100000E-06	+3.54700000E-06
GEOD_POS	-23.345018398	-149.486285800	1.372
GEOD_COV	+2.91700381E-16	+4.05983795E-17	+1.95666975E-05	+3.49744826E-18	+6.13224590E-13	-8.90091554E-13
UTM__06S	7416099.465	245798.719	1.372
UTM__COV	+4.97951917E-07	+3.05035058E-06	+1.95666975E-05	+3.96092878E-08	-9.85766454E-08	+6.27084320E-08
MERC_POS	-2656870.833	-16640737.216	1.372
MERC_COV	+4.97951917E-07	+3.05035058E-06	+1.95666975E-05	+3.96092878E-08	-9.85766454E-08	+6.27084320E-08
VERT_I95	0.009
HORI_I95	0.004
3D___I95	0.010

