SOFT_NAM	Gins
SOFT_VER	23.2
SOFT_TYP	PPP

TIME_SYS	TAI

GEOD_SYS	ITRF2020	2024.329221343
GEOC_POS	-5062225.907	-3539616.565	-1583891.394
GEOC_COV	+1.09122551E-05	+7.44367221E-06	+1.44152567E-06	+5.71801022E-06	+3.21305167E-06	+2.38062523E-06
GEOD_POS	-14.474712159	-145.037931603	0.343
GEOD_COV	+2.76361832E-16	+2.96289011E-17	+1.62226693E-05	-1.91741824E-18	+3.25319992E-12	-1.64195688E-12
UTM__06S	8398866.509	711479.535	0.343
UTM__COV	+3.62717769E-07	+3.21206588E-06	+1.62226693E-05	-2.28716075E-08	-1.81672165E-07	+3.50722755E-07
MERC_POS	-1618062.102	-16145548.692	0.343
MERC_COV	+3.62717769E-07	+3.21206588E-06	+1.62226693E-05	-2.28716075E-08	-1.81672165E-07	+3.50722755E-07
VERT_I95	0.008
HORI_I95	0.004
3D___I95	0.009

GEOD_SYS	ITRF1992	1993.000000000	(RGPF)
GEOC_POS	-5062224.481	-3539618.123	-1583892.438
GEOC_COV	+1.09120000E-05	+7.44400000E-06	+1.44200000E-06	+5.71800000E-06	+3.21300000E-06	+2.38100000E-06
GEOD_POS	-14.474721913	-145.037912180	0.337
GEOD_COV	+2.76374397E-16	+2.96580301E-17	+1.62227140E-05	-1.93905991E-18	+3.25636839E-12	-1.64449375E-12
UTM__06S	8398865.412	711481.620	0.337
UTM__COV	+3.63074367E-07	+3.21221163E-06	+1.62227140E-05	-2.31297555E-08	-1.81952853E-07	+3.51064327E-07
MERC_POS	-1618063.216	-16145546.530	0.337
MERC_COV	+3.63074367E-07	+3.21221163E-06	+1.62227140E-05	-2.31297555E-08	-1.81952853E-07	+3.51064327E-07
VERT_I95	0.008
HORI_I95	0.004
3D___I95	0.009

