SOFT_NAM	Gins
SOFT_VER	25.2
SOFT_TYP	IPPP

TIME_SYS	TAI

GEOD_SYS	ITRF2020	2025.036982147
GEOC_POS	4379317.700	4418548.127	-1401868.060
GEOC_COV	+3.14895165E-05	+3.43826570E-05	+4.60910881E-06	+2.87143486E-05	-7.80653621E-06	-8.31723827E-06
GEOD_POS	-12.781768666	045.255485031	-12.680
GEOD_COV	+3.57101715E-16	+2.02737902E-16	+6.37900650E-05	-3.26506482E-18	+1.13243788E-11	+1.82869315E-11
UTM__38S	8586983.780	527729.236	-12.680
UTM__COV	+2.48123785E-06	+4.20997948E-06	+6.37900650E-05	-3.92195453E-08	+2.02305441E-06	+1.22958458E-06
MERC_POS	-1425363.362	5037817.549	-12.680
MERC_COV	+2.48123785E-06	+4.20997948E-06	+6.37900650E-05	-3.92195453E-08	+2.02305441E-06	+1.22958458E-06
VERT_I95	0.016
HORI_I95	0.005
3D___I95	0.017

GEOD_SYS	ITRF2000	2004.000000000	(RGM04)
GEOC_POS	4379317.990	4418547.758	-1401868.361
GEOC_COV	+3.14900000E-05	+3.43830000E-05	+4.60900000E-06	+2.87140000E-05	-7.80700000E-06	-8.31700000E-06
GEOD_POS	-12.781771440	045.255480744	-12.670
GEOD_COV	+3.57166413E-16	+2.02724173E-16	+6.37901880E-05	-3.22592457E-18	+1.13228036E-11	+1.82860128E-11
UTM__38S	8586983.474	527728.770	-12.670
UTM__COV	+2.48106984E-06	+4.21074215E-06	+6.37901880E-05	-3.87493973E-08	+2.02295278E-06	+1.22941354E-06
MERC_POS	-1425363.677	5037817.072	-12.670
MERC_COV	+2.48106984E-06	+4.21074215E-06	+6.37901880E-05	-3.87493973E-08	+2.02295278E-06	+1.22941354E-06
VERT_I95	0.016
HORI_I95	0.005
3D___I95	0.017

GEOD_SYS	ITRF2020	2023.750000000	(RGM23)
GEOC_POS	4379317.717	4418548.104	-1401868.077
GEOC_COV	+3.14900000E-05	+3.43830000E-05	+4.60900000E-06	+2.87140000E-05	-7.80700000E-06	-8.31700000E-06
GEOD_POS	-12.781768827	045.255484768	-12.680
GEOD_COV	+3.57166392E-16	+2.02724159E-16	+6.37901884E-05	-3.22593851E-18	+1.13227656E-11	+1.82859877E-11
UTM__38S	8586983.762	527729.207	-12.680
UTM__COV	+2.48106966E-06	+4.21074198E-06	+6.37901884E-05	-3.87495650E-08	+2.02295000E-06	+1.22940943E-06
MERC_POS	-1425363.380	5037817.520	-12.680
MERC_COV	+2.48106966E-06	+4.21074198E-06	+6.37901884E-05	-3.87495650E-08	+2.02295000E-06	+1.22940943E-06
VERT_I95	0.016
HORI_I95	0.005
3D___I95	0.017

