SOFT_NAM	Gins
SOFT_VER	25.2
SOFT_TYP	IPPP

TIME_SYS	TAI

GEOD_SYS	ITRF2020	2022.694516394
GEOC_POS	4231162.380	-332746.367	4745131.110
GEOC_COV	+5.40943819E-07	+7.14310114E-08	+6.21331698E-07	-5.02985971E-08	+4.58340736E-07	-4.20687429E-08
GEOD_POS	48.380496222	-04.496590608	65.822
GEOD_COV	+1.21107693E-17	+9.87930076E-18	+1.04509275E-06	+6.94134684E-19	-1.77023503E-13	-1.50525779E-13
UTM__30N	5359674.251	389185.928	65.822
UTM__COV	+1.22159413E-07	+6.64543617E-08	+1.04509275E-06	+5.71768192E-09	-1.67382962E-08	-1.31131434E-08
MERC_POS	6138431.428	-500558.177	65.822
MERC_COV	+1.22159413E-07	+6.64543617E-08	+1.04509275E-06	+5.71768192E-09	-1.67382962E-08	-1.31131434E-08
VERT_I95	0.002
HORI_I95	0.001
3D___I95	0.002

GEOD_SYS	ETRF2000	2019.000000000	(RGF93_v2b)
GEOC_POS	4231162.785	-332746.924	4745130.689
GEOC_COV	+5.41000000E-07	+7.10000000E-08	+6.21000000E-07	-5.00000000E-08	+4.58000000E-07	-4.20000000E-08
GEOD_POS	48.380490696	-04.496597671	65.804
GEOD_COV	+1.20412699E-17	+9.89547447E-18	+1.04456758E-06	+6.67283257E-19	-1.73614565E-13	-1.51669820E-13
UTM__30N	5359673.647	389185.393	65.804
UTM__COV	+1.22359403E-07	+6.60730177E-08	+1.04456758E-06	+5.49650361E-09	-1.68655122E-08	-1.28606252E-08
MERC_POS	6138430.504	-500558.963	65.804
MERC_COV	+1.22359403E-07	+6.60730177E-08	+1.04456758E-06	+5.49650361E-09	-1.68655122E-08	-1.28606252E-08
VERT_I95	0.002
HORI_I95	0.001
3D___I95	0.002

