SOFT_NAM	Gins
SOFT_VER	25.2
SOFT_TYP	IPPP

TIME_SYS	TAI

GEOD_SYS	ITRF2020	2022.916434202
GEOC_POS	-5750040.172	1337546.498	-2406809.130
GEOC_COV	+5.93935628E-06	+7.86285889E-07	+1.39699589E-06	-1.28476021E-06	+2.30518303E-06	-5.55363179E-07
GEOD_POS	-22.314983688	166.905007731	245.348
GEOD_COV	+4.55682917E-17	+3.50442324E-17	+7.20911068E-06	+9.88910262E-19	-2.09757440E-13	+1.30331524E-13
UTM__58S	7531069.161	696225.213	245.348
UTM__COV	+4.29750519E-07	+4.83776865E-07	+7.20911068E-06	+1.12836079E-08	+1.44327604E-08	-2.16126763E-08
MERC_POS	-2533167.595	18579780.472	245.348
MERC_COV	+4.29750519E-07	+4.83776865E-07	+7.20911068E-06	+1.12836079E-08	+1.44327604E-08	-2.16126763E-08
VERT_I95	0.005
HORI_I95	0.002
3D___I95	0.006

GEOD_SYS	ITRF1990	1989.000000000	(RGNC91-93)
GEOC_POS	-5750039.426	1337547.096	-2406810.600
GEOC_COV	+5.93900000E-06	+7.86000000E-07	+1.39700000E-06	-1.28500000E-06	+2.30500000E-06	-5.55000000E-07
GEOD_POS	-22.314997994	166.905000433	245.359
GEOD_COV	+4.55310629E-17	+3.50565441E-17	+7.20871697E-06	+9.55914703E-19	-2.10670445E-13	+1.31225274E-13
UTM__58S	7531067.586	696224.441	245.359
UTM__COV	+4.29901502E-07	+4.83381528E-07	+7.20871697E-06	+1.09071228E-08	+1.45317333E-08	-2.17067469E-08
MERC_POS	-2533169.307	18579779.659	245.359
MERC_COV	+4.29901502E-07	+4.83381528E-07	+7.20871697E-06	+1.09071228E-08	+1.45317333E-08	-2.17067469E-08
VERT_I95	0.005
HORI_I95	0.002
3D___I95	0.006

GEOD_SYS	ITRF2005	2007.274000000	(RGTAAF)
GEOC_POS	-5750039.836	1337546.761	-2406809.797
GEOC_COV	+5.93900000E-06	+7.86000000E-07	+1.39700000E-06	-1.28500000E-06	+2.30500000E-06	-5.55000000E-07
GEOD_POS	-22.314990175	166.905004502	245.353
GEOD_COV	+4.55310581E-17	+3.50565439E-17	+7.20871697E-06	+9.55914955E-19	-2.10674711E-13	+1.31216921E-13
UTM__58S	7531068.447	696224.871	245.353
UTM__COV	+4.29901498E-07	+4.83381530E-07	+7.20871697E-06	+1.09071263E-08	+1.45308083E-08	-2.17071877E-08
MERC_POS	-2533168.371	18579780.112	245.353
MERC_COV	+4.29901498E-07	+4.83381530E-07	+7.20871697E-06	+1.09071263E-08	+1.45308083E-08	-2.17071877E-08
VERT_I95	0.005
HORI_I95	0.002
3D___I95	0.006

