SOFT_NAM	Gins
SOFT_VER	25.2
SOFT_TYP	IPPP

TIME_SYS	TAI

GEOD_SYS	ITRF2020	2022.916434202
GEOC_POS	-5750040.171	1337546.498	-2406809.129
GEOC_COV	+3.24524060E-06	+4.27677211E-07	+7.60696375E-07	-6.96120500E-07	+1.27021883E-06	-3.02525021E-07
GEOD_POS	-22.314983682	166.905007721	245.346
GEOD_COV	+2.49683365E-17	+1.83500814E-17	+3.94350857E-06	+4.60814968E-19	-5.12557096E-14	+5.50093574E-15
UTM__58S	7531069.162	696225.212	245.346
UTM__COV	+2.25028670E-07	+2.65076945E-07	+3.94350857E-06	+5.25796487E-09	+6.09167186E-10	-5.28120985E-09
MERC_POS	-2533167.595	18579780.470	245.346
MERC_COV	+2.25028670E-07	+2.65076945E-07	+3.94350857E-06	+5.25796487E-09	+6.09167186E-10	-5.28120985E-09
VERT_I95	0.004
HORI_I95	0.001
3D___I95	0.004

GEOD_SYS	ITRF1990	1989.000000000	(RGNC91-93)
GEOC_POS	-5750039.424	1337547.097	-2406810.599
GEOC_COV	+3.24500000E-06	+4.28000000E-07	+7.61000000E-07	-6.96000000E-07	+1.27000000E-06	-3.03000000E-07
GEOD_POS	-22.314997989	166.905000424	245.357
GEOD_COV	+2.50010312E-17	+1.83742024E-17	+3.94325153E-06	+5.01804441E-19	-5.32844682E-14	+4.38423366E-15
UTM__58S	7531067.587	696224.440	245.357
UTM__COV	+2.25324470E-07	+2.65423996E-07	+3.94325153E-06	+5.72566009E-09	+4.85504906E-10	-5.49024552E-09
MERC_POS	-2533169.306	18579779.658	245.357
MERC_COV	+2.25324470E-07	+2.65423996E-07	+3.94325153E-06	+5.72566009E-09	+4.85504906E-10	-5.49024552E-09
VERT_I95	0.004
HORI_I95	0.001
3D___I95	0.004

GEOD_SYS	ITRF2005	2007.274000000	(RGTAAF)
GEOC_POS	-5750039.834	1337546.761	-2406809.795
GEOC_COV	+3.24500000E-06	+4.28000000E-07	+7.61000000E-07	-6.96000000E-07	+1.27000000E-06	-3.03000000E-07
GEOD_POS	-22.314990169	166.905004493	245.351
GEOD_COV	+2.50010285E-17	+1.83742025E-17	+3.94325153E-06	+5.01804572E-19	-5.32868028E-14	+4.37965360E-15
UTM__58S	7531068.447	696224.870	245.351
UTM__COV	+2.25324470E-07	+2.65423996E-07	+3.94325153E-06	+5.72566188E-09	+4.84997714E-10	-5.49048637E-09
MERC_POS	-2533168.371	18579780.111	245.351
MERC_COV	+2.25324470E-07	+2.65423996E-07	+3.94325153E-06	+5.72566188E-09	+4.84997714E-10	-5.49048637E-09
VERT_I95	0.004
HORI_I95	0.001
3D___I95	0.004

