SOFT_NAM	Gins
SOFT_VER	25.2
SOFT_TYP	IPPP

TIME_SYS	TAI

GEOD_SYS	ITRF2020	2022.916434202
GEOC_POS	-5229357.234	-3104409.279	-1916390.252
GEOC_COV	+4.67418496E-06	+2.06560057E-06	+1.00922811E-06	+2.58631218E-06	+1.61180280E-06	+9.83505783E-07
GEOD_POS	-17.601448284	-149.304502808	16.082
GEOD_COV	+4.21465037E-17	+3.27713633E-17	+6.87277492E-06	+5.43083665E-19	+9.03675035E-13	-2.51568833E-13
UTM__06S	8052419.969	255442.879	16.082
UTM__COV	+4.01423433E-07	+4.74815292E-07	+6.87277492E-06	+6.37973175E-09	-2.78426739E-08	+9.59166179E-08
MERC_POS	-1978036.877	-16620501.226	16.082
MERC_COV	+4.01423433E-07	+4.74815292E-07	+6.87277492E-06	+6.37973175E-09	-2.78426739E-08	+9.59166179E-08
VERT_I95	0.005
HORI_I95	0.002
3D___I95	0.006

GEOD_SYS	ITRF1992	1993.000000000	(RGPF)
GEOC_POS	-5229355.973	-3104410.789	-1916391.228
GEOC_COV	+4.67400000E-06	+2.06600000E-06	+1.00900000E-06	+2.58600000E-06	+1.61200000E-06	+9.84000000E-07
GEOD_POS	-17.601457542	-149.304484505	16.078
GEOD_COV	+4.21927670E-17	+3.27322996E-17	+6.87271863E-06	+5.19527101E-19	+9.05541935E-13	-2.54878589E-13
UTM__06S	8052418.968	255444.835	16.078
UTM__COV	+4.00944934E-07	+4.75336437E-07	+6.87271863E-06	+6.10300693E-09	-2.82089850E-08	+9.61147668E-08
MERC_POS	-1978037.951	-16620499.188	16.078
MERC_COV	+4.00944934E-07	+4.75336437E-07	+6.87271863E-06	+6.10300693E-09	-2.82089850E-08	+9.61147668E-08
VERT_I95	0.005
HORI_I95	0.002
3D___I95	0.006

