SOFT_NAM	Gins
SOFT_VER	25.2
SOFT_TYP	IPPP

TIME_SYS	TAI

GEOD_SYS	ITRF2020	2022.916434202
GEOC_POS	-5229357.233	-3104409.277	-1916390.253
GEOC_COV	+8.29940359E-06	+3.75855063E-06	+1.78225496E-06	+4.60541065E-06	+2.83999844E-06	+1.72287795E-06
GEOD_POS	-17.601448292	-149.304502816	16.081
GEOD_COV	+7.97725205E-17	+5.91796529E-17	+1.22166014E-05	+2.88135483E-18	+1.99411775E-12	-1.02278581E-13
UTM__06S	8052419.968	255442.878	16.081
UTM__COV	+7.24904216E-07	+8.98703552E-07	+1.22166014E-05	+3.38479540E-08	-1.13198012E-08	+2.11656871E-07
MERC_POS	-1978036.877	-16620501.227	16.081
MERC_COV	+7.24904216E-07	+8.98703552E-07	+1.22166014E-05	+3.38479540E-08	-1.13198012E-08	+2.11656871E-07
VERT_I95	0.007
HORI_I95	0.003
3D___I95	0.007

GEOD_SYS	ITRF1992	1993.000000000	(RGPF)
GEOC_POS	-5229355.972	-3104410.788	-1916391.228
GEOC_COV	+8.29900000E-06	+3.75900000E-06	+1.78200000E-06	+4.60500000E-06	+2.84000000E-06	+1.72300000E-06
GEOD_POS	-17.601457550	-149.304484514	16.076
GEOD_COV	+7.98246755E-17	+5.91537019E-17	+1.22161226E-05	+2.87748490E-18	+1.99597858E-12	-1.03478495E-13
UTM__06S	8052418.967	255444.834	16.076
UTM__COV	+7.24586337E-07	+8.99291028E-07	+1.22161226E-05	+3.38024912E-08	-1.14526031E-08	+2.11854370E-07
MERC_POS	-1978037.952	-16620499.189	16.076
MERC_COV	+7.24586337E-07	+8.99291028E-07	+1.22161226E-05	+3.38024912E-08	-1.14526031E-08	+2.11854370E-07
VERT_I95	0.007
HORI_I95	0.003
3D___I95	0.007

