SOFT_NAM	Gins
SOFT_VER	25.2
SOFT_TYP	IPPP

TIME_SYS	TAI

GEOD_SYS	ITRF2020	2023.154790367
GEOC_POS	-4711777.027	-3819958.178	-1965104.997
GEOC_COV	+6.26052419E-06	+5.71734226E-06	+1.68240534E-06	+5.08210229E-06	+2.58157628E-06	+2.31087038E-06
GEOD_POS	-18.063866690	-140.967433489	-3.543
GEOD_COV	+8.57016701E-17	+4.40471487E-17	+1.21601570E-05	+7.04551760E-18	+7.54761897E-12	-3.91135052E-13
UTM__07S	8002748.168	503446.333	-3.543
UTM__COV	+5.39590622E-07	+9.60524208E-07	+1.21601570E-05	+8.25554435E-08	-4.32912408E-08	+7.99041769E-07
MERC_POS	-2031782.979	-15692422.914	-3.543
MERC_COV	+5.39590622E-07	+9.60524208E-07	+1.21601570E-05	+8.25554435E-08	-4.32912408E-08	+7.99041769E-07
VERT_I95	0.007
HORI_I95	0.002
3D___I95	0.007

GEOD_SYS	ITRF1992	1993.000000000	(RGPF)
GEOC_POS	-4711775.523	-3819959.535	-1965105.945
GEOC_COV	+6.26100000E-06	+5.71700000E-06	+1.68200000E-06	+5.08200000E-06	+2.58200000E-06	+2.31100000E-06
GEOD_POS	-18.063875712	-140.967414584	-3.547
GEOD_COV	+8.57089729E-17	+4.39978745E-17	+1.21604070E-05	+7.04786446E-18	+7.54331566E-12	-3.92898981E-13
UTM__07S	8002747.170	503448.334	-3.547
UTM__COV	+5.38986998E-07	+9.60605957E-07	+1.21604070E-05	+8.25829385E-08	-4.34864743E-08	+7.98586150E-07
MERC_POS	-2031784.029	-15692420.810	-3.547
MERC_COV	+5.38986998E-07	+9.60605957E-07	+1.21604070E-05	+8.25829385E-08	-4.34864743E-08	+7.98586150E-07
VERT_I95	0.007
HORI_I95	0.002
3D___I95	0.007

