SOFT_NAM	Gins
SOFT_VER	25.2
SOFT_TYP	IPPP

TIME_SYS	TAI

GEOD_SYS	ITRF2020	2022.932872558
GEOC_POS	4228876.803	-333103.706	4747181.290
GEOC_COV	+1.21993198E-06	+1.48401131E-07	+1.44903872E-06	-9.12488615E-08	+1.06600905E-06	-8.10908898E-08
GEOD_POS	48.407871232	-04.503822555	104.472
GEOD_COV	+2.56726614E-17	+2.13219803E-17	+2.41299382E-06	+7.98213319E-19	-2.69788754E-14	-1.52375817E-13
UTM__30N	5362727.440	388710.186	104.472
UTM__COV	+2.63656020E-07	+1.40721988E-07	+2.41299382E-06	+6.57157672E-09	-1.69442022E-08	-1.99741992E-09
MERC_POS	6143007.232	-501363.233	104.472
MERC_COV	+2.63656020E-07	+1.40721988E-07	+2.41299382E-06	+6.57157672E-09	-1.69442022E-08	-1.99741992E-09
VERT_I95	0.003
HORI_I95	0.001
3D___I95	0.003

GEOD_SYS	ETRF2000	2019.000000000	(RGF93_v2b)
GEOC_POS	4228877.211	-333104.266	4747180.866
GEOC_COV	+1.22000000E-06	+1.48000000E-07	+1.44900000E-06	-9.10000000E-08	+1.06600000E-06	-8.10000000E-08
GEOD_POS	48.407865671	-04.503829671	104.454
GEOD_COV	+2.56071112E-17	+2.13230819E-17	+2.41296765E-06	+7.79795643E-19	-2.35350946E-14	-1.52646373E-13
UTM__30N	5362726.832	388709.647	104.454
UTM__COV	+2.63669640E-07	+1.40362712E-07	+2.41296765E-06	+6.41994727E-09	-1.69742879E-08	-1.74245483E-09
MERC_POS	6143006.303	-501364.026	104.454
MERC_COV	+2.63669640E-07	+1.40362712E-07	+2.41296765E-06	+6.41994727E-09	-1.69742879E-08	-1.74245483E-09
VERT_I95	0.003
HORI_I95	0.001
3D___I95	0.003

