SOFT_NAM	Gins
SOFT_VER	25.2
SOFT_TYP	IPPP

TIME_SYS	TAI

GEOD_SYS	ITRF2020	2022.897256120
GEOC_POS	-5245847.857	-3081024.482	-1909101.578
GEOC_COV	+2.38186442E-02	+1.01183674E-02	+8.24780273E-04	+1.41862337E-02	+4.37583474E-03	+2.57810432E-03
GEOD_POS	-17.532364759	-149.573162848	18.187
GEOD_COV	+1.10183208E-13	+6.52401709E-14	+3.27204135E-02	+2.31867140E-14	+8.34025986E-09	+4.51557960E-08
UTM__06S	8059701.718	226813.588	18.187
UTM__COV	+7.99130185E-04	+1.24224821E-03	+3.27204135E-02	+2.72481430E-04	+4.99763719E-03	+8.85576463E-04
MERC_POS	-1970019.463	-16650408.325	18.187
MERC_COV	+7.99130185E-04	+1.24224821E-03	+3.27204135E-02	+2.72481430E-04	+4.99763719E-03	+8.85576463E-04
VERT_I95	0.362
HORI_I95	0.090
3D___I95	0.373

GEOD_SYS	ITRF1992	1993.000000000	(RGPF)
GEOC_POS	-5245846.605	-3081025.996	-1909102.554
GEOC_COV	+2.38186440E-02	+1.01183670E-02	+8.24780000E-04	+1.41862340E-02	+4.37583500E-03	+2.57810400E-03
GEOD_POS	-17.532374015	-149.573144576	18.183
GEOD_COV	+1.10183109E-13	+6.52402843E-14	+3.27204125E-02	+2.31866362E-14	+8.34016457E-09	+4.51558445E-08
UTM__06S	8059700.719	226815.543	18.183
UTM__COV	+7.99131574E-04	+1.24224696E-03	+3.27204125E-02	+2.72480502E-04	+4.99764256E-03	+8.85566299E-04
MERC_POS	-1970020.537	-16650406.291	18.183
MERC_COV	+7.99131574E-04	+1.24224696E-03	+3.27204125E-02	+2.72480502E-04	+4.99764256E-03	+8.85566299E-04
VERT_I95	0.362
HORI_I95	0.090
3D___I95	0.373

