SOFT_NAM	Gins
SOFT_VER	25.2
SOFT_TYP	IPPP

TIME_SYS	TAI

GEOD_SYS	ITRF2020	2022.897256120
GEOC_POS	-5245847.857	-3081024.477	-1909101.578
GEOC_COV	+2.46808347E-02	+1.04846334E-02	+8.54635785E-04	+1.46997489E-02	+4.53423181E-03	+2.67142690E-03
GEOD_POS	-17.532364768	-149.573162882	18.185
GEOD_COV	+1.14171634E-13	+6.76017432E-14	+3.39048314E-02	+2.40260299E-14	+8.64216186E-09	+4.67903515E-08
UTM__06S	8059701.717	226813.585	18.185
UTM__COV	+8.28057204E-04	+1.28721527E-03	+3.39048314E-02	+2.82344751E-04	+5.17854232E-03	+9.17632695E-04
MERC_POS	-1970019.464	-16650408.328	18.185
MERC_COV	+8.28057204E-04	+1.28721527E-03	+3.39048314E-02	+2.82344751E-04	+5.17854232E-03	+9.17632695E-04
VERT_I95	0.368
HORI_I95	0.092
3D___I95	0.380

GEOD_SYS	ITRF1992	1993.000000000	(RGPF)
GEOC_POS	-5245846.604	-3081025.992	-1909102.554
GEOC_COV	+2.46808350E-02	+1.04846330E-02	+8.54636000E-04	+1.46997490E-02	+4.53423200E-03	+2.67142700E-03
GEOD_POS	-17.532374025	-149.573144610	18.181
GEOD_COV	+1.14171559E-13	+6.76018919E-14	+3.39048307E-02	+2.40259072E-14	+8.64206135E-09	+4.67903998E-08
UTM__06S	8059700.718	226815.540	18.181
UTM__COV	+8.28059026E-04	+1.28721429E-03	+3.39048307E-02	+2.82343295E-04	+5.17854767E-03	+9.17621975E-04
MERC_POS	-1970020.538	-16650406.294	18.181
MERC_COV	+8.28059026E-04	+1.28721429E-03	+3.39048307E-02	+2.82343295E-04	+5.17854767E-03	+9.17621975E-04
VERT_I95	0.368
HORI_I95	0.092
3D___I95	0.380

