SOFT_NAM	Gins
SOFT_VER	25.2
SOFT_TYP	IPPP

TIME_SYS	TAI

GEOD_SYS	ITRF2020	2022.894516394
GEOC_POS	-5245847.298	-3081023.774	-1909101.514
GEOC_COV	+3.95554055E-04	+1.11604536E-04	+3.44752462E-05	-4.09183132E-05	+9.90423539E-05	+1.98291323E-06
GEOD_POS	-17.532366496	-149.573165928	17.366
GEOD_COV	+1.95282354E-14	+6.32705884E-16	+3.13714957E-04	+2.41774518E-16	-1.42997276E-09	+1.63656431E-11
UTM__06S	8059701.521	226813.264	17.366
UTM__COV	+7.75004468E-06	+2.20168836E-04	+3.13714957E-04	+2.84124128E-06	+1.81127437E-06	-1.51835802E-04
MERC_POS	-1970019.665	-16650408.667	17.366
MERC_COV	+7.75004468E-06	+2.20168836E-04	+3.13714957E-04	+2.84124128E-06	+1.81127437E-06	-1.51835802E-04
VERT_I95	0.035
HORI_I95	0.030
3D___I95	0.047

GEOD_SYS	ITRF1992	1993.000000000	(RGPF)
GEOC_POS	-5245846.046	-3081025.288	-1909102.490
GEOC_COV	+3.95554000E-04	+1.11605000E-04	+3.44750000E-05	-4.09180000E-05	+9.90420000E-05	+1.98300000E-06
GEOD_POS	-17.532375751	-149.573147658	17.362
GEOD_COV	+1.95282506E-14	+6.32702558E-16	+3.13715011E-04	+2.41763237E-16	-1.42996898E-09	+1.63694486E-11
UTM__06S	8059700.523	226815.218	17.362
UTM__COV	+7.75000394E-06	+2.20168985E-04	+3.13715011E-04	+2.84110856E-06	+1.81169555E-06	-1.51835393E-04
MERC_POS	-1970020.739	-16650406.634	17.362
MERC_COV	+7.75000394E-06	+2.20168985E-04	+3.13715011E-04	+2.84110856E-06	+1.81169555E-06	-1.51835393E-04
VERT_I95	0.035
HORI_I95	0.030
3D___I95	0.047

