SOFT_NAM	Gins
SOFT_VER	25.2
SOFT_TYP	IPPP

TIME_SYS	TAI

GEOD_SYS	ITRF2020	2022.889036942
GEOC_POS	-5245845.326	-3081021.275	-1909101.230
GEOC_COV	+2.88495787E-01	+2.59832801E-01	+7.33231231E-03	+2.45136731E-01	+3.56080116E-02	+3.67983460E-02
GEOD_POS	-17.532372126	-149.573176814	14.453
GEOD_COV	+4.70865249E-12	+1.89919579E-12	+4.79310474E-01	+1.62826243E-12	+9.98641449E-07	+9.01441365E-07
UTM__06S	8059700.882	226812.116	14.453
UTM__COV	+2.32633188E-02	+5.30871074E-02	+4.79310474E-01	+1.91346966E-02	+9.97673531E-02	+1.06036601E-01
MERC_POS	-1970020.318	-16650409.879	14.453
MERC_COV	+2.32633188E-02	+5.30871074E-02	+4.79310474E-01	+1.91346966E-02	+9.97673531E-02	+1.06036601E-01
VERT_I95	1.385
HORI_I95	0.553
3D___I95	1.491

GEOD_SYS	ITRF1992	1993.000000000	(RGPF)
GEOC_POS	-5245844.074	-3081022.789	-1909102.206
GEOC_COV	+2.88495787E-01	+2.59832801E-01	+7.33231200E-03	+2.45136731E-01	+3.56080120E-02	+3.67983460E-02
GEOD_POS	-17.532381380	-149.573158547	14.449
GEOD_COV	+4.70864695E-12	+1.89919868E-12	+4.79310506E-01	+1.62826165E-12	+9.98640160E-07	+9.01442173E-07
UTM__06S	8059699.884	226814.070	14.449
UTM__COV	+2.32633543E-02	+5.30870395E-02	+4.79310506E-01	+1.91346865E-02	+9.97674425E-02	+1.06036459E-01
MERC_POS	-1970021.392	-16650407.846	14.449
MERC_COV	+2.32633543E-02	+5.30870395E-02	+4.79310506E-01	+1.91346865E-02	+9.97674425E-02	+1.06036459E-01
VERT_I95	1.385
HORI_I95	0.553
3D___I95	1.491

