SOFT_NAM	Gins
SOFT_VER	25.2
SOFT_TYP	IPPP

TIME_SYS	TAI

GEOD_SYS	ITRF2020	2022.891776668
GEOC_POS	-5245847.611	-3081023.991	-1909101.600
GEOC_COV	+3.58908011E-02	+1.16551069E-02	+1.18830227E-03	+1.86033294E-02	+6.22258953E-03	+3.45380226E-03
GEOD_POS	-17.532366199	-149.573165662	17.755
GEOD_COV	+1.43981680E-13	+9.47370792E-14	+4.59504660E-02	-2.49822697E-14	-1.41674270E-08	+6.34877354E-08
UTM__06S	8059701.554	226813.292	17.755
UTM__COV	+1.16043916E-03	+1.62330504E-03	+4.59504660E-02	-2.93582075E-04	+7.02653201E-03	-1.50431032E-03
MERC_POS	-1970019.630	-16650408.638	17.755
MERC_COV	+1.16043916E-03	+1.62330504E-03	+4.59504660E-02	-2.93582075E-04	+7.02653201E-03	-1.50431032E-03
VERT_I95	0.429
HORI_I95	0.106
3D___I95	0.442

GEOD_SYS	ITRF1992	1993.000000000	(RGPF)
GEOC_POS	-5245846.359	-3081025.505	-1909102.575
GEOC_COV	+3.58908010E-02	+1.16551070E-02	+1.18830200E-03	+1.86033290E-02	+6.22259000E-03	+3.45380200E-03
GEOD_POS	-17.532375453	-149.573147393	17.750
GEOD_COV	+1.43981817E-13	+9.47372242E-14	+4.59504626E-02	-2.49824345E-14	-1.41675627E-08	+6.34877963E-08
UTM__06S	8059700.556	226815.246	17.750
UTM__COV	+1.16044094E-03	+1.62330642E-03	+4.59504626E-02	-2.93583997E-04	+7.02653875E-03	-1.50432465E-03
MERC_POS	-1970020.704	-16650406.604	17.750
MERC_COV	+1.16044094E-03	+1.62330642E-03	+4.59504626E-02	-2.93583997E-04	+7.02653875E-03	-1.50432465E-03
VERT_I95	0.429
HORI_I95	0.106
3D___I95	0.442

