SOFT_NAM	Gins
SOFT_VER	25.2
SOFT_TYP	IPPP

TIME_SYS	TAI

GEOD_SYS	ITRF2020	2022.891776668
GEOC_POS	-5245847.543	-3081023.947	-1909101.587
GEOC_COV	+3.98098107E-02	+1.29277585E-02	+1.31805609E-03	+2.06346755E-02	+6.90205027E-03	+3.83093197E-03
GEOD_POS	-17.532366314	-149.573165694	17.674
GEOD_COV	+1.59703412E-13	+1.05081671E-13	+5.09679169E-02	-2.77101448E-14	-1.57144021E-08	+7.04201277E-08
UTM__06S	8059701.542	226813.288	17.674
UTM__COV	+1.28715055E-03	+1.80055787E-03	+5.09679169E-02	-3.25639011E-04	+7.79377737E-03	-1.66856952E-03
MERC_POS	-1970019.644	-16650408.641	17.674
MERC_COV	+1.28715055E-03	+1.80055787E-03	+5.09679169E-02	-3.25639011E-04	+7.79377737E-03	-1.66856952E-03
VERT_I95	0.452
HORI_I95	0.111
3D___I95	0.465

GEOD_SYS	ITRF1992	1993.000000000	(RGPF)
GEOC_POS	-5245846.291	-3081025.461	-1909102.563
GEOC_COV	+3.98098110E-02	+1.29277590E-02	+1.31805600E-03	+2.06346750E-02	+6.90205000E-03	+3.83093200E-03
GEOD_POS	-17.532375569	-149.573147426	17.670
GEOD_COV	+1.59703599E-13	+1.05081874E-13	+5.09679132E-02	-2.77103841E-14	-1.57145513E-08	+7.04201996E-08
UTM__06S	8059700.543	226815.243	17.670
UTM__COV	+1.28715303E-03	+1.80055979E-03	+5.09679132E-02	-3.25641806E-04	+7.79378532E-03	-1.66858528E-03
MERC_POS	-1970020.717	-16650406.608	17.670
MERC_COV	+1.28715303E-03	+1.80055979E-03	+5.09679132E-02	-3.25641806E-04	+7.79378532E-03	-1.66858528E-03
VERT_I95	0.452
HORI_I95	0.111
3D___I95	0.465

