SOFT_NAM	Gins
SOFT_VER	25.2
SOFT_TYP	IPPP

TIME_SYS	TAI

GEOD_SYS	ITRF2020	2022.889036942
GEOC_POS	-5245846.477	-3081022.394	-1909101.474
GEOC_COV	+4.47489418E-01	+4.03029992E-01	+1.13732343E-02	+3.80234675E-01	+5.52320000E-02	+5.70783573E-02
GEOD_POS	-17.532369977	-149.573173216	16.013
GEOD_COV	+7.30364768E-12	+2.94586551E-12	+7.43464516E-01	+2.52561693E-12	+1.54900492E-06	+1.39823683E-06
UTM__06S	8059701.125	226812.495	16.013
UTM__COV	+3.60840323E-02	+8.23440949E-02	+7.43464516E-01	+2.96800670E-02	+1.54750411E-01	+1.64474706E-01
MERC_POS	-1970020.069	-16650409.479	16.013
MERC_COV	+3.60840323E-02	+8.23440949E-02	+7.43464516E-01	+2.96800670E-02	+1.54750411E-01	+1.64474706E-01
VERT_I95	1.724
HORI_I95	0.688
3D___I95	1.857

GEOD_SYS	ITRF1992	1993.000000000	(RGPF)
GEOC_POS	-5245845.225	-3081023.908	-1909102.449
GEOC_COV	+4.47489418E-01	+4.03029992E-01	+1.13732340E-02	+3.80234675E-01	+5.52320000E-02	+5.70783570E-02
GEOD_POS	-17.532379231	-149.573154950	16.009
GEOD_COV	+7.30363906E-12	+2.94587005E-12	+7.43464567E-01	+2.52561572E-12	+1.54900292E-06	+1.39823809E-06
UTM__06S	8059700.127	226814.449	16.009
UTM__COV	+3.60840880E-02	+8.23439892E-02	+7.43464567E-01	+2.96800512E-02	+1.54750551E-01	+1.64474486E-01
MERC_POS	-1970021.142	-16650407.445	16.009
MERC_COV	+3.60840880E-02	+8.23439892E-02	+7.43464567E-01	+2.96800512E-02	+1.54750551E-01	+1.64474486E-01
VERT_I95	1.724
HORI_I95	0.688
3D___I95	1.857

