SOFT_NAM	Gins
SOFT_VER	25.2
SOFT_TYP	IPPP

TIME_SYS	TAI

GEOD_SYS	ITRF2020	2022.899995846
GEOC_POS	-5245847.161	-3081023.747	-1909101.405
GEOC_COV	+1.88831287E-04	+5.28975663E-05	+2.56959107E-05	+3.76850956E-05	+2.82231923E-05	+3.27741591E-05
GEOD_POS	-17.532365910	-149.573165493	17.209
GEOD_COV	+4.86486596E-15	+1.37205199E-15	+1.95770067E-04	-2.18449091E-15	-3.28629679E-10	+1.15613325E-10
UTM__06S	8059701.587	226813.309	17.209
UTM__COV	+1.68063297E-05	+5.48483675E-05	+1.95770067E-04	-2.56712970E-05	+1.27955526E-05	-3.48941960E-05
MERC_POS	-1970019.597	-16650408.619	17.209
MERC_COV	+1.68063297E-05	+5.48483675E-05	+1.95770067E-04	-2.56712970E-05	+1.27955526E-05	-3.48941960E-05
VERT_I95	0.028
HORI_I95	0.017
3D___I95	0.033

GEOD_SYS	ITRF1992	1993.000000000	(RGPF)
GEOC_POS	-5245845.909	-3081025.262	-1909102.380
GEOC_COV	+1.88831000E-04	+5.28980000E-05	+2.56960000E-05	+3.76850000E-05	+2.82230000E-05	+3.27740000E-05
GEOD_POS	-17.532375167	-149.573147219	17.204
GEOD_COV	+4.86489824E-15	+1.37206873E-15	+1.95769739E-04	-2.18448141E-15	-3.28627775E-10	+1.15614593E-10
UTM__06S	8059700.588	226815.264	17.204
UTM__COV	+1.68065348E-05	+5.48487258E-05	+1.95769739E-04	-2.56711840E-05	+1.27956930E-05	-3.48939920E-05
MERC_POS	-1970020.671	-16650406.585	17.204
MERC_COV	+1.68065348E-05	+5.48487258E-05	+1.95769739E-04	-2.56711840E-05	+1.27956930E-05	-3.48939920E-05
VERT_I95	0.028
HORI_I95	0.017
3D___I95	0.033

