SOFT_NAM	Gins
SOFT_VER	25.2
SOFT_TYP	IPPP

TIME_SYS	TAI

GEOD_SYS	ITRF2020	2022.894516394
GEOC_POS	-5245847.291	-3081023.775	-1909101.513
GEOC_COV	+4.02344687E-04	+1.13520494E-04	+3.50670963E-05	-4.16207729E-05	+1.00742653E-04	+2.01695482E-06
GEOD_POS	-17.532366498	-149.573165889	17.361
GEOD_COV	+1.98634842E-14	+6.43567794E-16	+3.19100625E-04	+2.45925152E-16	-1.45452167E-09	+1.66465990E-11
UTM__06S	8059701.521	226813.268	17.361
UTM__COV	+7.88309272E-06	+2.23948560E-04	+3.19100625E-04	+2.89001793E-06	+1.84236928E-06	-1.54442427E-04
MERC_POS	-1970019.665	-16650408.663	17.361
MERC_COV	+7.88309272E-06	+2.23948560E-04	+3.19100625E-04	+2.89001793E-06	+1.84236928E-06	-1.54442427E-04
VERT_I95	0.036
HORI_I95	0.030
3D___I95	0.047

GEOD_SYS	ITRF1992	1993.000000000	(RGPF)
GEOC_POS	-5245846.039	-3081025.289	-1909102.488
GEOC_COV	+4.02345000E-04	+1.13520000E-04	+3.50670000E-05	-4.16210000E-05	+1.00743000E-04	+2.01700000E-06
GEOD_POS	-17.532375754	-149.573147619	17.357
GEOD_COV	+1.98634866E-14	+6.43544950E-16	+3.19100623E-04	+2.45923991E-16	-1.45452657E-09	+1.66445551E-11
UTM__06S	8059700.522	226815.223	17.357
UTM__COV	+7.88281290E-06	+2.23948564E-04	+3.19100623E-04	+2.89000414E-06	+1.84214307E-06	-1.54442940E-04
MERC_POS	-1970020.739	-16650406.629	17.357
MERC_COV	+7.88281290E-06	+2.23948564E-04	+3.19100623E-04	+2.89000414E-06	+1.84214307E-06	-1.54442940E-04
VERT_I95	0.036
HORI_I95	0.030
3D___I95	0.047

