SOFT_NAM	Gins
SOFT_VER	25.2
SOFT_TYP	IPPP

TIME_SYS	TAI

GEOD_SYS	ITRF2020	2021.549310915
GEOC_POS	-5034776.262	-3510765.690	-1728023.900
GEOC_COV	+9.91576330E-06	+5.25023477E-06	+1.83071472E-06	+6.11226379E-06	+3.04829306E-06	+2.07242824E-06
GEOD_POS	-15.824237334	-145.111812057	0.575
GEOD_COV	+9.07218828E-17	+6.62249847E-17	+1.51446403E-05	+1.78981415E-18	-7.93824812E-13	+7.92913554E-13
UTM__06S	8249597.463	702227.226	0.575
UTM__COV	+8.10921598E-07	+1.04115091E-06	+1.51446403E-05	+2.12171601E-08	+8.77413560E-08	-8.50404372E-08
MERC_POS	-1772732.336	-16153773.026	0.575
MERC_COV	+8.10921598E-07	+1.04115091E-06	+1.51446403E-05	+2.12171601E-08	+8.77413560E-08	-8.50404372E-08
VERT_I95	0.008
HORI_I95	0.003
3D___I95	0.008

GEOD_SYS	ITRF1992	1993.000000000	(RGPF)
GEOC_POS	-5034774.963	-3510767.083	-1728024.827
GEOC_COV	+9.91600000E-06	+5.25000000E-06	+1.83100000E-06	+6.11200000E-06	+3.04800000E-06	+2.07200000E-06
GEOD_POS	-15.824246052	-145.111794454	0.569
GEOD_COV	+9.07364464E-17	+6.62663473E-17	+1.51442540E-05	+1.79753100E-18	-7.97136879E-13	+7.95599194E-13
UTM__06S	8249596.481	702229.103	0.569
UTM__COV	+8.11428081E-07	+1.04131796E-06	+1.51442540E-05	+2.13086377E-08	+8.80385406E-08	-8.53952468E-08
MERC_POS	-1772733.338	-16153771.067	0.569
MERC_COV	+8.11428081E-07	+1.04131796E-06	+1.51442540E-05	+2.13086377E-08	+8.80385406E-08	-8.53952468E-08
VERT_I95	0.008
HORI_I95	0.003
3D___I95	0.008

