SOFT_NAM	Gins
SOFT_VER	25.2
SOFT_TYP	IPPP

TIME_SYS	TAI

GEOD_SYS	ITRF2020	2021.546571188
GEOC_POS	-5034776.269	-3510765.694	-1728023.900
GEOC_COV	+7.61287098E-06	+4.02294982E-06	+1.39661700E-06	+4.75498624E-06	+2.33471972E-06	+1.60111342E-06
GEOD_POS	-15.824237315	-145.111812065	0.582
GEOD_COV	+6.40951888E-17	+5.04616261E-17	+1.16789626E-05	+8.57095632E-19	-4.20547690E-13	+7.53764136E-13
UTM__06S	8249597.465	702227.225	0.582
UTM__COV	+6.17900068E-07	+7.35575172E-07	+1.16789626E-05	+1.01603484E-08	+8.34092029E-08	-4.50522066E-08
MERC_POS	-1772732.333	-16153773.027	0.582
MERC_COV	+6.17900068E-07	+7.35575172E-07	+1.16789626E-05	+1.01603484E-08	+8.34092029E-08	-4.50522066E-08
VERT_I95	0.007
HORI_I95	0.002
3D___I95	0.007

GEOD_SYS	ITRF1992	1993.000000000	(RGPF)
GEOC_POS	-5034774.970	-3510767.087	-1728024.827
GEOC_COV	+7.61300000E-06	+4.02300000E-06	+1.39700000E-06	+4.75500000E-06	+2.33500000E-06	+1.60100000E-06
GEOD_POS	-15.824246033	-145.111794464	0.577
GEOD_COV	+6.41006916E-17	+5.04842142E-17	+1.16791851E-05	+8.76914148E-19	-4.21512378E-13	+7.51877111E-13
UTM__06S	8249596.484	702229.102	0.577
UTM__COV	+6.18176658E-07	+7.35638260E-07	+1.16791851E-05	+1.03952844E-08	+8.32003906E-08	-4.51555492E-08
MERC_POS	-1772733.336	-16153771.068	0.577
MERC_COV	+6.18176658E-07	+7.35638260E-07	+1.16791851E-05	+1.03952844E-08	+8.32003906E-08	-4.51555492E-08
VERT_I95	0.007
HORI_I95	0.002
3D___I95	0.007

