SOFT_NAM	Gins
SOFT_VER	22.1
SOFT_TYP	PPP

TIME_SYS	TAI

GEOD_SYS	ITRF2020	2023.067109621
GEOC_POS	-4147666.947	-4152179.325	-2488989.039
GEOC_COV	+8.54630137E-04	+6.10238865E-04	+2.51218954E-04	+4.84361885E-04	+3.70159386E-04	+3.24323663E-04
GEOD_POS	-23.120438423	-134.968849998	-6.212
GEOD_COV	+2.36563049E-14	+3.70251767E-15	+1.42247234E-03	-1.59872655E-15	-1.22713299E-09	+8.14463231E-11
UTM__08S	7443147.296	503189.461	-6.212
UTM__COV	+4.54098431E-05	+2.48205770E-04	+1.42247234E-03	-1.81356489E-05	+9.01982089E-06	-1.25696769E-04
MERC_POS	-2629818.477	-15024663.655	-6.212
MERC_COV	+4.54098431E-05	+2.48205770E-04	+1.42247234E-03	-1.81356489E-05	+9.01982089E-06	-1.25696769E-04
VERT_I95	0.075
HORI_I95	0.034
3D___I95	0.083

GEOD_SYS	ITRF1992	1993.000000000	(RGPF)
GEOC_POS	-4147665.246	-4152180.478	-2488989.939
GEOC_COV	+8.54630000E-04	+6.10239000E-04	+2.51219000E-04	+4.84362000E-04	+3.70159000E-04	+3.24324000E-04
GEOD_POS	-23.120447267	-134.968830297	-6.214
GEOD_COV	+2.36563050E-14	+3.70252413E-15	+1.42247234E-03	-1.59876292E-15	-1.22713351E-09	+8.14484781E-11
UTM__08S	7443146.316	503191.478	-6.214
UTM__COV	+4.54099224E-05	+2.48205739E-04	+1.42247234E-03	-1.81360603E-05	+9.02005955E-06	-1.25696814E-04
MERC_POS	-2629819.542	-15024661.462	-6.214
MERC_COV	+4.54099224E-05	+2.48205739E-04	+1.42247234E-03	-1.81360603E-05	+9.02005955E-06	-1.25696814E-04
VERT_I95	0.075
HORI_I95	0.034
3D___I95	0.083

GEOD_SYS	ITRF2005	2007.274000000	(RGTAAF)
GEOC_POS	-4147666.059	-4152179.937	-2488989.504
GEOC_COV	+8.54630000E-04	+6.10239000E-04	+2.51219000E-04	+4.84362000E-04	+3.70159000E-04	+3.24324000E-04
GEOD_POS	-23.120442981	-134.968839645	-6.208
GEOD_COV	+2.36562996E-14	+3.70252421E-15	+1.42247238E-03	-1.59876307E-15	-1.22713175E-09	+8.14476453E-11
UTM__08S	7443146.791	503190.521	-6.208
UTM__COV	+4.54099234E-05	+2.48205698E-04	+1.42247238E-03	-1.81360626E-05	+9.01996732E-06	-1.25696638E-04
MERC_POS	-2629819.026	-15024662.502	-6.208
MERC_COV	+4.54099234E-05	+2.48205698E-04	+1.42247238E-03	-1.81360626E-05	+9.01996732E-06	-1.25696638E-04
VERT_I95	0.075
HORI_I95	0.034
3D___I95	0.083

