SOFT_NAM	Gins
SOFT_VER	22.1
SOFT_TYP	PPP

TIME_SYS	TAI

GEOD_SYS	ITRF2020	2023.069849347
GEOC_POS	-4147666.862	-4152179.158	-2488988.949
GEOC_COV	+4.31150758E-05	+4.57194318E-05	+1.53689570E-05	+3.49502151E-05	+2.25846385E-05	+2.32764818E-05
GEOD_POS	-23.120438308	-134.968850567	-6.410
GEOD_COV	+9.02163395E-16	+1.47978597E-16	+9.29229251E-05	+5.52699440E-18	+1.31581944E-11	+6.17002664E-12
UTM__08S	7443147.309	503189.402	-6.410
UTM__COV	+1.81489598E-06	+9.46564343E-06	+9.29229251E-05	+6.26971660E-08	+6.83303202E-07	+1.34781029E-06
MERC_POS	-2629818.464	-15024663.718	-6.410
MERC_COV	+1.81489598E-06	+9.46564343E-06	+9.29229251E-05	+6.26971660E-08	+6.83303202E-07	+1.34781029E-06
VERT_I95	0.019
HORI_I95	0.007
3D___I95	0.020

GEOD_SYS	ITRF1992	1993.000000000	(RGPF)
GEOC_POS	-4147665.161	-4152180.311	-2488989.849
GEOC_COV	+4.31150000E-05	+4.57190000E-05	+1.53690000E-05	+3.49500000E-05	+2.25850000E-05	+2.32760000E-05
GEOD_POS	-23.120447152	-134.968830864	-6.412
GEOD_COV	+9.02159766E-16	+1.47980715E-16	+9.29224739E-05	+5.56926907E-18	+1.31540549E-11	+6.16901862E-12
UTM__08S	7443146.329	503191.420	-6.412
UTM__COV	+1.81492196E-06	+9.46560410E-06	+9.29224739E-05	+6.31767177E-08	+6.83191569E-07	+1.34738619E-06
MERC_POS	-2629819.528	-15024661.525	-6.412
MERC_COV	+1.81492196E-06	+9.46560410E-06	+9.29224739E-05	+6.31767177E-08	+6.83191569E-07	+1.34738619E-06
VERT_I95	0.019
HORI_I95	0.007
3D___I95	0.020

GEOD_SYS	ITRF2005	2007.274000000	(RGTAAF)
GEOC_POS	-4147665.974	-4152179.770	-2488989.415
GEOC_COV	+4.31150000E-05	+4.57190000E-05	+1.53690000E-05	+3.49500000E-05	+2.25850000E-05	+2.32760000E-05
GEOD_POS	-23.120442867	-134.968840212	-6.406
GEOD_COV	+9.02159746E-16	+1.47980706E-16	+9.29224736E-05	+5.56922583E-18	+1.31541772E-11	+6.16895622E-12
UTM__08S	7443146.804	503190.463	-6.406
UTM__COV	+1.81492185E-06	+9.46560451E-06	+9.29224736E-05	+6.31762293E-08	+6.83184659E-07	+1.34739876E-06
MERC_POS	-2629819.012	-15024662.565	-6.406
MERC_COV	+1.81492185E-06	+9.46560451E-06	+9.29224736E-05	+6.31762293E-08	+6.83184659E-07	+1.34739876E-06
VERT_I95	0.019
HORI_I95	0.007
3D___I95	0.020

