SOFT_NAM	Gins
SOFT_VER	22.1
SOFT_TYP	PPP

TIME_SYS	TAI

GEOD_SYS	ITRF2020	2023.075328799
GEOC_POS	-4147666.872	-4152179.135	-2488988.946
GEOC_COV	+3.62280423E-05	+4.06859702E-05	+1.47217934E-05	+2.63946940E-05	+1.92793940E-05	+2.14870013E-05
GEOD_POS	-23.120438319	-134.968850798	-6.420
GEOD_COV	+1.14942046E-15	+1.32988862E-16	+7.79448485E-05	-4.91242295E-17	+2.56791130E-11	-1.65556116E-11
UTM__08S	7443147.307	503189.379	-6.420
UTM__COV	+1.63105311E-06	+1.20599043E-05	+7.79448485E-05	-5.57255850E-07	-1.83346087E-06	+2.63034362E-06
MERC_POS	-2629818.465	-15024663.744	-6.420
MERC_COV	+1.63105311E-06	+1.20599043E-05	+7.79448485E-05	-5.57255850E-07	-1.83346087E-06	+2.63034362E-06
VERT_I95	0.018
HORI_I95	0.007
3D___I95	0.019

GEOD_SYS	ITRF1992	1993.000000000	(RGPF)
GEOC_POS	-4147665.171	-4152180.288	-2488989.846
GEOC_COV	+3.62280000E-05	+4.06860000E-05	+1.47220000E-05	+2.63950000E-05	+1.92790000E-05	+2.14870000E-05
GEOD_POS	-23.120447165	-134.968831091	-6.422
GEOD_COV	+1.14939070E-15	+1.33023271E-16	+7.79449344E-05	-4.91453107E-17	+2.56803005E-11	-1.65534549E-11
UTM__08S	7443146.328	503191.396	-6.422
UTM__COV	+1.63147512E-06	+1.20595904E-05	+7.79449344E-05	-5.57494955E-07	-1.83322203E-06	+2.63046508E-06
MERC_POS	-2629819.530	-15024661.550	-6.422
MERC_COV	+1.63147512E-06	+1.20595904E-05	+7.79449344E-05	-5.57494955E-07	-1.83322203E-06	+2.63046508E-06
VERT_I95	0.018
HORI_I95	0.007
3D___I95	0.019

GEOD_SYS	ITRF2005	2007.274000000	(RGTAAF)
GEOC_POS	-4147665.984	-4152179.747	-2488989.412
GEOC_COV	+3.62280000E-05	+4.06860000E-05	+1.47220000E-05	+2.63950000E-05	+1.92790000E-05	+2.14870000E-05
GEOD_POS	-23.120442879	-134.968840440	-6.416
GEOD_COV	+1.14939070E-15	+1.33023299E-16	+7.79449333E-05	-4.91454096E-17	+2.56803946E-11	-1.65535072E-11
UTM__08S	7443146.802	503190.439	-6.416
UTM__COV	+1.63147547E-06	+1.20595912E-05	+7.79449333E-05	-5.57496096E-07	-1.83322782E-06	+2.63047481E-06
MERC_POS	-2629819.014	-15024662.591	-6.416
MERC_COV	+1.63147547E-06	+1.20595912E-05	+7.79449333E-05	-5.57496096E-07	-1.83322782E-06	+2.63047481E-06
VERT_I95	0.018
HORI_I95	0.007
3D___I95	0.019

