SOFT_NAM	Gins
SOFT_VER	22.1
SOFT_TYP	PPP

TIME_SYS	TAI

GEOD_SYS	ITRF2020	2023.072589073
GEOC_POS	-4147666.884	-4152179.156	-2488988.968
GEOC_COV	+2.91985578E-05	+3.02541849E-05	+1.19169749E-05	+2.23836037E-05	+1.65002713E-05	+1.67255352E-05
GEOD_POS	-23.120438422	-134.968850729	-6.390
GEOD_COV	+6.99780252E-16	+9.33930203E-17	+6.28820840E-05	+5.54946928E-18	+5.08211431E-12	-1.56604345E-11
UTM__08S	7443147.296	503189.386	-6.390
UTM__COV	+1.14542658E-06	+7.34220698E-06	+6.28820840E-05	+6.29521171E-08	-1.73432397E-06	+5.20567319E-07
MERC_POS	-2629818.477	-15024663.736	-6.390
MERC_COV	+1.14542658E-06	+7.34220698E-06	+6.28820840E-05	+6.29521171E-08	-1.73432397E-06	+5.20567319E-07
VERT_I95	0.016
HORI_I95	0.006
3D___I95	0.017

GEOD_SYS	ITRF1992	1993.000000000	(RGPF)
GEOC_POS	-4147665.183	-4152180.309	-2488989.869
GEOC_COV	+2.91990000E-05	+3.02540000E-05	+1.19170000E-05	+2.23840000E-05	+1.65000000E-05	+1.67260000E-05
GEOD_POS	-23.120447267	-134.968831025	-6.392
GEOD_COV	+6.99754835E-16	+9.33932306E-17	+6.28826315E-05	+5.49653409E-18	+5.08112136E-12	-1.56595751E-11
UTM__08S	7443146.316	503191.403	-6.392
UTM__COV	+1.14542916E-06	+7.34193933E-06	+6.28826315E-05	+6.23516264E-08	-1.73422879E-06	+5.20465575E-07
MERC_POS	-2629819.542	-15024661.543	-6.392
MERC_COV	+1.14542916E-06	+7.34193933E-06	+6.28826315E-05	+6.23516264E-08	-1.73422879E-06	+5.20465575E-07
VERT_I95	0.016
HORI_I95	0.006
3D___I95	0.017

GEOD_SYS	ITRF2005	2007.274000000	(RGTAAF)
GEOC_POS	-4147665.996	-4152179.768	-2488989.434
GEOC_COV	+2.91990000E-05	+3.02540000E-05	+1.19170000E-05	+2.23840000E-05	+1.65000000E-05	+1.67260000E-05
GEOD_POS	-23.120442981	-134.968840373	-6.386
GEOD_COV	+6.99754805E-16	+9.33932510E-17	+6.28826311E-05	+5.49647254E-18	+5.08120152E-12	-1.56596172E-11
UTM__08S	7443146.791	503190.446	-6.386
UTM__COV	+1.14542941E-06	+7.34193950E-06	+6.28826311E-05	+6.23509303E-08	-1.73423346E-06	+5.20473803E-07
MERC_POS	-2629819.026	-15024662.583	-6.386
MERC_COV	+1.14542941E-06	+7.34193950E-06	+6.28826311E-05	+6.23509303E-08	-1.73423346E-06	+5.20473803E-07
VERT_I95	0.016
HORI_I95	0.006
3D___I95	0.017

