SOFT_NAM	Gins
SOFT_VER	25.2
SOFT_TYP	IPPP

TIME_SYS	TAI

GEOD_SYS	ITRF2020	2025.069858860
GEOC_POS	-5035888.802	-3502583.899	-1741245.082
GEOC_COV	+6.87469369E-06	+3.78770619E-06	+1.36716818E-06	+4.34770317E-06	+2.27064767E-06	+1.58504709E-06
GEOD_POS	-15.948460384	-145.180441818	0.513
GEOD_COV	+6.26502531E-17	+4.50413441E-17	+1.07599150E-05	+1.13909040E-18	+6.01718444E-13	-7.67813530E-13
UTM__06S	8235915.709	694755.198	0.513
UTM__COV	+5.51541628E-07	+7.18111392E-07	+1.07599150E-05	+1.34951017E-08	-8.49648389E-08	+6.44210527E-08
MERC_POS	-1787020.833	-16161412.856	0.513
MERC_COV	+5.51541628E-07	+7.18111392E-07	+1.07599150E-05	+1.34951017E-08	-8.49648389E-08	+6.44210527E-08
VERT_I95	0.007
HORI_I95	0.002
3D___I95	0.007

GEOD_SYS	ITRF1992	1993.000000000	(RGPF)
GEOC_POS	-5035887.345	-3502585.465	-1741246.120
GEOC_COV	+6.87500000E-06	+3.78800000E-06	+1.36700000E-06	+4.34800000E-06	+2.27100000E-06	+1.58500000E-06
GEOD_POS	-15.948470156	-145.180422037	0.508
GEOD_COV	+6.26519654E-17	+4.50209026E-17	+1.07605777E-05	+1.16081951E-18	+6.01946714E-13	-7.68023072E-13
UTM__06S	8235914.609	694757.306	0.508
UTM__COV	+5.51291317E-07	+7.18130948E-07	+1.07605777E-05	+1.37525315E-08	-8.49880264E-08	+6.44454885E-08
MERC_POS	-1787021.957	-16161410.654	0.508
MERC_COV	+5.51291317E-07	+7.18130948E-07	+1.07605777E-05	+1.37525315E-08	-8.49880264E-08	+6.44454885E-08
VERT_I95	0.007
HORI_I95	0.002
3D___I95	0.007

