SOFT_NAM	Gins
SOFT_VER	25.2
SOFT_TYP	IPPP

TIME_SYS	TAI

GEOD_SYS	ITRF2020	2025.072598586
GEOC_POS	-5035888.783	-3502583.887	-1741245.079
GEOC_COV	+7.33300446E-06	+3.79588631E-06	+1.50137437E-06	+4.38278161E-06	+2.36760257E-06	+1.64252525E-06
GEOD_POS	-15.948460409	-145.180441809	0.491
GEOD_COV	+7.32983830E-17	+5.24466295E-17	+1.11478814E-05	-2.80825339E-18	-1.20464307E-12	-1.12836189E-12
UTM__06S	8235915.706	694755.198	0.491
UTM__COV	+6.42221048E-07	+8.40162663E-07	+1.11478814E-05	-3.32701117E-08	-1.24862460E-07	-1.28971241E-07
MERC_POS	-1787020.836	-16161412.855	0.491
MERC_COV	+6.42221048E-07	+8.40162663E-07	+1.11478814E-05	-3.32701117E-08	-1.24862460E-07	-1.28971241E-07
VERT_I95	0.007
HORI_I95	0.002
3D___I95	0.007

GEOD_SYS	ITRF1992	1993.000000000	(RGPF)
GEOC_POS	-5035887.326	-3502585.454	-1741246.117
GEOC_COV	+7.33300000E-06	+3.79600000E-06	+1.50100000E-06	+4.38300000E-06	+2.36800000E-06	+1.64300000E-06
GEOD_POS	-15.948470182	-145.180422026	0.486
GEOD_COV	+7.32870935E-17	+5.23940570E-17	+1.11483895E-05	-2.81841763E-18	-1.20307724E-12	-1.13146501E-12
UTM__06S	8235914.606	694757.307	0.486
UTM__COV	+6.41577286E-07	+8.40033178E-07	+1.11483895E-05	-3.33905285E-08	-1.25205845E-07	-1.28803594E-07
MERC_POS	-1787021.960	-16161410.653	0.486
MERC_COV	+6.41577286E-07	+8.40033178E-07	+1.11483895E-05	-3.33905285E-08	-1.25205845E-07	-1.28803594E-07
VERT_I95	0.007
HORI_I95	0.002
3D___I95	0.007

