SOFT_NAM	Gins
SOFT_VER	25.2
SOFT_TYP	IPPP

TIME_SYS	TAI

GEOD_SYS	ITRF2020	2025.075338312
GEOC_POS	-5035888.787	-3502583.888	-1741245.078
GEOC_COV	+4.58309736E-06	+2.36047371E-06	+9.36863120E-07	+2.81880401E-06	+1.54601938E-06	+1.04208995E-06
GEOD_POS	-15.948460396	-145.180441821	0.495
GEOD_COV	+3.85998384E-17	+3.03722505E-17	+7.06607890E-06	+7.94674162E-19	-6.18911914E-13	-1.01826344E-12
UTM__06S	8235915.708	694755.197	0.495
UTM__COV	+3.71915198E-07	+4.42440089E-07	+7.06607890E-06	+9.41471246E-09	-1.12679167E-07	-6.62618161E-08
MERC_POS	-1787020.834	-16161412.857	0.495
MERC_COV	+3.71915198E-07	+4.42440089E-07	+7.06607890E-06	+9.41471246E-09	-1.12679167E-07	-6.62618161E-08
VERT_I95	0.005
HORI_I95	0.002
3D___I95	0.006

GEOD_SYS	ITRF1992	1993.000000000	(RGPF)
GEOC_POS	-5035887.330	-3502585.455	-1741246.116
GEOC_COV	+4.58300000E-06	+2.36000000E-06	+9.37000000E-07	+2.81900000E-06	+1.54600000E-06	+1.04200000E-06
GEOD_POS	-15.948470169	-145.180422036	0.489
GEOD_COV	+3.85531927E-17	+3.03852606E-17	+7.06602011E-06	+7.97262148E-19	-6.20065549E-13	-1.01815055E-12
UTM__06S	8235914.608	694757.306	0.489
UTM__COV	+3.72074509E-07	+4.41905381E-07	+7.06602011E-06	+9.44537255E-09	-1.12666675E-07	-6.63853231E-08
MERC_POS	-1787021.959	-16161410.654	0.489
MERC_COV	+3.72074509E-07	+4.41905381E-07	+7.06602011E-06	+9.44537255E-09	-1.12666675E-07	-6.63853231E-08
VERT_I95	0.005
HORI_I95	0.002
3D___I95	0.006

