SOFT_NAM	Gins
SOFT_VER	25.2
SOFT_TYP	IPPP

TIME_SYS	TAI

GEOD_SYS	ITRF2020	2025.064379408
GEOC_POS	-5035888.715	-3502583.915	-1741245.024
GEOC_COV	+1.97633739E-04	+5.14619888E-05	+3.14784081E-05	+3.17151554E-05	+5.82883373E-05	+6.95197686E-06
GEOD_POS	-15.948460037	-145.180441236	0.438
GEOD_COV	+6.05339303E-15	+1.24846651E-15	+1.95901016E-04	+9.04716828E-16	-5.87034497E-10	-4.36858877E-11
UTM__06S	8235915.747	694755.260	0.438
UTM__COV	+1.52877595E-05	+6.93853607E-05	+1.95901016E-04	+1.07184165E-05	-4.83420026E-06	-6.28489624E-05
MERC_POS	-1787020.793	-16161412.792	0.438
MERC_COV	+1.52877595E-05	+6.93853607E-05	+1.95901016E-04	+1.07184165E-05	-4.83420026E-06	-6.28489624E-05
VERT_I95	0.028
HORI_I95	0.018
3D___I95	0.034

GEOD_SYS	ITRF1992	1993.000000000	(RGPF)
GEOC_POS	-5035887.258	-3502585.481	-1741246.062
GEOC_COV	+1.97634000E-04	+5.14620000E-05	+3.14780000E-05	+3.17150000E-05	+5.82880000E-05	+6.95200000E-06
GEOD_POS	-15.948469807	-145.180421458	0.433
GEOD_COV	+6.05341786E-15	+1.24844731E-15	+1.95900837E-04	+9.04695399E-16	-5.87035924E-10	-4.36825536E-11
UTM__06S	8235914.647	694757.368	0.433
UTM__COV	+1.52875244E-05	+6.93856385E-05	+1.95900837E-04	+1.07181621E-05	-4.83383131E-06	-6.28491121E-05
MERC_POS	-1787021.917	-16161410.590	0.433
MERC_COV	+1.52875244E-05	+6.93856385E-05	+1.95900837E-04	+1.07181621E-05	-4.83383131E-06	-6.28491121E-05
VERT_I95	0.028
HORI_I95	0.018
3D___I95	0.034

