SOFT_NAM	Gins
SOFT_VER	25.2
SOFT_TYP	IPPP

TIME_SYS	TAI

GEOD_SYS	ITRF2020	2025.067119134
GEOC_POS	-5035888.796	-3502583.889	-1741245.076
GEOC_COV	+5.24088465E-06	+2.60906376E-06	+1.08355033E-06	+3.08805477E-06	+1.74738788E-06	+1.15673553E-06
GEOD_POS	-15.948460361	-145.180441862	0.501
GEOD_COV	+4.99043043E-17	+3.62782587E-17	+7.91724868E-06	+2.11738785E-19	-1.55378466E-12	-1.28444156E-12
UTM__06S	8235915.712	694755.193	0.501
UTM__COV	+4.44235628E-07	+5.72014438E-07	+7.91724868E-06	+2.50852472E-09	-1.42133950E-07	-1.66350964E-07
MERC_POS	-1787020.830	-16161412.861	0.501
MERC_COV	+4.44235628E-07	+5.72014438E-07	+7.91724868E-06	+2.50852472E-09	-1.42133950E-07	-1.66350964E-07
VERT_I95	0.006
HORI_I95	0.002
3D___I95	0.006

GEOD_SYS	ITRF1992	1993.000000000	(RGPF)
GEOC_POS	-5035887.338	-3502585.455	-1741246.114
GEOC_COV	+5.24100000E-06	+2.60900000E-06	+1.08400000E-06	+3.08800000E-06	+1.74700000E-06	+1.15700000E-06
GEOD_POS	-15.948470132	-145.180422082	0.496
GEOD_COV	+4.99083303E-17	+3.63194631E-17	+7.91719929E-06	+1.73756437E-19	-1.55360689E-12	-1.28420586E-12
UTM__06S	8235914.612	694757.301	0.496
UTM__COV	+4.44740186E-07	+5.72060529E-07	+7.91719929E-06	+2.05853782E-09	-1.42107868E-07	-1.66331923E-07
MERC_POS	-1787021.954	-16161410.659	0.496
MERC_COV	+4.44740186E-07	+5.72060529E-07	+7.91719929E-06	+2.05853782E-09	-1.42107868E-07	-1.66331923E-07
VERT_I95	0.006
HORI_I95	0.002
3D___I95	0.006

