SOFT_NAM	Gins
SOFT_VER	22.2
SOFT_TYP	PPP

TIME_SYS	TAI

GEOD_SYS	ITRF2020	2023.763000032
GEOC_POS	-4824624.116	-4041679.409	-1030241.832
GEOC_COV	+6.33432159E-05	+4.23411671E-05	+3.67912428E-06	+2.89546466E-05	+1.05482462E-05	+7.50379824E-06
GEOD_POS	-9.357906664	-140.046451072	7.073
GEOD_COV	+1.86427424E-15	+1.34105478E-16	+8.52275977E-05	+1.25098587E-17	-4.87985788E-11	+4.82904321E-12
UTM__07S	8965436.586	604707.924	7.073
UTM__COV	+1.64053809E-06	+2.24953716E-05	+8.52275977E-05	+1.51989641E-07	+5.34110347E-07	-5.36042051E-06
MERC_POS	-1039436.818	-15589899.621	7.073
MERC_COV	+1.64053809E-06	+2.24953716E-05	+8.52275977E-05	+1.51989641E-07	+5.34110347E-07	-5.36042051E-06
VERT_I95	0.018
HORI_I95	0.010
3D___I95	0.021

GEOD_SYS	ITRF1992	1993.000000000	(RGPF)
GEOC_POS	-4824622.640	-4041680.896	-1030242.850
GEOC_COV	+6.33430000E-05	+4.23410000E-05	+3.67900000E-06	+2.89550000E-05	+1.05480000E-05	+7.50400000E-06
GEOD_POS	-9.357916006	-140.046432065	7.065
GEOD_COV	+1.86423028E-15	+1.34097484E-16	+8.52277199E-05	+1.24856131E-17	-4.87975328E-11	+4.83007220E-12
UTM__07S	8965435.548	604710.009	7.065
UTM__COV	+1.64044029E-06	+2.24948399E-05	+8.52277199E-05	+1.51695063E-07	+5.34224156E-07	-5.36030546E-06
MERC_POS	-1039437.865	-15589897.505	7.065
MERC_COV	+1.64044029E-06	+2.24948399E-05	+8.52277199E-05	+1.51695063E-07	+5.34224156E-07	-5.36030546E-06
VERT_I95	0.018
HORI_I95	0.010
3D___I95	0.021

