SOFT_NAM	Gins
SOFT_VER	25.2
SOFT_TYP	IPPP

TIME_SYS	TAI

GEOD_SYS	ITRF2020	2023.069858860
GEOC_POS	-4147666.866	-4152179.057	-2488988.934
GEOC_COV	+8.86326093E-04	+1.40624359E-03	+4.84237244E-04	+5.10041757E-04	+5.11365807E-04	+7.27096263E-04
GEOD_POS	-23.120438429	-134.968851291	-6.479
GEOD_COV	+6.06129433E-14	+2.64542263E-15	+2.10840118E-03	-3.34945001E-15	+2.91201213E-09	-1.64664105E-09
UTM__08S	7443147.295	503189.328	-6.479
UTM__COV	+3.24450083E-05	+6.35960734E-04	+2.10840118E-03	-3.79955186E-05	-1.82358222E-04	+2.98281037E-04
MERC_POS	-2629818.478	-15024663.799	-6.479
MERC_COV	+3.24450083E-05	+6.35960734E-04	+2.10840118E-03	-3.79955186E-05	-1.82358222E-04	+2.98281037E-04
VERT_I95	0.092
HORI_I95	0.052
3D___I95	0.105

GEOD_SYS	ITRF1992	1993.000000000	(RGPF)
GEOC_POS	-4147665.184	-4152180.203	-2488989.815
GEOC_COV	+8.86326000E-04	+1.40624400E-03	+4.84237000E-04	+5.10042000E-04	+5.11366000E-04	+7.27096000E-04
GEOD_POS	-23.120447087	-134.968831767	-6.481
GEOD_COV	+6.06129262E-14	+2.64540850E-15	+2.10840169E-03	-3.34939922E-15	+2.91200913E-09	-1.64663555E-09
UTM__08S	7443146.336	503191.327	-6.481
UTM__COV	+3.24448350E-05	+6.35960473E-04	+2.10840169E-03	-3.79949401E-05	-1.82357614E-04	+2.98280710E-04
MERC_POS	-2629819.520	-15024661.625	-6.481
MERC_COV	+3.24448350E-05	+6.35960473E-04	+2.10840169E-03	-3.79949401E-05	-1.82357614E-04	+2.98280710E-04
VERT_I95	0.092
HORI_I95	0.052
3D___I95	0.105

GEOD_SYS	ITRF2005	2007.274000000	(RGTAAF)
GEOC_POS	-4147665.988	-4152179.665	-2488989.390
GEOC_COV	+8.86326000E-04	+1.40624400E-03	+4.84237000E-04	+5.10042000E-04	+5.11366000E-04	+7.27096000E-04
GEOD_POS	-23.120442890	-134.968841030	-6.475
GEOD_COV	+6.06129303E-14	+2.64541107E-15	+2.10840158E-03	-3.34940680E-15	+2.91201103E-09	-1.64663704E-09
UTM__08S	7443146.801	503190.379	-6.475
UTM__COV	+3.24448665E-05	+6.35960556E-04	+2.10840158E-03	-3.79950273E-05	-1.82357779E-04	+2.98280914E-04
MERC_POS	-2629819.015	-15024662.656	-6.475
MERC_COV	+3.24448665E-05	+6.35960556E-04	+2.10840158E-03	-3.79950273E-05	-1.82357779E-04	+2.98280914E-04
VERT_I95	0.092
HORI_I95	0.052
3D___I95	0.105

