SOFT_NAM	Gins
SOFT_VER	25.2
SOFT_TYP	IPPP

TIME_SYS	TAI

GEOD_SYS	ITRF2020	2024.086061431
GEOC_POS	-5018418.005	-3519935.769	-1756524.796
GEOC_COV	+1.49383169E-05	+7.47297324E-06	+3.20139815E-06	+9.03967540E-06	+5.29463790E-06	+3.48380950E-06
GEOD_POS	-16.092118475	-144.954047239	0.687
GEOD_COV	+1.25387020E-16	+9.73930875E-17	+2.29848962E-05	+5.17079094E-18	-4.36268193E-12	-5.67442876E-12
UTM__06S	8219791.605	718838.757	0.687
UTM__COV	+1.19263272E-06	+1.43515942E-06	+2.29848962E-05	+6.12167198E-08	-6.27930302E-07	-4.66742484E-07
MERC_POS	-1803555.989	-16136210.727	0.687
MERC_COV	+1.19263272E-06	+1.43515942E-06	+2.29848962E-05	+6.12167198E-08	-6.27930302E-07	-4.66742484E-07
VERT_I95	0.010
HORI_I95	0.003
3D___I95	0.010

GEOD_SYS	ITRF1992	1993.000000000	(RGPF)
GEOC_POS	-5018416.584	-3519937.280	-1756525.801
GEOC_COV	+1.49380000E-05	+7.47300000E-06	+3.20100000E-06	+9.04000000E-06	+5.29500000E-06	+3.48400000E-06
GEOD_POS	-16.092127945	-144.954028050	0.682
GEOD_COV	+1.25352829E-16	+9.73460408E-17	+2.29851755E-05	+5.18139181E-18	-4.36043741E-12	-5.67629759E-12
UTM__06S	8219790.536	718840.800	0.682
UTM__COV	+1.19205661E-06	+1.43476794E-06	+2.29851755E-05	+6.13422200E-08	-6.28137106E-07	-4.66502331E-07
MERC_POS	-1803557.080	-16136208.591	0.682
MERC_COV	+1.19205661E-06	+1.43476794E-06	+2.29851755E-05	+6.13422200E-08	-6.28137106E-07	-4.66502331E-07
VERT_I95	0.010
HORI_I95	0.003
3D___I95	0.010

