SOFT_NAM	Gins
SOFT_VER	22.1
SOFT_TYP	PPP

TIME_SYS	TAI

GEOD_SYS	ITRF2020	2023.379438388
GEOC_POS	-5124790.407	-3449167.583	-1582258.906
GEOC_COV	+1.28573681E-05	+8.04505158E-06	+1.71072201E-06	+6.31865627E-06	+3.78140980E-06	+2.51750703E-06
GEOD_POS	-14.459472026	-146.058033246	1.411
GEOD_COV	+3.17575201E-16	+3.92405382E-17	+1.84411786E-05	+4.98760774E-18	+1.29210176E-12	-2.06574586E-12
UTM__06S	8401249.004	601522.394	1.411
UTM__COV	+4.80382597E-07	+3.69158050E-06	+1.84411786E-05	+5.94978573E-08	-2.28561484E-07	+1.39309136E-07
MERC_POS	-1616321.023	-16259105.887	1.411
MERC_COV	+4.80382597E-07	+3.69158050E-06	+1.84411786E-05	+5.94978573E-08	-2.28561484E-07	+1.39309136E-07
VERT_I95	0.009
HORI_I95	0.004
3D___I95	0.010

GEOD_SYS	ITRF1992	1993.000000000	(RGPF)
GEOC_POS	-5124789.053	-3449169.114	-1582259.922
GEOC_COV	+1.28570000E-05	+8.04500000E-06	+1.71100000E-06	+6.31900000E-06	+3.78100000E-06	+2.51800000E-06
GEOD_POS	-14.459481529	-146.058014458	1.405
GEOD_COV	+3.17534900E-16	+3.92646306E-17	+1.84412108E-05	+4.94164497E-18	+1.29601459E-12	-2.06570705E-12
UTM__06S	8401247.945	601524.414	1.405
UTM__COV	+4.80677536E-07	+3.69111171E-06	+1.84412108E-05	+5.89495586E-08	-2.28557189E-07	+1.39730995E-07
MERC_POS	-1616322.109	-16259103.796	1.405
MERC_COV	+4.80677536E-07	+3.69111171E-06	+1.84412108E-05	+5.89495586E-08	-2.28557189E-07	+1.39730995E-07
VERT_I95	0.009
HORI_I95	0.004
3D___I95	0.010

