SOFT_NAM	Gins
SOFT_VER	22.1
SOFT_TYP	PPP

TIME_SYS	TAI

GEOD_SYS	ITRF2020	2023.382178114
GEOC_POS	-5124790.396	-3449167.573	-1582258.901
GEOC_COV	+1.09698015E-05	+8.99095497E-06	+1.61454301E-06	+6.20423187E-06	+3.44600647E-06	+2.77595105E-06
GEOD_POS	-14.459472023	-146.058033273	1.396
GEOD_COV	+3.32075203E-16	+3.15107615E-17	+1.73294123E-05	-1.04709878E-18	+1.36233523E-11	-3.22201403E-12
UTM__06S	8401249.005	601522.390	1.396
UTM__COV	+3.85754683E-07	+3.86013244E-06	+1.73294123E-05	-1.24909850E-08	-3.56495114E-07	+1.46881422E-06
MERC_POS	-1616321.023	-16259105.890	1.396
MERC_COV	+3.85754683E-07	+3.86013244E-06	+1.73294123E-05	-1.24909850E-08	-3.56495114E-07	+1.46881422E-06
VERT_I95	0.008
HORI_I95	0.004
3D___I95	0.009

GEOD_SYS	ITRF1992	1993.000000000	(RGPF)
GEOC_POS	-5124789.042	-3449169.103	-1582259.918
GEOC_COV	+1.09700000E-05	+8.99100000E-06	+1.61500000E-06	+6.20400000E-06	+3.44600000E-06	+2.77600000E-06
GEOD_POS	-14.459481526	-146.058014484	1.390
GEOD_COV	+3.32101622E-16	+3.15445600E-17	+1.73293924E-05	-1.05395040E-18	+1.36219933E-11	-3.22330016E-12
UTM__06S	8401247.945	601524.411	1.390
UTM__COV	+3.86168444E-07	+3.86043921E-06	+1.73293924E-05	-1.25727184E-08	-3.56637415E-07	+1.46866763E-06
MERC_POS	-1616322.109	-16259103.799	1.390
MERC_COV	+3.86168444E-07	+3.86043921E-06	+1.73293924E-05	-1.25727184E-08	-3.56637415E-07	+1.46866763E-06
VERT_I95	0.008
HORI_I95	0.004
3D___I95	0.009

