SOFT_NAM	Gins
SOFT_VER	22.1
SOFT_TYP	PPP

TIME_SYS	TAI

GEOD_SYS	ITRF2020	2023.384917840
GEOC_POS	-5124790.406	-3449167.582	-1582258.901
GEOC_COV	+8.62286688E-06	+6.81810349E-06	+1.14547875E-06	+4.93782502E-06	+2.49387840E-06	+2.05358662E-06
GEOD_POS	-14.459471993	-146.058033249	1.409
GEOD_COV	+2.41411913E-16	+2.50657070E-17	+1.34733571E-05	-3.84744578E-18	+9.90878811E-12	-3.31261151E-13
UTM__06S	8401249.008	601522.393	1.409
UTM__COV	+3.06854339E-07	+2.80623772E-06	+1.34733571E-05	-4.58967088E-08	-3.66519142E-08	+1.06832508E-06
MERC_POS	-1616321.020	-16259105.887	1.409
MERC_COV	+3.06854339E-07	+2.80623772E-06	+1.34733571E-05	-4.58967088E-08	-3.66519142E-08	+1.06832508E-06
VERT_I95	0.007
HORI_I95	0.004
3D___I95	0.008

GEOD_SYS	ITRF1992	1993.000000000	(RGPF)
GEOC_POS	-5124789.052	-3449169.113	-1582259.918
GEOC_COV	+8.62300000E-06	+6.81800000E-06	+1.14500000E-06	+4.93800000E-06	+2.49400000E-06	+2.05400000E-06
GEOD_POS	-14.459481497	-146.058014459	1.403
GEOD_COV	+2.41395373E-16	+2.50170625E-17	+1.34736959E-05	-3.87065413E-18	+9.90900151E-12	-3.32334613E-13
UTM__06S	8401247.948	601524.414	1.403
UTM__COV	+3.06258833E-07	+2.80604522E-06	+1.34736959E-05	-4.61735624E-08	-3.67706859E-08	+1.06834804E-06
MERC_POS	-1616322.105	-16259103.796	1.403
MERC_COV	+3.06258833E-07	+2.80604522E-06	+1.34736959E-05	-4.61735624E-08	-3.67706859E-08	+1.06834804E-06
VERT_I95	0.007
HORI_I95	0.004
3D___I95	0.008

