SOFT_NAM	Gins
SOFT_VER	25.2
SOFT_TYP	IPPP

TIME_SYS	TAI

GEOD_SYS	ITRF2020	2026.286297216
GEOC_POS	-5210331.617	-3293051.643	-1634302.980
GEOC_COV	+1.29524284E-05	+6.65400231E-06	+2.37525951E-06	+7.69424295E-06	+3.98949274E-06	+2.49433272E-06
GEOD_POS	-14.945754675	-147.706154370	4.715
GEOD_COV	+1.29787518E-16	+8.79429028E-17	+1.94029781E-05	+1.17693873E-17	+4.05228973E-12	-1.44359963E-12
UTM__06S	8347553.074	424062.349	4.715
UTM__COV	+1.07668812E-06	+1.50202410E-06	+1.94029781E-05	+1.40094280E-07	-1.59731777E-07	+4.35935740E-07
MERC_POS	-1671935.798	-16442573.891	4.715
MERC_COV	+1.07668812E-06	+1.50202410E-06	+1.94029781E-05	+1.40094280E-07	-1.59731777E-07	+4.35935740E-07
VERT_I95	0.009
HORI_I95	0.003
3D___I95	0.009

GEOD_SYS	ITRF1992	1993.000000000	(RGPF)
GEOC_POS	-5210330.195	-3293053.336	-1634304.072
GEOC_COV	+1.29520000E-05	+6.65400000E-06	+2.37500000E-06	+7.69400000E-06	+3.98900000E-06	+2.49400000E-06
GEOD_POS	-14.945764902	-147.706134003	4.709
GEOD_COV	+1.29795754E-16	+8.79444448E-17	+1.94021737E-05	+1.17727738E-17	+4.05298162E-12	-1.43951355E-12
UTM__06S	8347551.949	424064.542	4.709
UTM__COV	+1.07670700E-06	+1.50211927E-06	+1.94021737E-05	+1.40134584E-07	-1.59279660E-07	+4.36010150E-07
MERC_POS	-1671936.969	-16442571.624	4.709
MERC_COV	+1.07670700E-06	+1.50211927E-06	+1.94021737E-05	+1.40134584E-07	-1.59279660E-07	+4.36010150E-07
VERT_I95	0.009
HORI_I95	0.003
3D___I95	0.009

