SOFT_NAM	Gins
SOFT_VER	25.2
SOFT_TYP	IPPP

TIME_SYS	TAI

GEOD_SYS	ITRF2020	2026.289036942
GEOC_POS	-5210331.612	-3293051.620	-1634302.971
GEOC_COV	+1.46769066E-05	+7.61909007E-06	+2.66969847E-06	+8.66361788E-06	+4.57567973E-06	+2.92292831E-06
GEOD_POS	-14.945754632	-147.706154521	4.697
GEOD_COV	+1.56251254E-16	+9.38498652E-17	+2.20084003E-05	+9.36447317E-18	+4.82594968E-12	-2.41619171E-12
UTM__06S	8347553.078	424062.332	4.697
UTM__COV	+1.14900726E-06	+1.80828751E-06	+2.20084003E-05	+1.11467920E-07	-2.67347391E-07	+5.19164245E-07
MERC_POS	-1671935.793	-16442573.908	4.697
MERC_COV	+1.14900726E-06	+1.80828751E-06	+2.20084003E-05	+1.11467920E-07	-2.67347391E-07	+5.19164245E-07
VERT_I95	0.009
HORI_I95	0.003
3D___I95	0.010

GEOD_SYS	ITRF1992	1993.000000000	(RGPF)
GEOC_POS	-5210330.190	-3293053.314	-1634304.063
GEOC_COV	+1.46770000E-05	+7.61900000E-06	+2.67000000E-06	+8.66400000E-06	+4.57600000E-06	+2.92300000E-06
GEOD_POS	-14.945764859	-147.706134152	4.691
GEOD_COV	+1.56218156E-16	+9.38623681E-17	+2.20089354E-05	+9.37522137E-18	+4.82634899E-12	-2.41838802E-12
UTM__06S	8347551.954	424064.526	4.691
UTM__COV	+1.14916034E-06	+1.80790429E-06	+2.20089354E-05	+1.11595853E-07	-2.67590409E-07	+5.19207177E-07
MERC_POS	-1671936.964	-16442571.641	4.691
MERC_COV	+1.14916034E-06	+1.80790429E-06	+2.20089354E-05	+1.11595853E-07	-2.67590409E-07	+5.19207177E-07
VERT_I95	0.009
HORI_I95	0.003
3D___I95	0.010

