SOFT_NAM	Gins
SOFT_VER	22.2
SOFT_TYP	PPP

TIME_SYS	TAI

GEOD_SYS	ITRF2020	2023.946561676
GEOC_POS	-5764607.176	1550229.984	-2239204.072
GEOC_COV	+6.37717620E-05	+1.45030329E-05	+1.11972796E-05	-1.62454832E-05	+2.53498458E-05	-7.22013887E-06
GEOD_POS	-20.688586769	164.948005894	86.528
GEOD_COV	+8.91552145E-16	+7.67221173E-17	+7.88540981E-05	-2.04532372E-17	-1.65696759E-11	-7.27242714E-12
UTM__58S	7712315.822	494585.185	86.528
UTM__COV	+9.40436998E-07	+9.67753943E-06	+7.88540981E-05	-2.35925953E-07	-8.05163247E-07	-1.72632720E-06
MERC_POS	-2339695.588	18361928.023	86.528
MERC_COV	+9.40436998E-07	+9.67753943E-06	+7.88540981E-05	-2.35925953E-07	-8.05163247E-07	-1.72632720E-06
VERT_I95	0.018
HORI_I95	0.007
3D___I95	0.019

GEOD_SYS	ITRF1990	1989.000000000	(RGNC91-93)
GEOC_POS	-5764606.396	1550230.629	-2239205.654
GEOC_COV	+6.37720000E-05	+1.45030000E-05	+1.11970000E-05	-1.62450000E-05	+2.53500000E-05	-7.22000000E-06
GEOD_POS	-20.688602009	164.947997974	86.539
GEOD_COV	+8.91573255E-16	+7.66958039E-17	+7.88541189E-05	-2.04525640E-17	-1.65646373E-11	-7.27223623E-12
UTM__58S	7712314.135	494584.361	86.539
UTM__COV	+9.40114463E-07	+9.67776668E-06	+7.88541189E-05	-2.35918166E-07	-8.05142113E-07	-1.72580208E-06
MERC_POS	-2339697.390	18361927.142	86.539
MERC_COV	+9.40114463E-07	+9.67776668E-06	+7.88541189E-05	-2.35918166E-07	-8.05142113E-07	-1.72580208E-06
VERT_I95	0.018
HORI_I95	0.007
3D___I95	0.019

