SOFT_NAM	Gins
SOFT_VER	22.2
SOFT_TYP	PPP

TIME_SYS	TAI

GEOD_SYS	ITRF2020	2023.949301402
GEOC_POS	-5764607.166	1550230.004	-2239204.073
GEOC_COV	+5.69648535E-05	+1.34974388E-05	+1.04011673E-05	-1.27240369E-05	+2.28150982E-05	-5.84309852E-06
GEOD_POS	-20.688586791	164.948005692	86.525
GEOD_COV	+9.25584407E-16	+8.78536175E-17	+6.97396262E-05	-2.61700427E-17	-1.34515343E-15	-1.03068950E-11
UTM__58S	7712315.820	494585.164	86.525
UTM__COV	+1.07688363E-06	+1.00469497E-05	+6.97396262E-05	-3.01868707E-07	-1.14112288E-06	-1.40146070E-10
MERC_POS	-2339695.590	18361928.001	86.525
MERC_COV	+1.07688363E-06	+1.00469497E-05	+6.97396262E-05	-3.01868707E-07	-1.14112288E-06	-1.40146070E-10
VERT_I95	0.017
HORI_I95	0.007
3D___I95	0.018

GEOD_SYS	ITRF1990	1989.000000000	(RGNC91-93)
GEOC_POS	-5764606.387	1550230.648	-2239205.655
GEOC_COV	+5.69650000E-05	+1.34970000E-05	+1.04010000E-05	-1.27240000E-05	+2.28150000E-05	-5.84300000E-06
GEOD_POS	-20.688602032	164.947997772	86.536
GEOD_COV	+9.25549503E-16	+8.78490220E-17	+6.97396038E-05	-2.61702691E-17	+5.70237508E-16	-1.03051499E-11
UTM__58S	7712314.133	494584.340	86.536
UTM__COV	+1.07682731E-06	+1.00465689E-05	+6.97396038E-05	-3.01871290E-07	-1.14092968E-06	+5.94107230E-11
MERC_POS	-2339697.393	18361927.119	86.536
MERC_COV	+1.07682731E-06	+1.00465689E-05	+6.97396038E-05	-3.01871290E-07	-1.14092968E-06	+5.94107230E-11
VERT_I95	0.017
HORI_I95	0.007
3D___I95	0.018

