SOFT_NAM	Gins
SOFT_VER	25.2
SOFT_TYP	IPPP

TIME_SYS	TAI

GEOD_SYS	ITRF2020	2023.935612284
GEOC_POS	-4918478.658	-3630275.872	-1813321.528
GEOC_COV	+1.24423260E-05	+7.17624174E-06	+2.67221476E-06	+8.00074847E-06	+4.23536748E-06	+3.07401432E-06
GEOD_POS	-16.627022073	-143.569366627	-0.081
GEOD_COV	+1.21919960E-16	+8.78971572E-17	+1.98264291E-05	-4.39418407E-19	-1.53495281E-12	-9.98267782E-13
UTM__07S	8159945.441	225895.749	-0.081
UTM__COV	+1.07645864E-06	+1.38789477E-06	+1.98264291E-05	-5.18836317E-09	-1.10473551E-07	-1.63770582E-07
MERC_POS	-1865231.302	-15982068.786	-0.081
MERC_COV	+1.07645864E-06	+1.38789477E-06	+1.98264291E-05	-5.18836317E-09	-1.10473551E-07	-1.63770582E-07
VERT_I95	0.009
HORI_I95	0.003
3D___I95	0.009

GEOD_SYS	ITRF1992	1993.000000000	(RGPF)
GEOC_POS	-4918477.199	-3630277.340	-1813322.521
GEOC_COV	+1.24420000E-05	+7.17600000E-06	+2.67200000E-06	+8.00100000E-06	+4.23500000E-06	+3.07400000E-06
GEOD_POS	-16.627031442	-143.569347439	-0.086
GEOD_COV	+1.21875023E-16	+8.78942993E-17	+1.98261933E-05	-4.53418387E-19	-1.53342679E-12	-9.95548220E-13
UTM__07S	8159944.430	225897.810	-0.086
UTM__COV	+1.07642364E-06	+1.38738309E-06	+1.98261933E-05	-5.35366545E-09	-1.10172590E-07	-1.63607756E-07
MERC_POS	-1865232.384	-15982066.650	-0.086
MERC_COV	+1.07642364E-06	+1.38738309E-06	+1.98261933E-05	-5.35366545E-09	-1.10172590E-07	-1.63607756E-07
VERT_I95	0.009
HORI_I95	0.003
3D___I95	0.009

