SOFT_NAM	Gins
SOFT_VER	25.2
SOFT_TYP	IPPP

TIME_SYS	TAI

GEOD_SYS	ITRF2020	2023.938352010
GEOC_POS	-4918478.667	-3630275.856	-1813321.512
GEOC_COV	+2.11872047E-05	+1.38174031E-05	+4.66805065E-06	+1.38763216E-05	+7.47606141E-06	+5.32787009E-06
GEOD_POS	-16.627021934	-143.569366801	-0.088
GEOD_COV	+2.77264538E-16	+1.51887654E-16	+3.46562373E-05	+2.61765319E-17	+4.68982488E-12	-2.02181662E-12
UTM__07S	8159945.456	225895.730	-0.088
UTM__COV	+1.86013725E-06	+3.15628387E-06	+3.46562373E-05	+3.09075250E-07	-2.23744836E-07	+5.00377175E-07
MERC_POS	-1865231.286	-15982068.806	-0.088
MERC_COV	+1.86013725E-06	+3.15628387E-06	+3.46562373E-05	+3.09075250E-07	-2.23744836E-07	+5.00377175E-07
VERT_I95	0.012
HORI_I95	0.004
3D___I95	0.013

GEOD_SYS	ITRF1992	1993.000000000	(RGPF)
GEOC_POS	-4918477.208	-3630277.324	-1813322.504
GEOC_COV	+2.11870000E-05	+1.38170000E-05	+4.66800000E-06	+1.38760000E-05	+7.47600000E-06	+5.32800000E-06
GEOD_POS	-16.627031305	-143.569347611	-0.093
GEOD_COV	+2.77262263E-16	+1.51878723E-16	+3.46557145E-05	+2.61605200E-17	+4.68840552E-12	-2.02329277E-12
UTM__07S	8159944.445	225897.792	-0.093
UTM__COV	+1.86002788E-06	+3.15625766E-06	+3.46557145E-05	+3.08886177E-07	-2.23908194E-07	+5.00225712E-07
MERC_POS	-1865232.368	-15982066.670	-0.093
MERC_COV	+1.86002788E-06	+3.15625766E-06	+3.46557145E-05	+3.08886177E-07	-2.23908194E-07	+5.00225712E-07
VERT_I95	0.012
HORI_I95	0.004
3D___I95	0.013

