SOFT_NAM	Gins
SOFT_VER	25.2
SOFT_TYP	IPPP

TIME_SYS	TAI

GEOD_SYS	ITRF2020	2023.932872558
GEOC_POS	-4918478.671	-3630275.899	-1813321.527
GEOC_COV	+5.53743762E-05	+3.03918362E-05	+1.17845331E-05	+3.43010607E-05	+1.83462907E-05	+1.29958756E-05
GEOD_POS	-16.627021988	-143.569366502	-0.056
GEOD_COV	+5.64336353E-16	+4.07429436E-16	+8.61368294E-05	-8.70699899E-18	-1.75981186E-11	-2.48508033E-12
UTM__07S	8159945.451	225895.762	-0.056
UTM__COV	+4.98970561E-06	+6.42421045E-06	+8.61368294E-05	-1.02806511E-07	-2.75012030E-07	-1.87761742E-06
MERC_POS	-1865231.292	-15982068.773	-0.056
MERC_COV	+4.98970561E-06	+6.42421045E-06	+8.61368294E-05	-1.02806511E-07	-2.75012030E-07	-1.87761742E-06
VERT_I95	0.019
HORI_I95	0.007
3D___I95	0.020

GEOD_SYS	ITRF1992	1993.000000000	(RGPF)
GEOC_POS	-4918477.213	-3630277.367	-1813322.519
GEOC_COV	+5.53740000E-05	+3.03920000E-05	+1.17850000E-05	+3.43010000E-05	+1.83460000E-05	+1.29960000E-05
GEOD_POS	-16.627031357	-143.569347316	-0.061
GEOD_COV	+5.64339271E-16	+4.07469964E-16	+8.61365550E-05	-8.72331852E-18	-1.75954713E-11	-2.48551396E-12
UTM__07S	8159944.440	225897.823	-0.061
UTM__COV	+4.99020194E-06	+6.42424304E-06	+8.61365550E-05	-1.02999196E-07	-2.75060018E-07	-1.87733488E-06
MERC_POS	-1865232.374	-15982066.637	-0.061
MERC_COV	+4.99020194E-06	+6.42424304E-06	+8.61365550E-05	-1.02999196E-07	-2.75060018E-07	-1.87733488E-06
VERT_I95	0.019
HORI_I95	0.007
3D___I95	0.020

