SOFT_NAM	Gins
SOFT_VER	22.2
SOFT_TYP	PPP

TIME_SYS	TAI

GEOD_SYS	ITRF2020	2023.236972634
GEOC_POS	-5769192.266	1519998.138	-2247985.008
GEOC_COV	+3.11905928E-05	+8.95170732E-06	+6.26920518E-06	-5.69593552E-06	+1.24491058E-05	-2.98565541E-06
GEOD_POS	-20.773460512	165.239815991	65.537
GEOD_COV	+6.99895847E-16	+8.86715925E-17	+3.77359291E-05	-7.00745887E-18	+5.66028870E-12	-7.79069896E-12
UTM__58S	7702905.247	524961.259	65.537
UTM__COV	+1.08692436E-06	+7.58865183E-06	+3.77359291E-05	-8.07855284E-08	-8.62549108E-07	+5.89391934E-07
MERC_POS	-2349738.579	18394412.175	65.537
MERC_COV	+1.08692436E-06	+7.58865183E-06	+3.77359291E-05	-8.07855284E-08	-8.62549108E-07	+5.89391934E-07
VERT_I95	0.012
HORI_I95	0.006
3D___I95	0.014

GEOD_SYS	ITRF1990	1989.000000000	(RGNC91-93)
GEOC_POS	-5769191.506	1519998.769	-2247986.552
GEOC_COV	+3.11910000E-05	+8.95200000E-06	+6.26900000E-06	-5.69600000E-06	+1.24490000E-05	-2.98600000E-06
GEOD_POS	-20.773475394	165.239808270	65.548
GEOD_COV	+6.99920743E-16	+8.86621384E-17	+3.77362712E-05	-6.97912915E-18	+5.65884820E-12	-7.78860765E-12
UTM__58S	7702903.602	524960.453	65.548
UTM__COV	+1.08680848E-06	+7.58892030E-06	+3.77362712E-05	-8.04589216E-08	-8.62317571E-07	+5.89241882E-07
MERC_POS	-2349740.340	18394411.315	65.548
MERC_COV	+1.08680848E-06	+7.58892030E-06	+3.77362712E-05	-8.04589216E-08	-8.62317571E-07	+5.89241882E-07
VERT_I95	0.012
HORI_I95	0.006
3D___I95	0.014

