SOFT_NAM	Gins
SOFT_VER	22.2
SOFT_TYP	PPP

TIME_SYS	TAI

GEOD_SYS	ITRF2020	2023.234232908
GEOC_POS	-5769192.329	1519998.146	-2247985.014
GEOC_COV	+1.51544683E-05	+5.11301764E-06	+2.96230398E-06	-3.22665633E-06	+5.95452702E-06	-1.65999316E-06
GEOD_POS	-20.773460362	165.239816069	65.598
GEOD_COV	+3.85050331E-16	+4.19805604E-17	+1.85402725E-05	-3.12258900E-18	-3.29842926E-12	-2.45399691E-12
UTM__58S	7702905.264	524961.267	65.598
UTM__COV	+5.14592029E-07	+4.17492541E-06	+1.85402725E-05	-3.59987853E-08	-2.71694860E-07	-3.43457326E-07
MERC_POS	-2349738.561	18394412.184	65.598
MERC_COV	+5.14592029E-07	+4.17492541E-06	+1.85402725E-05	-3.59987853E-08	-2.71694860E-07	-3.43457326E-07
VERT_I95	0.009
HORI_I95	0.004
3D___I95	0.010

GEOD_SYS	ITRF1990	1989.000000000	(RGNC91-93)
GEOC_POS	-5769191.569	1519998.777	-2247986.558
GEOC_COV	+1.51540000E-05	+5.11300000E-06	+2.96200000E-06	-3.22700000E-06	+5.95500000E-06	-1.66000000E-06
GEOD_POS	-20.773475243	165.239808348	65.609
GEOD_COV	+3.85030454E-16	+4.19312609E-17	+1.85403032E-05	-3.14446824E-18	-3.30170655E-12	-2.45695525E-12
UTM__58S	7702903.618	524960.461	65.609
UTM__COV	+5.13987726E-07	+4.17470909E-06	+1.85403032E-05	-3.62510169E-08	-2.72022395E-07	-3.43798549E-07
MERC_POS	-2349740.322	18394411.324	65.609
MERC_COV	+5.13987726E-07	+4.17470909E-06	+1.85403032E-05	-3.62510169E-08	-2.72022395E-07	-3.43798549E-07
VERT_I95	0.009
HORI_I95	0.004
3D___I95	0.010

