SOFT_NAM	Gins
SOFT_VER	22.2
SOFT_TYP	PPP

TIME_SYS	TAI

GEOD_SYS	ITRF2020	2023.239712360
GEOC_POS	-5769192.317	1519998.140	-2247985.013
GEOC_COV	+1.50551055E-05	+4.42272177E-06	+2.98165115E-06	-2.38705576E-06	+5.97936154E-06	-1.01899737E-06
GEOD_POS	-20.773460397	165.239816098	65.585
GEOD_COV	+3.63077655E-16	+4.52382917E-17	+1.79682679E-05	-2.69506060E-17	+6.70195561E-12	-3.22196812E-12
UTM__58S	7702905.260	524961.270	65.585
UTM__COV	+5.54524856E-07	+3.93668567E-06	+1.79682679E-05	-3.10700216E-07	-3.56720978E-07	+6.97858152E-07
MERC_POS	-2349738.565	18394412.187	65.585
MERC_COV	+5.54524856E-07	+3.93668567E-06	+1.79682679E-05	-3.10700216E-07	-3.56720978E-07	+6.97858152E-07
VERT_I95	0.008
HORI_I95	0.004
3D___I95	0.009

GEOD_SYS	ITRF1990	1989.000000000	(RGNC91-93)
GEOC_POS	-5769191.556	1519998.771	-2247986.558
GEOC_COV	+1.50550000E-05	+4.42300000E-06	+2.98200000E-06	-2.38700000E-06	+5.97900000E-06	-1.01900000E-06
GEOD_POS	-20.773475281	165.239808376	65.596
GEOD_COV	+3.63103637E-16	+4.52809292E-17	+1.79679859E-05	-2.69443497E-17	+6.70123835E-12	-3.22093690E-12
UTM__58S	7702903.614	524960.464	65.596
UTM__COV	+5.55047505E-07	+3.93696663E-06	+1.79679859E-05	-3.10628061E-07	-3.56606807E-07	+6.97783398E-07
MERC_POS	-2349740.327	18394411.327	65.596
MERC_COV	+5.55047505E-07	+3.93696663E-06	+1.79679859E-05	-3.10628061E-07	-3.56606807E-07	+6.97783398E-07
VERT_I95	0.008
HORI_I95	0.004
3D___I95	0.009

