SOFT_NAM	Gins
SOFT_VER	25.2
SOFT_TYP	IPPP

TIME_SYS	TAI

GEOD_SYS	ITRF2020	2023.171228723
GEOC_POS	-4713789.761	-3817132.629	-1965764.394
GEOC_COV	+2.18044724E-04	+7.34538097E-05	+3.10509141E-05	+9.18781023E-05	+6.53622209E-05	+3.40315172E-05
GEOD_POS	-18.070132907	-141.000139884	-3.413
GEOD_COV	+3.64483846E-15	+7.82888631E-16	+2.72111219E-04	-1.74741201E-16	-5.06525379E-10	+5.81747088E-11
UTM__07S	8002055.197	499985.197	-3.413
UTM__COV	+9.59063050E-06	+4.08475988E-05	+2.72111219E-04	-2.04744869E-06	+6.43884254E-06	-5.36222871E-05
MERC_POS	-2032512.266	-15696063.774	-3.413
MERC_COV	+9.59063050E-06	+4.08475988E-05	+2.72111219E-04	-2.04744869E-06	+6.43884254E-06	-5.36222871E-05
VERT_I95	0.033
HORI_I95	0.014
3D___I95	0.036

GEOD_SYS	ITRF1992	1993.000000000	(RGPF)
GEOC_POS	-4713788.257	-3817133.988	-1965765.342
GEOC_COV	+2.18045000E-04	+7.34540000E-05	+3.10510000E-05	+9.18780000E-05	+6.53620000E-05	+3.40320000E-05
GEOD_POS	-18.070141934	-141.000120971	-3.417
GEOD_COV	+3.64487082E-15	+7.82889849E-16	+2.72111397E-04	-1.74785226E-16	-5.06525155E-10	+5.81742123E-11
UTM__07S	8002054.199	499987.199	-3.417
UTM__COV	+9.59064543E-06	+4.08479572E-05	+2.72111397E-04	-2.04796442E-06	+6.43878759E-06	-5.36222606E-05
MERC_POS	-2032513.316	-15696061.668	-3.417
MERC_COV	+9.59064543E-06	+4.08479572E-05	+2.72111397E-04	-2.04796442E-06	+6.43878759E-06	-5.36222606E-05
VERT_I95	0.033
HORI_I95	0.014
3D___I95	0.036

