SOFT_NAM	Gins
SOFT_VER	25.2
SOFT_TYP	IPPP

TIME_SYS	TAI

GEOD_SYS	ITRF2020	2023.165749271
GEOC_POS	-4713789.699	-3817132.615	-1965764.372
GEOC_COV	+6.69780114E-06	+4.68973104E-06	+1.54668101E-06	+4.88300905E-06	+2.50456317E-06	+1.96562201E-06
GEOD_POS	-18.070132885	-141.000139626	-3.474
GEOD_COV	+6.32385021E-17	+4.47204177E-17	+1.16776621E-05	+4.82034394E-18	+1.55456975E-13	+1.10274874E-12
UTM__07S	8002055.200	499985.225	-3.474
UTM__COV	+5.47839088E-07	+7.08712043E-07	+1.16776621E-05	+5.64801353E-08	+1.22053476E-07	+1.64571388E-08
MERC_POS	-2032512.263	-15696063.745	-3.474
MERC_COV	+5.47839088E-07	+7.08712043E-07	+1.16776621E-05	+5.64801353E-08	+1.22053476E-07	+1.64571388E-08
VERT_I95	0.007
HORI_I95	0.002
3D___I95	0.007

GEOD_SYS	ITRF1992	1993.000000000	(RGPF)
GEOC_POS	-4713788.196	-3817133.973	-1965765.321
GEOC_COV	+6.69800000E-06	+4.69000000E-06	+1.54700000E-06	+4.88300000E-06	+2.50500000E-06	+1.96600000E-06
GEOD_POS	-18.070141911	-141.000120716	-3.478
GEOD_COV	+6.32608184E-17	+4.47178708E-17	+1.16782300E-05	+4.81967114E-18	+1.55770449E-13	+1.09828246E-12
UTM__07S	8002054.201	499987.226	-3.478
UTM__COV	+5.47807888E-07	+7.08962068E-07	+1.16782300E-05	+5.64722492E-08	+1.21559143E-07	+1.64903232E-08
MERC_POS	-2032513.314	-15696061.640	-3.478
MERC_COV	+5.47807888E-07	+7.08962068E-07	+1.16782300E-05	+5.64722492E-08	+1.21559143E-07	+1.64903232E-08
VERT_I95	0.007
HORI_I95	0.002
3D___I95	0.007

