SOFT_NAM	Gins
SOFT_VER	25.2
SOFT_TYP	IPPP

TIME_SYS	TAI

GEOD_SYS	ITRF2020	2023.760269819
GEOC_POS	-4824624.125	-4041679.407	-1030241.829
GEOC_COV	+1.42026281E-05	+1.05861892E-05	+1.35514296E-06	+1.05170358E-05	+2.04526800E-06	+1.63082180E-06
GEOD_POS	-9.357906633	-140.046451140	7.078
GEOD_COV	+1.42811574E-16	+8.91044714E-17	+2.33306841E-05	+5.97906534E-18	+4.70600997E-13	+9.09871103E-12
UTM__07S	8965436.590	604707.917	7.078
UTM__COV	+1.09003213E-06	+1.72324402E-06	+2.33306841E-05	+7.26431865E-08	+1.00635167E-06	+5.16945227E-08
MERC_POS	-1039436.814	-15589899.628	7.078
MERC_COV	+1.09003213E-06	+1.72324402E-06	+2.33306841E-05	+7.26431865E-08	+1.00635167E-06	+5.16945227E-08
VERT_I95	0.010
HORI_I95	0.003
3D___I95	0.010

GEOD_SYS	ITRF1992	1993.000000000	(RGPF)
GEOC_POS	-4824622.662	-4041680.884	-1030242.825
GEOC_COV	+1.42030000E-05	+1.05860000E-05	+1.35500000E-06	+1.05170000E-05	+2.04500000E-06	+1.63100000E-06
GEOD_POS	-9.357915777	-140.046432278	7.070
GEOD_COV	+1.42818000E-16	+8.90957356E-17	+2.33307533E-05	+5.95019066E-18	+4.68455951E-13	+9.09988274E-12
UTM__07S	8965435.573	604709.986	7.070
UTM__COV	+1.08992526E-06	+1.72332146E-06	+2.33307533E-05	+7.22923689E-08	+1.00648127E-06	+5.14588925E-08
MERC_POS	-1039437.839	-15589897.529	7.070
MERC_COV	+1.08992526E-06	+1.72332146E-06	+2.33307533E-05	+7.22923689E-08	+1.00648127E-06	+5.14588925E-08
VERT_I95	0.010
HORI_I95	0.003
3D___I95	0.010

