SOFT_NAM	Gins
SOFT_VER	25.2
SOFT_TYP	IPPP

TIME_SYS	TAI

GEOD_SYS	ITRF2020	2023.763009545
GEOC_POS	-4824624.129	-4041679.409	-1030241.833
GEOC_COV	+7.50565218E-06	+6.13759848E-06	+7.39912002E-07	+5.85307765E-06	+1.17060738E-06	+9.61471108E-07
GEOD_POS	-9.357906659	-140.046451146	7.083
GEOD_COV	+7.78393147E-17	+4.66093039E-17	+1.28737295E-05	+5.90800147E-18	+3.14254832E-12	+4.38331876E-12
UTM__07S	8965436.587	604707.916	7.083
UTM__COV	+5.70180575E-07	+9.39252539E-07	+1.28737295E-05	+7.17797898E-08	+4.84811546E-07	+3.45202277E-07
MERC_POS	-1039436.817	-15589899.629	7.083
MERC_COV	+5.70180575E-07	+9.39252539E-07	+1.28737295E-05	+7.17797898E-08	+4.84811546E-07	+3.45202277E-07
VERT_I95	0.007
HORI_I95	0.002
3D___I95	0.008

GEOD_SYS	ITRF1992	1993.000000000	(RGPF)
GEOC_POS	-4824622.666	-4041680.886	-1030242.829
GEOC_COV	+7.50600000E-06	+6.13800000E-06	+7.40000000E-07	+5.85300000E-06	+1.17100000E-06	+9.61000000E-07
GEOD_POS	-9.357915804	-140.046432283	7.075
GEOD_COV	+7.78770753E-17	+4.66169957E-17	+1.28740172E-05	+5.95797080E-18	+3.14172022E-12	+4.38364838E-12
UTM__07S	8965435.570	604709.985	7.075
UTM__COV	+5.70274669E-07	+9.39708128E-07	+1.28740172E-05	+7.23868946E-08	+4.84848003E-07	+3.45111302E-07
MERC_POS	-1039437.842	-15589897.529	7.075
MERC_COV	+5.70274669E-07	+9.39708128E-07	+1.28740172E-05	+7.23868946E-08	+4.84848003E-07	+3.45111302E-07
VERT_I95	0.007
HORI_I95	0.002
3D___I95	0.008

