SOFT_NAM	Gins
SOFT_VER	25.2
SOFT_TYP	IPPP

TIME_SYS	TAI

GEOD_SYS	ITRF2020	2023.075338312
GEOC_POS	-4147666.978	-4152179.389	-2488989.040
GEOC_COV	+4.79436722E-03	+5.52579946E-03	+1.02589338E-03	+4.03749583E-03	+1.95950379E-03	+2.10234183E-03
GEOD_POS	-23.120438192	-134.968849778	-6.149
GEOD_COV	+1.06955294E-13	+1.72404243E-14	+1.00124212E-02	+4.44530798E-15	+3.62537111E-09	+8.71055249E-09
UTM__08S	7443147.321	503189.483	-6.149
UTM__COV	+2.11446655E-04	+1.12219224E-03	+1.00124212E-02	+5.04267266E-05	+9.64655261E-04	+3.71351307E-04
MERC_POS	-2629818.450	-15024663.630	-6.149
MERC_COV	+2.11446655E-04	+1.12219224E-03	+1.00124212E-02	+5.04267266E-05	+9.64655261E-04	+3.71351307E-04
VERT_I95	0.200
HORI_I95	0.073
3D___I95	0.213

GEOD_SYS	ITRF1992	1993.000000000	(RGPF)
GEOC_POS	-4147665.296	-4152180.535	-2488989.921
GEOC_COV	+4.79436700E-03	+5.52579900E-03	+1.02589300E-03	+4.03749600E-03	+1.95950400E-03	+2.10234200E-03
GEOD_POS	-23.120446852	-134.968830250	-6.151
GEOD_COV	+1.06955235E-13	+1.72404049E-14	+1.00124211E-02	+4.44529509E-15	+3.62534162E-09	+8.71056549E-09
UTM__08S	7443146.362	503191.482	-6.151
UTM__COV	+2.11446418E-04	+1.12219148E-03	+1.00124211E-02	+5.04265772E-05	+9.64656701E-04	+3.71348263E-04
MERC_POS	-2629819.492	-15024661.456	-6.151
MERC_COV	+2.11446418E-04	+1.12219148E-03	+1.00124211E-02	+5.04265772E-05	+9.64656701E-04	+3.71348263E-04
VERT_I95	0.200
HORI_I95	0.073
3D___I95	0.213

GEOD_SYS	ITRF2005	2007.274000000	(RGTAAF)
GEOC_POS	-4147666.100	-4152179.997	-2488989.496
GEOC_COV	+4.79436700E-03	+5.52579900E-03	+1.02589300E-03	+4.03749600E-03	+1.95950400E-03	+2.10234200E-03
GEOD_POS	-23.120442655	-134.968839514	-6.145
GEOD_COV	+1.06955240E-13	+1.72403928E-14	+1.00124211E-02	+4.44530009E-15	+3.62535504E-09	+8.71055872E-09
UTM__08S	7443146.827	503190.534	-6.145
UTM__COV	+2.11446269E-04	+1.12219160E-03	+1.00124211E-02	+5.04266355E-05	+9.64655952E-04	+3.71349649E-04
MERC_POS	-2629818.987	-15024662.488	-6.145
MERC_COV	+2.11446269E-04	+1.12219160E-03	+1.00124211E-02	+5.04266355E-05	+9.64655952E-04	+3.71349649E-04
VERT_I95	0.200
HORI_I95	0.073
3D___I95	0.213

