SOFT_NAM	Gins
SOFT_VER	25.2
SOFT_TYP	IPPP

TIME_SYS	TAI

GEOD_SYS	ITRF2020	2024.331963070
GEOC_POS	-5062225.892	-3539616.556	-1583891.400
GEOC_COV	+9.57219626E-06	+5.30281426E-06	+1.68423070E-06	+6.04734442E-06	+2.86019456E-06	+2.01703196E-06
GEOD_POS	-14.474712244	-145.037931590	0.328
GEOD_COV	+8.81759600E-17	+6.12853556E-17	+1.47841431E-05	+3.45578532E-19	+6.68867216E-13	-1.06782140E-12
UTM__06S	8398866.500	711479.536	0.328
UTM__COV	+7.50256895E-07	+1.02484120E-06	+1.47841431E-05	+4.12217654E-09	-1.18147698E-07	+7.21096022E-08
MERC_POS	-1618062.112	-16145548.690	0.328
MERC_COV	+7.50256895E-07	+1.02484120E-06	+1.47841431E-05	+4.12217654E-09	-1.18147698E-07	+7.21096022E-08
VERT_I95	0.008
HORI_I95	0.003
3D___I95	0.008

GEOD_SYS	ITRF1992	1993.000000000	(RGPF)
GEOC_POS	-5062224.481	-3539618.104	-1583892.421
GEOC_COV	+9.57200000E-06	+5.30300000E-06	+1.68400000E-06	+6.04700000E-06	+2.86000000E-06	+2.01700000E-06
GEOD_POS	-14.474721788	-145.037912320	0.322
GEOD_COV	+8.82089851E-17	+6.12727011E-17	+1.47836731E-05	+3.39942315E-19	+6.69572896E-13	-1.06675222E-12
UTM__06S	8398865.426	711481.605	0.322
UTM__COV	+7.50101978E-07	+1.02522495E-06	+1.47836731E-05	+4.05494568E-09	-1.18029400E-07	+7.21856773E-08
MERC_POS	-1618063.202	-16145546.545	0.322
MERC_COV	+7.50101978E-07	+1.02522495E-06	+1.47836731E-05	+4.05494568E-09	-1.18029400E-07	+7.21856773E-08
VERT_I95	0.008
HORI_I95	0.003
3D___I95	0.008

