SOFT_NAM	Gins
SOFT_VER	25.2
SOFT_TYP	IPPP

TIME_SYS	TAI

GEOD_SYS	ITRF2020	2024.329230830
GEOC_POS	-5062225.916	-3539616.564	-1583891.398
GEOC_COV	+6.53971307E-06	+3.73957566E-06	+1.21931688E-06	+4.12441629E-06	+1.97191914E-06	+1.37786721E-06
GEOD_POS	-14.474712177	-145.037931657	0.350
GEOD_COV	+6.75608838E-17	+4.67148527E-17	+1.01414825E-05	+2.17406515E-18	+9.03208825E-13	-9.25372585E-13
UTM__06S	8398866.507	711479.529	0.350
UTM__COV	+5.71884429E-07	+7.85238717E-07	+1.01414825E-05	+2.59329779E-08	-1.02386636E-07	+9.73736307E-08
MERC_POS	-1618062.104	-16145548.698	0.350
MERC_COV	+5.71884429E-07	+7.85238717E-07	+1.01414825E-05	+2.59329779E-08	-1.02386636E-07	+9.73736307E-08
VERT_I95	0.006
HORI_I95	0.002
3D___I95	0.007

GEOD_SYS	ITRF1992	1993.000000000	(RGPF)
GEOC_POS	-5062224.504	-3539618.112	-1583892.419
GEOC_COV	+6.54000000E-06	+3.74000000E-06	+1.21900000E-06	+4.12400000E-06	+1.97200000E-06	+1.37800000E-06
GEOD_POS	-14.474721720	-145.037912388	0.344
GEOD_COV	+6.76271520E-17	+4.66846533E-17	+1.01414764E-05	+2.16735649E-18	+9.02621703E-13	-9.25919673E-13
UTM__06S	8398865.433	711481.598	0.344
UTM__COV	+5.71514727E-07	+7.86008862E-07	+1.01414764E-05	+2.58529536E-08	-1.02447168E-07	+9.73103297E-08
MERC_POS	-1618063.194	-16145546.553	0.344
MERC_COV	+5.71514727E-07	+7.86008862E-07	+1.01414764E-05	+2.58529536E-08	-1.02447168E-07	+9.73103297E-08
VERT_I95	0.006
HORI_I95	0.002
3D___I95	0.007

