SOFT_NAM	Gins
SOFT_VER	24.2
SOFT_TYP	PPP

TIME_SYS	TAI

GEOD_SYS	ITRF2020	2025.658890443
GEOC_POS	-5260372.513	-3053529.333	-1913245.582
GEOC_COV	+1.54117506E-05	+7.61364840E-06	+3.25486365E-06	+6.50709569E-06	+5.51042570E-06	+3.02114607E-06
GEOD_POS	-17.571663808	-149.865787328	8.418
GEOD_COV	+3.48598129E-16	+8.83695588E-17	+2.12692903E-05	+8.38159692E-18	-1.86149776E-12	-5.21967052E-12
UTM__06S	8054904.703	195791.797	8.418
UTM__COV	+1.08244848E-06	+3.92852388E-06	+2.12692903E-05	+9.84761857E-08	-5.77690685E-07	-1.97612627E-07
MERC_POS	-1974579.892	-16682983.133	8.418
MERC_COV	+1.08244848E-06	+3.92852388E-06	+2.12692903E-05	+9.84761857E-08	-5.77690685E-07	-1.97612627E-07
VERT_I95	0.009
HORI_I95	0.004
3D___I95	0.010

GEOD_SYS	ITRF1992	1993.000000000	(RGPF)
GEOC_POS	-5260371.154	-3053530.994	-1913246.646
GEOC_COV	+1.54120000E-05	+7.61400000E-06	+3.25500000E-06	+6.50700000E-06	+5.51000000E-06	+3.02100000E-06
GEOD_POS	-17.571673910	-149.865767376	8.414
GEOD_COV	+3.48634464E-16	+8.84018366E-17	+2.12692232E-05	+8.37446661E-18	-1.86133074E-12	-5.21623149E-12
UTM__06S	8054903.616	195793.933	8.414
UTM__COV	+1.08284386E-06	+3.92893291E-06	+2.12692232E-05	+9.83924055E-08	-5.77310068E-07	-1.97594885E-07
MERC_POS	-1974581.064	-16682980.912	8.414
MERC_COV	+1.08284386E-06	+3.92893291E-06	+2.12692232E-05	+9.83924055E-08	-5.77310068E-07	-1.97594885E-07
VERT_I95	0.009
HORI_I95	0.004
3D___I95	0.010

