SOFT_NAM	Gins
SOFT_VER	25.2
SOFT_TYP	IPPP

TIME_SYS	TAI

GEOD_SYS	ITRF2020	2023.119173928
GEOC_POS	-5737470.722	1346641.666	-2430960.786
GEOC_COV	+4.60703072E-05	+5.59646882E-06	+1.72655424E-05	-1.24270644E-05	+2.51723950E-05	-6.86108058E-06
GEOD_POS	-22.551621983	166.791196843	61.143
GEOD_COV	+2.06123061E-16	+2.88200960E-16	+6.32173057E-05	+3.64032394E-18	-2.25452108E-11	-6.31379362E-11
UTM__58S	7505009.750	684186.601	61.143
UTM__COV	+3.53423563E-06	+2.18077714E-06	+6.32173057E-05	+4.14650719E-08	-6.99182293E-06	-2.31897813E-06
MERC_POS	-2561503.607	18567111.101	61.143
MERC_COV	+3.53423563E-06	+2.18077714E-06	+6.32173057E-05	+4.14650719E-08	-6.99182293E-06	-2.31897813E-06
VERT_I95	0.016
HORI_I95	0.005
3D___I95	0.017

GEOD_SYS	ITRF1990	1989.000000000	(RGNC91-93)
GEOC_POS	-5737469.965	1346642.259	-2430962.264
GEOC_COV	+4.60700000E-05	+5.59600000E-06	+1.72660000E-05	-1.24270000E-05	+2.51720000E-05	-6.86100000E-06
GEOD_POS	-22.551636393	166.791189546	61.154
GEOD_COV	+2.06082247E-16	+2.88251644E-16	+6.32167979E-05	+3.64431793E-18	-2.25443499E-11	-6.31377958E-11
UTM__58S	7505008.164	684185.831	61.154
UTM__COV	+3.53485720E-06	+2.18034489E-06	+6.32167979E-05	+4.15105613E-08	-6.99180741E-06	-2.31888934E-06
MERC_POS	-2561505.334	18567110.289	61.154
MERC_COV	+3.53485720E-06	+2.18034489E-06	+6.32167979E-05	+4.15105613E-08	-6.99180741E-06	-2.31888934E-06
VERT_I95	0.016
HORI_I95	0.005
3D___I95	0.017

GEOD_SYS	ITRF2005	2007.274000000	(RGTAAF)
GEOC_POS	-5737470.378	1346641.929	-2430961.461
GEOC_COV	+4.60700000E-05	+5.59600000E-06	+1.72660000E-05	-1.24270000E-05	+2.51720000E-05	-6.86100000E-06
GEOD_POS	-22.551628563	166.791193592	61.148
GEOD_COV	+2.06082253E-16	+2.88251802E-16	+6.32167957E-05	+3.64438238E-18	-2.25443854E-11	-6.31378701E-11
UTM__58S	7505009.026	684186.258	61.148
UTM__COV	+3.53485913E-06	+2.18034519E-06	+6.32167957E-05	+4.15112976E-08	-6.99181562E-06	-2.31889312E-06
MERC_POS	-2561504.396	18567110.740	61.148
MERC_COV	+3.53485913E-06	+2.18034519E-06	+6.32167957E-05	+4.15112976E-08	-6.99181562E-06	-2.31889312E-06
VERT_I95	0.016
HORI_I95	0.005
3D___I95	0.017

