SOFT_NAM	Gins
SOFT_VER	25.2
SOFT_TYP	IPPP

TIME_SYS	TAI

GEOD_SYS	ITRF2020	2023.124653380
GEOC_POS	-5737470.723	1346641.656	-2430960.786
GEOC_COV	+1.79292175E-05	+1.75059384E-06	+5.76728296E-06	-3.43549886E-06	+8.85932751E-06	-1.72841965E-06
GEOD_POS	-22.551621990	166.791196941	61.142
GEOD_COV	+1.00834850E-16	+1.03332522E-16	+2.31130874E-05	-1.01174598E-17	+5.96322032E-12	-1.64053013E-11
UTM__58S	7505009.749	684186.611	61.142
UTM__COV	+1.26717649E-06	+1.06683034E-06	+2.31130874E-05	-1.15242820E-07	-1.81670432E-06	+6.13370955E-07
MERC_POS	-2561503.608	18567111.112	61.142
MERC_COV	+1.26717649E-06	+1.06683034E-06	+2.31130874E-05	-1.15242820E-07	-1.81670432E-06	+6.13370955E-07
VERT_I95	0.010
HORI_I95	0.003
3D___I95	0.010

GEOD_SYS	ITRF1990	1989.000000000	(RGNC91-93)
GEOC_POS	-5737469.965	1346642.249	-2430962.265
GEOC_COV	+1.79290000E-05	+1.75100000E-06	+5.76700000E-06	-3.43500000E-06	+8.85900000E-06	-1.72800000E-06
GEOD_POS	-22.551636403	166.791189643	61.153
GEOD_COV	+1.00891174E-16	+1.03331845E-16	+2.31124058E-05	-1.01341509E-17	+5.96725561E-12	-1.64030046E-11
UTM__58S	7505008.162	684185.841	61.153
UTM__COV	+1.26716820E-06	+1.06742603E-06	+2.31124058E-05	-1.15432929E-07	-1.81645000E-06	+6.13785958E-07
MERC_POS	-2561505.335	18567110.300	61.153
MERC_COV	+1.26716820E-06	+1.06742603E-06	+2.31124058E-05	-1.15432929E-07	-1.81645000E-06	+6.13785958E-07
VERT_I95	0.010
HORI_I95	0.003
3D___I95	0.010

GEOD_SYS	ITRF2005	2007.274000000	(RGTAAF)
GEOC_POS	-5737470.379	1346641.918	-2430961.461
GEOC_COV	+1.79290000E-05	+1.75100000E-06	+5.76700000E-06	-3.43500000E-06	+8.85900000E-06	-1.72800000E-06
GEOD_POS	-22.551628572	166.791193690	61.147
GEOD_COV	+1.00891156E-16	+1.03331886E-16	+2.31124054E-05	-1.01341478E-17	+5.96724163E-12	-1.64030315E-11
UTM__58S	7505009.025	684186.268	61.147
UTM__COV	+1.26716870E-06	+1.06742596E-06	+2.31124054E-05	-1.15432900E-07	-1.81645297E-06	+6.13784554E-07
MERC_POS	-2561504.397	18567110.750	61.147
MERC_COV	+1.26716870E-06	+1.06742596E-06	+2.31124054E-05	-1.15432900E-07	-1.81645297E-06	+6.13784554E-07
VERT_I95	0.010
HORI_I95	0.003
3D___I95	0.010

