SOFT_NAM	Gins
SOFT_VER	25.2
SOFT_TYP	IPPP

TIME_SYS	TAI

GEOD_SYS	ITRF2020	2023.127393106
GEOC_POS	-5737470.714	1346641.655	-2430960.775
GEOC_COV	+1.65883655E-05	+2.09968862E-06	+6.12035295E-06	-4.43626120E-06	+9.18178145E-06	-2.56049748E-06
GEOD_POS	-22.551621927	166.791196926	61.130
GEOD_COV	+8.34065454E-17	+8.90887287E-17	+2.28334643E-05	+6.75350188E-18	-8.20501398E-12	-2.33296222E-11
UTM__58S	7505009.756	684186.610	61.130
UTM__COV	+1.09250350E-06	+8.82439288E-07	+2.28334643E-05	+7.69256924E-08	-2.58349571E-06	-8.43959636E-07
MERC_POS	-2561503.600	18567111.111	61.130
MERC_COV	+1.09250350E-06	+8.82439288E-07	+2.28334643E-05	+7.69256924E-08	-2.58349571E-06	-8.43959636E-07
VERT_I95	0.010
HORI_I95	0.003
3D___I95	0.010

GEOD_SYS	ITRF1990	1989.000000000	(RGNC91-93)
GEOC_POS	-5737469.957	1346642.249	-2430962.254
GEOC_COV	+1.65880000E-05	+2.10000000E-06	+6.12000000E-06	-4.43600000E-06	+9.18200000E-06	-2.56000000E-06
GEOD_POS	-22.551636341	166.791189627	61.141
GEOD_COV	+8.34436193E-17	+8.90529947E-17	+2.28331033E-05	+6.71294733E-18	-8.20225076E-12	-2.33305029E-11
UTM__58S	7505008.169	684185.840	61.141
UTM__COV	+1.09206530E-06	+8.82831349E-07	+2.28331033E-05	+7.64637487E-08	-2.58359324E-06	-8.43675328E-07
MERC_POS	-2561505.328	18567110.298	61.141
MERC_COV	+1.09206530E-06	+8.82831349E-07	+2.28331033E-05	+7.64637487E-08	-2.58359324E-06	-8.43675328E-07
VERT_I95	0.010
HORI_I95	0.003
3D___I95	0.010

GEOD_SYS	ITRF2005	2007.274000000	(RGTAAF)
GEOC_POS	-5737470.370	1346641.918	-2430961.450
GEOC_COV	+1.65880000E-05	+2.10000000E-06	+6.12000000E-06	-4.43600000E-06	+9.18200000E-06	-2.56000000E-06
GEOD_POS	-22.551628510	166.791193674	61.135
GEOD_COV	+8.34436201E-17	+8.90530530E-17	+2.28331025E-05	+6.71297139E-18	-8.20226344E-12	-2.33305299E-11
UTM__58S	7505009.031	684186.266	61.135
UTM__COV	+1.09206601E-06	+8.82831455E-07	+2.28331025E-05	+7.64640269E-08	-2.58359623E-06	-8.43676679E-07
MERC_POS	-2561504.389	18567110.749	61.135
MERC_COV	+1.09206601E-06	+8.82831455E-07	+2.28331025E-05	+7.64640269E-08	-2.58359623E-06	-8.43676679E-07
VERT_I95	0.010
HORI_I95	0.003
3D___I95	0.010

