SOFT_NAM	Gins
SOFT_VER	24.2
SOFT_TYP	PPP

TIME_SYS	TAI

GEOD_SYS	ITRF2020	2025.771219210
GEOC_POS	-5047638.236	-2974912.413	-2511846.213
GEOC_COV	+4.31611804E-06	+2.88725438E-06	+1.08961450E-06	+1.86667881E-06	+1.59310030E-06	+9.86446899E-07
GEOD_POS	-23.345012735	-149.486297319	1.365
GEOD_COV	+1.55162446E-16	+3.51985320E-17	+6.23871089E-06	+6.44917765E-18	+2.66526828E-12	+3.15142895E-12
UTM__06S	7416100.072	245797.530	1.365
UTM__COV	+4.31721084E-07	+1.62255495E-06	+6.23871089E-06	+7.30382052E-08	+3.49017235E-07	+2.72550717E-07
MERC_POS	-2656870.150	-16640738.498	1.365
MERC_COV	+4.31721084E-07	+1.62255495E-06	+6.23871089E-06	+7.30382052E-08	+3.49017235E-07	+2.72550717E-07
VERT_I95	0.005
HORI_I95	0.003
3D___I95	0.006

GEOD_SYS	ITRF1992	1993.000000000	(RGPF)
GEOC_POS	-5047636.802	-2974913.968	-2511847.242
GEOC_COV	+4.31600000E-06	+2.88700000E-06	+1.09000000E-06	+1.86700000E-06	+1.59300000E-06	+9.86000000E-07
GEOD_POS	-23.345022860	-149.486277103	1.363
GEOD_COV	+1.55114615E-16	+3.52452625E-17	+6.23865122E-06	+6.47962820E-18	+2.66482008E-12	+3.15253279E-12
UTM__06S	7416098.986	245799.617	1.363
UTM__COV	+4.32294249E-07	+1.62205453E-06	+6.23865122E-06	+7.33830581E-08	+3.49139485E-07	+2.72504863E-07
MERC_POS	-2656871.371	-16640736.248	1.363
MERC_COV	+4.32294249E-07	+1.62205453E-06	+6.23865122E-06	+7.33830581E-08	+3.49139485E-07	+2.72504863E-07
VERT_I95	0.005
HORI_I95	0.003
3D___I95	0.006

GEOD_SYS	ITRF2005	2007.274000000	(RGTAAF)
GEOC_POS	-5047637.433	-2974913.298	-2511846.786
GEOC_COV	+4.31600000E-06	+2.88700000E-06	+1.09000000E-06	+1.86700000E-06	+1.59300000E-06	+9.86000000E-07
GEOD_POS	-23.345018355	-149.486285882	1.369
GEOD_COV	+1.55114612E-16	+3.52452573E-17	+6.23865120E-06	+6.47962404E-18	+2.66482660E-12	+3.15252842E-12
UTM__06S	7416099.469	245798.710	1.369
UTM__COV	+4.32294186E-07	+1.62205461E-06	+6.23865120E-06	+7.33830136E-08	+3.49139001E-07	+2.72505539E-07
MERC_POS	-2656870.828	-16640737.225	1.369
MERC_COV	+4.32294186E-07	+1.62205461E-06	+6.23865120E-06	+7.33830136E-08	+3.49139001E-07	+2.72505539E-07
VERT_I95	0.005
HORI_I95	0.003
3D___I95	0.006

