SOFT_NAM	Gins
SOFT_VER	23.2
SOFT_TYP	PPP

TIME_SYS	TAI

GEOD_SYS	ITRF2020	2024.028674895
GEOC_POS	-1941333.309	1628485.150	-5833532.252
GEOC_COV	+2.88408233E-06	+2.78188415E-06	+1.08369155E-05	-5.35572762E-07	+3.63067318E-06	-3.02373059E-06
GEOD_POS	-66.661578950	140.008434039	-35.053
GEOD_COV	+1.17425372E-15	+8.87714159E-17	+1.31022427E-05	-9.32004399E-18	-3.60854571E-14	+4.71195949E-12
UTM__54S	2605997.044	456166.592	-35.053
UTM__COV	+1.10395292E-06	+2.29668635E-06	+1.31022427E-05	-4.59649230E-08	+5.25460712E-07	-1.59588680E-09
MERC_POS	-10021028.312	15585667.584	-35.053
MERC_COV	+1.10395292E-06	+2.29668635E-06	+1.31022427E-05	-4.59649230E-08	+5.25460712E-07	-1.59588680E-09
VERT_I95	0.007
HORI_I95	0.004
3D___I95	0.008

GEOD_SYS	ITRF2005	2007.274000000	(RGTAAF)
GEOC_POS	-1941333.367	1628485.386	-5833532.172
GEOC_COV	+2.88400000E-06	+2.78200000E-06	+1.08370000E-05	-5.36000000E-07	+3.63100000E-06	-3.02400000E-06
GEOD_POS	-66.661577047	140.008430802	-35.049
GEOD_COV	+1.17405581E-15	+8.87761922E-17	+1.31026881E-05	-9.35234696E-18	-3.75437771E-14	+4.71565704E-12
UTM__54S	2605997.254	456166.445	-35.049
UTM__COV	+1.10401231E-06	+2.29629962E-06	+1.31026881E-05	-4.61242395E-08	+5.25873050E-07	-1.66038144E-09
MERC_POS	-10021027.778	15585667.224	-35.049
MERC_COV	+1.10401231E-06	+2.29629962E-06	+1.31026881E-05	-4.61242395E-08	+5.25873050E-07	-1.66038144E-09
VERT_I95	0.007
HORI_I95	0.004
3D___I95	0.008

