SOFT_NAM	Gins
SOFT_VER	23.2
SOFT_TYP	PPP

TIME_SYS	TAI

GEOD_SYS	ITRF2020	2024.034139376
GEOC_POS	-1941333.302	1628485.149	-5833532.244
GEOC_COV	+1.65068391E-06	+1.23271295E-06	+5.96873505E-06	-1.94960213E-07	+2.09841848E-06	-1.55368995E-06
GEOD_POS	-66.661578971	140.008433969	-35.063
GEOD_COV	+6.20368540E-16	+3.60805261E-17	+7.19007837E-06	+1.92888145E-17	+4.82542404E-12	+2.01318493E-12
UTM__54S	2605997.042	456166.589	-35.063
UTM__COV	+4.48694002E-07	+1.21335954E-06	+7.19007837E-06	+9.51292580E-08	+2.24503115E-07	+2.13405376E-07
MERC_POS	-10021028.318	15585667.576	-35.063
MERC_COV	+4.48694002E-07	+1.21335954E-06	+7.19007837E-06	+9.51292580E-08	+2.24503115E-07	+2.13405376E-07
VERT_I95	0.005
HORI_I95	0.003
3D___I95	0.006

GEOD_SYS	ITRF2005	2007.274000000	(RGTAAF)
GEOC_POS	-1941333.361	1628485.385	-5833532.164
GEOC_COV	+1.65100000E-06	+1.23300000E-06	+5.96900000E-06	-1.95000000E-07	+2.09800000E-06	-1.55400000E-06
GEOD_POS	-66.661577068	140.008430731	-35.059
GEOD_COV	+6.20501317E-16	+3.61142382E-17	+7.19026734E-06	+1.93308628E-17	+4.81497762E-12	+2.01269168E-12
UTM__54S	2605997.252	456166.442	-35.059
UTM__COV	+4.49113243E-07	+1.21361942E-06	+7.19026734E-06	+9.53366407E-08	+2.24448110E-07	+2.12943397E-07
MERC_POS	-10021027.784	15585667.216	-35.059
MERC_COV	+4.49113243E-07	+1.21361942E-06	+7.19026734E-06	+9.53366407E-08	+2.24448110E-07	+2.12943397E-07
VERT_I95	0.005
HORI_I95	0.003
3D___I95	0.006

