SOFT_NAM	Gins
SOFT_VER	23.2
SOFT_TYP	PPP

TIME_SYS	TAI

GEOD_SYS	ITRF2020	2024.036871616
GEOC_POS	-1941333.305	1628485.146	-5833532.243
GEOC_COV	+1.20069003E-06	+1.04577047E-06	+3.97651282E-06	-1.81742929E-07	+1.43224458E-06	-1.09842270E-06
GEOD_POS	-66.661578967	140.008434062	-35.064
GEOD_COV	+4.75893090E-16	+3.38888195E-17	+4.87075068E-06	+1.97617047E-18	+2.03867801E-12	+2.41527890E-12
UTM__54S	2605997.043	456166.593	-35.064
UTM__COV	+4.21438147E-07	+9.30784498E-07	+4.87075068E-06	+9.74614746E-09	+2.69343183E-07	+9.01609564E-08
MERC_POS	-10021028.317	15585667.587	-35.064
MERC_COV	+4.21438147E-07	+9.30784498E-07	+4.87075068E-06	+9.74614746E-09	+2.69343183E-07	+9.01609564E-08
VERT_I95	0.004
HORI_I95	0.002
3D___I95	0.005

GEOD_SYS	ITRF2005	2007.274000000	(RGTAAF)
GEOC_POS	-1941333.364	1628485.382	-5833532.163
GEOC_COV	+1.20100000E-06	+1.04600000E-06	+3.97700000E-06	-1.82000000E-07	+1.43200000E-06	-1.09800000E-06
GEOD_POS	-66.661577063	140.008430825	-35.060
GEOD_COV	+4.75897927E-16	+3.39577427E-17	+4.87091063E-06	+1.96182708E-18	+2.04209460E-12	+2.41259258E-12
UTM__54S	2605997.252	456166.447	-35.060
UTM__COV	+4.22295269E-07	+9.30794103E-07	+4.87091063E-06	+9.67540898E-09	+2.69043615E-07	+9.03120628E-08
MERC_POS	-10021027.783	15585667.226	-35.060
MERC_COV	+4.22295269E-07	+9.30794103E-07	+4.87091063E-06	+9.67540898E-09	+2.69043615E-07	+9.03120628E-08
VERT_I95	0.004
HORI_I95	0.002
3D___I95	0.005

