SOFT_NAM	Gins
SOFT_VER	20.1.1
SOFT_TYP	IPPP

TIME_SYS	TAI

GEOD_SYS	ITRF2014	2021.930123319
GEOC_POS	-5762213.625	1410911.055	-2334731.981
GEOC_COV	+4.52380530E-05	+1.65122122E-05	+9.48133129E-06	-6.53519394E-06	+1.77679396E-05	-2.66757014E-06
GEOD_POS	-21.613773783	166.241497265	66.957
GEOD_COV	+1.41014925E-15	+1.84943159E-16	+5.38464382E-05	-1.05575547E-16	+1.33574329E-11	-2.84324407E-12
UTM__58S	7609409.006	628499.871	66.957
UTM__COV	+2.26745975E-06	+1.51176985E-05	+5.38464382E-05	-1.21038713E-06	-3.14821802E-07	+1.38303541E-06
MERC_POS	-2449484.479	18505918.824	66.957
MERC_COV	+2.26745975E-06	+1.51176985E-05	+5.38464382E-05	-1.21038713E-06	-3.14821802E-07	+1.38303541E-06
VERT_I95	0.015
HORI_I95	0.008
3D___I95	0.017

GEOD_SYS	ITRF1990	1989.000000000	(RGNC91-93)
GEOC_POS	-5762212.900	1410911.640	-2334733.438
GEOC_COV	+4.52380000E-05	+1.65120000E-05	+9.48100000E-06	-6.53500000E-06	+1.77680000E-05	-2.66800000E-06
GEOD_POS	-21.613787892	166.241490115	66.968
GEOD_COV	+1.41013894E-15	+1.84909132E-16	+5.38463723E-05	-1.05536182E-16	+1.33579206E-11	-2.84363192E-12
UTM__58S	7609407.450	628499.118	66.968
UTM__COV	+2.26704259E-06	+1.51175851E-05	+5.38463723E-05	-1.20993571E-06	-3.14864748E-07	+1.38308578E-06
MERC_POS	-2449486.158	18505918.028	66.968
MERC_COV	+2.26704259E-06	+1.51175851E-05	+5.38463723E-05	-1.20993571E-06	-3.14864748E-07	+1.38308578E-06
VERT_I95	0.015
HORI_I95	0.008
3D___I95	0.017

GEOD_SYS	ITRF2005	2007.274000000	(RGTAAF)
GEOC_POS	-5762213.310	1410911.304	-2334732.621
GEOC_COV	+4.52380000E-05	+1.65120000E-05	+9.48100000E-06	-6.53500000E-06	+1.77680000E-05	-2.66800000E-06
GEOD_POS	-21.613779971	166.241494205	66.964
GEOD_COV	+1.41013878E-15	+1.84909134E-16	+5.38463724E-05	-1.05536162E-16	+1.33578935E-11	-2.84369672E-12
UTM__58S	7609408.323	628499.549	66.964
UTM__COV	+2.26704260E-06	+1.51175850E-05	+5.38463724E-05	-1.20993555E-06	-3.14871922E-07	+1.38308305E-06
MERC_POS	-2449485.215	18505918.484	66.964
MERC_COV	+2.26704260E-06	+1.51175850E-05	+5.38463724E-05	-1.20993555E-06	-3.14871922E-07	+1.38308305E-06
VERT_I95	0.015
HORI_I95	0.008
3D___I95	0.017

