SOFT_NAM	Gins
SOFT_VER	20.1.1
SOFT_TYP	IPPP

TIME_SYS	TAI

GEOD_SYS	ITRF2014	2021.932863045
GEOC_POS	-5762213.608	1410911.049	-2334731.971
GEOC_COV	+3.28383017E-05	+1.68681541E-05	+7.04595129E-06	-5.44773934E-06	+1.29611683E-05	-2.46607862E-06
GEOD_POS	-21.613773760	166.241497285	66.937
GEOD_COV	+1.42291500E-15	+1.41949205E-16	+3.97575110E-05	-9.24287678E-17	-7.81145054E-12	-1.94405750E-12
UTM__58S	7609409.009	628499.873	66.937
UTM__COV	+1.74034070E-06	+1.52545554E-05	+3.97575110E-05	-1.05966385E-06	-2.15258229E-07	-8.08801570E-07
MERC_POS	-2449484.476	18505918.826	66.937
MERC_COV	+1.74034070E-06	+1.52545554E-05	+3.97575110E-05	-1.05966385E-06	-2.15258229E-07	-8.08801570E-07
VERT_I95	0.013
HORI_I95	0.008
3D___I95	0.015

GEOD_SYS	ITRF1990	1989.000000000	(RGNC91-93)
GEOC_POS	-5762212.882	1410911.634	-2334733.428
GEOC_COV	+3.28380000E-05	+1.68680000E-05	+7.04600000E-06	-5.44800000E-06	+1.29610000E-05	-2.46600000E-06
GEOD_POS	-21.613787871	166.241490134	66.947
GEOD_COV	+1.42288886E-15	+1.41960900E-16	+3.97572437E-05	-9.24403201E-17	-7.81367405E-12	-1.94345831E-12
UTM__58S	7609407.452	628499.120	66.947
UTM__COV	+1.74048410E-06	+1.52542722E-05	+3.97572437E-05	-1.05979619E-06	-2.15191883E-07	-8.09031716E-07
MERC_POS	-2449486.156	18505918.030	66.947
MERC_COV	+1.74048410E-06	+1.52542722E-05	+3.97572437E-05	-1.05979619E-06	-2.15191883E-07	-8.09031716E-07
VERT_I95	0.013
HORI_I95	0.008
3D___I95	0.015

GEOD_SYS	ITRF2005	2007.274000000	(RGTAAF)
GEOC_POS	-5762213.293	1410911.298	-2334732.611
GEOC_COV	+3.28380000E-05	+1.68680000E-05	+7.04600000E-06	-5.44800000E-06	+1.29610000E-05	-2.46600000E-06
GEOD_POS	-21.613779949	166.241494224	66.943
GEOD_COV	+1.42288872E-15	+1.41960900E-16	+3.97572435E-05	-9.24402733E-17	-7.81369070E-12	-1.94350661E-12
UTM__58S	7609408.326	628499.551	66.943
UTM__COV	+1.74048409E-06	+1.52542724E-05	+3.97572435E-05	-1.05979571E-06	-2.15197231E-07	-8.09033483E-07
MERC_POS	-2449485.213	18505918.486	66.943
MERC_COV	+1.74048409E-06	+1.52542724E-05	+3.97572435E-05	-1.05979571E-06	-2.15197231E-07	-8.09033483E-07
VERT_I95	0.013
HORI_I95	0.008
3D___I95	0.015

