SOFT_NAM	Gins
SOFT_VER	25.2
SOFT_TYP	IPPP

TIME_SYS	TAI

GEOD_SYS	ITRF2020	2022.763009545
GEOC_POS	-5047204.063	-2975932.717	-2511520.217
GEOC_COV	+1.24003692E-06	+4.82860825E-07	+3.89265807E-07	+6.42552121E-07	+5.72485975E-07	+3.31202273E-07
GEOD_POS	-23.341794504	-149.475546098	4.510
GEOD_COV	+1.10860460E-17	+8.09059509E-18	+1.89699583E-06	-2.64900253E-19	-2.02919878E-13	-9.68934909E-14
UTM__06S	7416475.455	246891.116	4.510
UTM__COV	+9.92337145E-08	+1.15934004E-07	+1.89699583E-06	-3.00012151E-09	-1.07308468E-08	-2.07511263E-08
MERC_POS	-2656482.164	-16639541.678	4.510
MERC_COV	+9.92337145E-08	+1.15934004E-07	+1.89699583E-06	-3.00012151E-09	-1.07308468E-08	-2.07511263E-08
VERT_I95	0.003
HORI_I95	0.001
3D___I95	0.003

GEOD_SYS	ITRF1992	1993.000000000	(RGPF)
GEOC_POS	-5047202.760	-2975934.128	-2511521.153
GEOC_COV	+1.24000000E-06	+4.83000000E-07	+3.89000000E-07	+6.43000000E-07	+5.72000000E-07	+3.31000000E-07
GEOD_POS	-23.341803718	-149.475527741	4.508
GEOD_COV	+1.10575374E-17	+8.10837748E-18	+1.89691232E-06	-2.60504874E-19	-2.00005471E-13	-9.14729672E-14
UTM__06S	7416474.467	246893.011	4.508
UTM__COV	+9.94518213E-08	+1.15635855E-07	+1.89691232E-06	-2.95034154E-09	-1.01305298E-08	-2.04530898E-08
MERC_POS	-2656483.275	-16639539.634	4.508
MERC_COV	+9.94518213E-08	+1.15635855E-07	+1.89691232E-06	-2.95034154E-09	-1.01305298E-08	-2.04530898E-08
VERT_I95	0.003
HORI_I95	0.001
3D___I95	0.003

GEOD_SYS	ITRF2005	2007.274000000	(RGTAAF)
GEOC_POS	-5047203.391	-2975933.458	-2511520.698
GEOC_COV	+1.24000000E-06	+4.83000000E-07	+3.89000000E-07	+6.43000000E-07	+5.72000000E-07	+3.31000000E-07
GEOD_POS	-23.341799213	-149.475536521	4.513
GEOD_COV	+1.10575361E-17	+8.10837763E-18	+1.89691233E-06	-2.60504935E-19	-2.00003022E-13	-9.14742283E-14
UTM__06S	7416474.950	246892.104	4.513
UTM__COV	+9.94518232E-08	+1.15635850E-07	+1.89691233E-06	-2.95034234E-09	-1.01306695E-08	-2.04528401E-08
MERC_POS	-2656482.732	-16639540.612	4.513
MERC_COV	+9.94518232E-08	+1.15635850E-07	+1.89691233E-06	-2.95034234E-09	-1.01306695E-08	-2.04528401E-08
VERT_I95	0.003
HORI_I95	0.001
3D___I95	0.003

