SOFT_NAM	Gins
SOFT_VER	25.2
SOFT_TYP	IPPP

TIME_SYS	TAI

GEOD_SYS	ITRF2020	2022.765749271
GEOC_POS	-5047204.060	-2975932.715	-2511520.214
GEOC_COV	+1.12361616E-06	+4.56137659E-07	+3.43928402E-07	+6.07040220E-07	+5.22070724E-07	+3.04447980E-07
GEOD_POS	-23.341794496	-149.475546107	4.505
GEOD_COV	+9.28944458E-18	+6.76506838E-18	+1.74356074E-06	+2.99135583E-19	+5.00968552E-15	-3.26485095E-15
UTM__06S	7416475.456	246891.115	4.505
UTM__COV	+8.29757089E-08	+9.71457729E-08	+1.74356074E-06	+3.38785291E-09	-3.61578626E-10	+5.12303761E-10
MERC_POS	-2656482.163	-16639541.679	4.505
MERC_COV	+8.29757089E-08	+9.71457729E-08	+1.74356074E-06	+3.38785291E-09	-3.61578626E-10	+5.12303761E-10
VERT_I95	0.003
HORI_I95	0.001
3D___I95	0.003

GEOD_SYS	ITRF1992	1993.000000000	(RGPF)
GEOC_POS	-5047202.757	-2975934.126	-2511521.151
GEOC_COV	+1.12400000E-06	+4.56000000E-07	+3.44000000E-07	+6.07000000E-07	+5.22000000E-07	+3.04000000E-07
GEOD_POS	-23.341803710	-149.475527749	4.503
GEOD_COV	+9.29251179E-18	+6.78984103E-18	+1.74354261E-06	+3.18844986E-19	+1.42563330E-15	-1.00748430E-15
UTM__06S	7416474.468	246893.010	4.503
UTM__COV	+8.32795535E-08	+9.71778353E-08	+1.74354261E-06	+3.61107104E-09	-1.11577770E-10	+1.45789042E-10
MERC_POS	-2656483.274	-16639539.635	4.503
MERC_COV	+8.32795535E-08	+9.71778353E-08	+1.74354261E-06	+3.61107104E-09	-1.11577770E-10	+1.45789042E-10
VERT_I95	0.003
HORI_I95	0.001
3D___I95	0.003

GEOD_SYS	ITRF2005	2007.274000000	(RGTAAF)
GEOC_POS	-5047203.388	-2975933.455	-2511520.695
GEOC_COV	+1.12400000E-06	+4.56000000E-07	+3.44000000E-07	+6.07000000E-07	+5.22000000E-07	+3.04000000E-07
GEOD_POS	-23.341799205	-149.475536528	4.509
GEOD_COV	+9.29251119E-18	+6.78984099E-18	+1.74354261E-06	+3.18844898E-19	+1.42790109E-15	-1.00866763E-15
UTM__06S	7416474.951	246892.104	4.509
UTM__COV	+8.32795530E-08	+9.71778357E-08	+1.74354261E-06	+3.61107017E-09	-1.11708823E-10	+1.46020957E-10
MERC_POS	-2656482.731	-16639540.612	4.509
MERC_COV	+8.32795530E-08	+9.71778357E-08	+1.74354261E-06	+3.61107017E-09	-1.11708823E-10	+1.46020957E-10
VERT_I95	0.003
HORI_I95	0.001
3D___I95	0.003

