SOFT_NAM	Gins
SOFT_VER	25.2
SOFT_TYP	IPPP

TIME_SYS	TAI

GEOD_SYS	ITRF2020	2022.768488997
GEOC_POS	-5047204.057	-2975932.713	-2511520.213
GEOC_COV	+1.29244524E-06	+5.13078118E-07	+4.03102493E-07	+6.90326825E-07	+5.95475152E-07	+3.51602867E-07
GEOD_POS	-23.341794499	-149.475546098	4.501
GEOD_COV	+1.05254446E-17	+8.38482440E-18	+1.99571189E-06	-2.73582573E-19	-5.96083831E-14	-3.85316965E-14
UTM__06S	7416475.456	246891.116	4.501
UTM__COV	+1.02842530E-07	+1.10071430E-07	+1.99571189E-06	-3.09845291E-09	-4.26734270E-09	-6.09571174E-09
MERC_POS	-2656482.164	-16639541.678	4.501
MERC_COV	+1.02842530E-07	+1.10071430E-07	+1.99571189E-06	-3.09845291E-09	-4.26734270E-09	-6.09571174E-09
VERT_I95	0.003
HORI_I95	0.001
3D___I95	0.003

GEOD_SYS	ITRF1992	1993.000000000	(RGPF)
GEOC_POS	-5047202.754	-2975934.125	-2511521.150
GEOC_COV	+1.29200000E-06	+5.13000000E-07	+4.03000000E-07	+6.90000000E-07	+5.95000000E-07	+3.52000000E-07
GEOD_POS	-23.341803714	-149.475527738	4.500
GEOD_COV	+1.05362672E-17	+8.38194734E-18	+1.99500816E-06	-3.20796492E-19	-5.73316227E-14	-3.89971810E-14
UTM__06S	7416474.467	246893.011	4.500
UTM__COV	+1.02807242E-07	+1.10184594E-07	+1.99500816E-06	-3.63317277E-09	-4.31889459E-09	-5.86288376E-09
MERC_POS	-2656483.275	-16639539.634	4.500
MERC_COV	+1.02807242E-07	+1.10184594E-07	+1.99500816E-06	-3.63317277E-09	-4.31889459E-09	-5.86288376E-09
VERT_I95	0.003
HORI_I95	0.001
3D___I95	0.003

GEOD_SYS	ITRF2005	2007.274000000	(RGTAAF)
GEOC_POS	-5047203.384	-2975933.454	-2511520.694
GEOC_COV	+1.29200000E-06	+5.13000000E-07	+4.03000000E-07	+6.90000000E-07	+5.95000000E-07	+3.52000000E-07
GEOD_POS	-23.341799210	-149.475536518	4.505
GEOD_COV	+1.05362663E-17	+8.38194742E-18	+1.99500816E-06	-3.20796533E-19	-5.73290328E-14	-3.89985165E-14
UTM__06S	7416474.951	246892.105	4.505
UTM__COV	+1.02807243E-07	+1.10184592E-07	+1.99500816E-06	-3.63317336E-09	-4.31904250E-09	-5.86261911E-09
MERC_POS	-2656482.732	-16639540.611	4.505
MERC_COV	+1.02807243E-07	+1.10184592E-07	+1.99500816E-06	-3.63317336E-09	-4.31904250E-09	-5.86261911E-09
VERT_I95	0.003
HORI_I95	0.001
3D___I95	0.003

