SOFT_NAM	Gins
SOFT_VER	25.2
SOFT_TYP	IPPP

TIME_SYS	TAI

GEOD_SYS	ITRF2020	2022.261639682
GEOC_POS	-5814045.478	1312523.352	-2262990.618
GEOC_COV	+1.10736582E-05	+1.57997753E-06	+2.32390256E-06	-2.22974984E-06	+4.01031616E-06	-8.65389651E-07
GEOD_POS	-20.918482093	167.278697629	66.694
GEOD_COV	+1.00023110E-16	+6.25160710E-17	+1.31287695E-05	-2.36073140E-18	+3.65154273E-13	+2.48662241E-13
UTM__58S	7685190.861	736997.554	66.694
UTM__COV	+7.66339735E-07	+1.08242914E-06	+1.31287695E-05	-2.71901104E-08	+2.75311706E-08	+3.79862084E-08
MERC_POS	-2366912.011	18621379.441	66.694
MERC_COV	+7.66339735E-07	+1.08242914E-06	+1.31287695E-05	-2.71901104E-08	+2.75311706E-08	+3.79862084E-08
VERT_I95	0.007
HORI_I95	0.003
3D___I95	0.008

GEOD_SYS	ITRF1990	1989.000000000	(RGNC91-93)
GEOC_POS	-5814044.779	1312523.987	-2262992.066
GEOC_COV	+1.10740000E-05	+1.58000000E-06	+2.32400000E-06	-2.23000000E-06	+4.01000000E-06	-8.65000000E-07
GEOD_POS	-20.918496058	167.278690197	66.704
GEOD_COV	+1.00016705E-16	+6.25489678E-17	+1.31288974E-05	-2.39078731E-18	+3.64821419E-13	+2.52355219E-13
UTM__58S	7685189.325	736996.758	66.704
UTM__COV	+7.66742999E-07	+1.08235962E-06	+1.31288974E-05	-2.75362818E-08	+2.79400466E-08	+3.79515789E-08
MERC_POS	-2366913.666	18621378.613	66.704
MERC_COV	+7.66742999E-07	+1.08235962E-06	+1.31288974E-05	-2.75362818E-08	+2.79400466E-08	+3.79515789E-08
VERT_I95	0.007
HORI_I95	0.003
3D___I95	0.008

