SOFT_NAM	Gins
SOFT_VER	25.2
SOFT_TYP	IPPP

TIME_SYS	TAI

GEOD_SYS	ITRF2020	2022.264379408
GEOC_POS	-5814045.431	1312523.341	-2262990.598
GEOC_COV	+1.02399637E-04	+9.25808291E-06	+1.53258637E-05	-1.68504699E-05	+3.01396254E-05	-4.05119783E-06
GEOD_POS	-20.918482075	167.278697634	66.642
GEOD_COV	+6.03931839E-16	+5.35779167E-16	+1.13880227E-04	-6.92626372E-17	+5.22345591E-11	+6.66454496E-11
UTM__58S	7685190.863	736997.554	66.642
UTM__COV	+6.56773293E-06	+6.53562370E-06	+1.13880227E-04	-7.97743751E-07	+7.37879310E-06	+5.43384805E-06
MERC_POS	-2366912.009	18621379.441	66.642
MERC_COV	+6.56773293E-06	+6.53562370E-06	+1.13880227E-04	-7.97743751E-07	+7.37879310E-06	+5.43384805E-06
VERT_I95	0.021
HORI_I95	0.007
3D___I95	0.023

GEOD_SYS	ITRF1990	1989.000000000	(RGNC91-93)
GEOC_POS	-5814044.732	1312523.976	-2262992.045
GEOC_COV	+1.02400000E-04	+9.25800000E-06	+1.53260000E-05	-1.68500000E-05	+3.01400000E-05	-4.05100000E-06
GEOD_POS	-20.918496041	167.278690201	66.652
GEOD_COV	+6.03945056E-16	+5.35773099E-16	+1.13880576E-04	-6.92686681E-17	+5.22403099E-11	+6.66435279E-11
UTM__58S	7685189.327	736996.759	66.652
UTM__COV	+6.56765859E-06	+6.53576554E-06	+1.13880576E-04	-7.97813142E-07	+7.37858036E-06	+5.43444580E-06
MERC_POS	-2366913.664	18621378.614	66.652
MERC_COV	+6.56765859E-06	+6.53576554E-06	+1.13880576E-04	-7.97813142E-07	+7.37858036E-06	+5.43444580E-06
VERT_I95	0.021
HORI_I95	0.007
3D___I95	0.023

