SOFT_NAM	Gins
SOFT_VER	25.2
SOFT_TYP	IPPP

TIME_SYS	TAI

GEOD_SYS	ITRF2020	2022.258899956
GEOC_POS	-5814045.476	1312523.355	-2262990.620
GEOC_COV	+5.99813318E-06	+7.88700123E-07	+1.26022416E-06	-1.20291313E-06	+2.14607538E-06	-4.64380020E-07
GEOD_POS	-20.918482112	167.278697599	66.693
GEOD_COV	+4.84703659E-17	+3.53509792E-17	+7.08917899E-06	-5.74559878E-19	+3.61388381E-13	+2.92279955E-13
UTM__58S	7685190.859	736997.550	66.693
UTM__COV	+4.33342333E-07	+5.24536142E-07	+7.08917899E-06	-6.61758746E-09	+3.23603989E-08	+3.75944508E-08
MERC_POS	-2366912.014	18621379.437	66.693
MERC_COV	+4.33342333E-07	+5.24536142E-07	+7.08917899E-06	-6.61758746E-09	+3.23603989E-08	+3.75944508E-08
VERT_I95	0.005
HORI_I95	0.002
3D___I95	0.006

GEOD_SYS	ITRF1990	1989.000000000	(RGNC91-93)
GEOC_POS	-5814044.776	1312523.989	-2262992.067
GEOC_COV	+5.99800000E-06	+7.89000000E-07	+1.26000000E-06	-1.20300000E-06	+2.14600000E-06	-4.64000000E-07
GEOD_POS	-20.918496076	167.278690168	66.703
GEOD_COV	+4.84926969E-17	+3.53428010E-17	+7.08898021E-06	-6.08591537E-19	+3.61071756E-13	+2.93802287E-13
UTM__58S	7685189.323	736996.755	66.703
UTM__COV	+4.33242085E-07	+5.24777708E-07	+7.08898021E-06	-7.00955205E-09	+3.25289472E-08	+3.75615096E-08
MERC_POS	-2366913.668	18621378.610	66.703
MERC_COV	+4.33242085E-07	+5.24777708E-07	+7.08898021E-06	-7.00955205E-09	+3.25289472E-08	+3.75615096E-08
VERT_I95	0.005
HORI_I95	0.002
3D___I95	0.006

