SOFT_NAM	Gins
SOFT_VER	24.2
SOFT_TYP	PPP

TIME_SYS	TAI

GEOD_SYS	ITRF2020	2025.699986333
GEOC_POS	-5740490.910	1385866.810	-2401844.631
GEOC_COV	+1.90279765E-05	+8.85586071E-06	+4.17215525E-06	-3.03899325E-06	+7.15041518E-06	-1.64188765E-06
GEOD_POS	-22.267158864	166.427386273	75.843
GEOD_COV	+7.55850648E-16	+1.04290374E-16	+2.27476117E-05	-1.93901056E-17	-3.14414925E-12	+2.43710218E-12
UTM__58S	7536907.551	647069.373	75.843
UTM__COV	+1.27883868E-06	+8.02954208E-06	+2.27476117E-05	-2.21306076E-07	+2.69873044E-07	-3.24063821E-07
MERC_POS	-2527446.778	18526611.894	75.843
MERC_COV	+1.27883868E-06	+8.02954208E-06	+2.27476117E-05	-2.21306076E-07	+2.69873044E-07	-3.24063821E-07
VERT_I95	0.010
HORI_I95	0.006
3D___I95	0.011

GEOD_SYS	ITRF1990	1989.000000000	(RGNC91-93)
GEOC_POS	-5740490.094	1385867.455	-2401846.229
GEOC_COV	+1.90280000E-05	+8.85600000E-06	+4.17200000E-06	-3.03900000E-06	+7.15000000E-06	-1.64200000E-06
GEOD_POS	-22.267174420	166.427378337	75.855
GEOD_COV	+7.55863024E-16	+1.04301506E-16	+2.27473530E-05	-1.93744643E-17	-3.14518143E-12	+2.44017946E-12
UTM__58S	7536905.836	647068.539	75.855
UTM__COV	+1.27897519E-06	+8.02967181E-06	+2.27473530E-05	-2.21127533E-07	+2.70213808E-07	-3.24170171E-07
MERC_POS	-2527448.638	18526611.010	75.855
MERC_COV	+1.27897519E-06	+8.02967181E-06	+2.27473530E-05	-2.21127533E-07	+2.70213808E-07	-3.24170171E-07
VERT_I95	0.010
HORI_I95	0.006
3D___I95	0.011

GEOD_SYS	ITRF2005	2007.274000000	(RGTAAF)
GEOC_POS	-5740490.509	1385867.120	-2401845.421
GEOC_COV	+1.90280000E-05	+8.85600000E-06	+4.17200000E-06	-3.03900000E-06	+7.15000000E-06	-1.64200000E-06
GEOD_POS	-22.267166552	166.427382439	75.848
GEOD_COV	+7.55862946E-16	+1.04301499E-16	+2.27473530E-05	-1.93744449E-17	-3.14519108E-12	+2.44015263E-12
UTM__58S	7536906.703	647068.970	75.848
UTM__COV	+1.27897510E-06	+8.02967186E-06	+2.27473530E-05	-2.21127324E-07	+2.70210837E-07	-3.24171183E-07
MERC_POS	-2527447.697	18526611.467	75.848
MERC_COV	+1.27897510E-06	+8.02967186E-06	+2.27473530E-05	-2.21127324E-07	+2.70210837E-07	-3.24171183E-07
VERT_I95	0.010
HORI_I95	0.006
3D___I95	0.011

