SOFT_NAM	Gins
SOFT_VER	24.2
SOFT_TYP	PPP

TIME_SYS	TAI

GEOD_SYS	ITRF2020	2025.697246607
GEOC_POS	-5740490.905	1385866.802	-2401844.625
GEOC_COV	+2.09719925E-05	+8.77335611E-06	+4.94531213E-06	-2.81227821E-06	+8.34495450E-06	-1.55922102E-06
GEOD_POS	-22.267158839	166.427386334	75.834
GEOD_COV	+7.68327246E-16	+1.13230423E-16	+2.51401133E-05	-2.65895511E-17	+4.14414045E-12	-1.88602255E-12
UTM__58S	7536907.554	647069.380	75.834
UTM__COV	+1.38846414E-06	+8.16208328E-06	+2.51401133E-05	-3.03475872E-07	-2.08849120E-07	+4.27131754E-07
MERC_POS	-2527446.775	18526611.901	75.834
MERC_COV	+1.38846414E-06	+8.16208328E-06	+2.51401133E-05	-3.03475872E-07	-2.08849120E-07	+4.27131754E-07
VERT_I95	0.010
HORI_I95	0.006
3D___I95	0.012

GEOD_SYS	ITRF1990	1989.000000000	(RGNC91-93)
GEOC_POS	-5740490.089	1385867.447	-2401846.223
GEOC_COV	+2.09720000E-05	+8.77300000E-06	+4.94500000E-06	-2.81200000E-06	+8.34500000E-06	-1.55900000E-06
GEOD_POS	-22.267174394	166.427378399	75.845
GEOD_COV	+7.68307733E-16	+1.13207420E-16	+2.51399437E-05	-2.65968900E-17	+4.14795954E-12	-1.88536806E-12
UTM__58S	7536905.839	647068.546	75.845
UTM__COV	+1.38818208E-06	+8.16187422E-06	+2.51399437E-05	-3.03559601E-07	-2.08776646E-07	+4.27525337E-07
MERC_POS	-2527448.635	18526611.017	75.845
MERC_COV	+1.38818208E-06	+8.16187422E-06	+2.51399437E-05	-3.03559601E-07	-2.08776646E-07	+4.27525337E-07
VERT_I95	0.010
HORI_I95	0.006
3D___I95	0.012

GEOD_SYS	ITRF2005	2007.274000000	(RGTAAF)
GEOC_POS	-5740490.503	1385867.112	-2401845.415
GEOC_COV	+2.09720000E-05	+8.77300000E-06	+4.94500000E-06	-2.81200000E-06	+8.34500000E-06	-1.55900000E-06
GEOD_POS	-22.267166525	166.427382501	75.839
GEOD_COV	+7.68307645E-16	+1.13207424E-16	+2.51399437E-05	-2.65968764E-17	+4.14794805E-12	-1.88539759E-12
UTM__58S	7536906.706	647068.976	75.839
UTM__COV	+1.38818212E-06	+8.16187418E-06	+2.51399437E-05	-3.03559462E-07	-2.08779915E-07	+4.27524176E-07
MERC_POS	-2527447.694	18526611.474	75.839
MERC_COV	+1.38818212E-06	+8.16187418E-06	+2.51399437E-05	-3.03559462E-07	-2.08779915E-07	+4.27524176E-07
VERT_I95	0.010
HORI_I95	0.006
3D___I95	0.012

