SOFT_NAM	Gins
SOFT_VER	24.2
SOFT_TYP	PPP

TIME_SYS	TAI

GEOD_SYS	ITRF2020	2025.702726059
GEOC_POS	-5740490.904	1385866.803	-2401844.624
GEOC_COV	+2.53544507E-05	+1.01293889E-05	+4.76984141E-06	-4.11380379E-06	+9.00070900E-06	-1.83949202E-06
GEOD_POS	-22.267158832	166.427386323	75.834
GEOD_COV	+8.55767210E-16	+1.17073045E-16	+2.97271232E-05	-3.25068906E-17	-4.91663840E-13	+9.37356350E-12
UTM__58S	7536907.554	647069.378	75.834
UTM__COV	+1.43558348E-06	+9.09097429E-06	+2.97271232E-05	-3.71012543E-07	+1.03798361E-06	-5.06752223E-08
MERC_POS	-2527446.774	18526611.900	75.834
MERC_COV	+1.43558348E-06	+9.09097429E-06	+2.97271232E-05	-3.71012543E-07	+1.03798361E-06	-5.06752223E-08
VERT_I95	0.011
HORI_I95	0.006
3D___I95	0.013

GEOD_SYS	ITRF1990	1989.000000000	(RGNC91-93)
GEOC_POS	-5740490.088	1385867.448	-2401846.223
GEOC_COV	+2.53540000E-05	+1.01290000E-05	+4.77000000E-06	-4.11400000E-06	+9.00100000E-06	-1.83900000E-06
GEOD_POS	-22.267174388	166.427378388	75.845
GEOD_COV	+8.55722033E-16	+1.17070406E-16	+2.97269565E-05	-3.25575005E-17	-4.91321384E-13	+9.37092059E-12
UTM__58S	7536905.840	647068.544	75.845
UTM__COV	+1.43555113E-06	+9.09049239E-06	+2.97269565E-05	-3.71590132E-07	+1.03769095E-06	-5.06399203E-08
MERC_POS	-2527448.635	18526611.016	75.845
MERC_COV	+1.43555113E-06	+9.09049239E-06	+2.97269565E-05	-3.71590132E-07	+1.03769095E-06	-5.06399203E-08
VERT_I95	0.011
HORI_I95	0.006
3D___I95	0.013

GEOD_SYS	ITRF2005	2007.274000000	(RGTAAF)
GEOC_POS	-5740490.503	1385867.113	-2401845.414
GEOC_COV	+2.53540000E-05	+1.01290000E-05	+4.77000000E-06	-4.11400000E-06	+9.00100000E-06	-1.83900000E-06
GEOD_POS	-22.267166520	166.427382489	75.839
GEOD_COV	+8.55721942E-16	+1.17070381E-16	+2.97269568E-05	-3.25574860E-17	-4.91335390E-13	+9.37088529E-12
UTM__58S	7536906.707	647068.975	75.839
UTM__COV	+1.43555082E-06	+9.09049242E-06	+2.97269568E-05	-3.71589987E-07	+1.03768704E-06	-5.06413666E-08
MERC_POS	-2527447.694	18526611.473	75.839
MERC_COV	+1.43555082E-06	+9.09049242E-06	+2.97269568E-05	-3.71589987E-07	+1.03768704E-06	-5.06413666E-08
VERT_I95	0.011
HORI_I95	0.006
3D___I95	0.013

