SOFT_NAM	Gins
SOFT_VER	25.2
SOFT_TYP	IPPP

TIME_SYS	TAI

GEOD_SYS	ITRF2020	2022.787667079
GEOC_POS	-4594703.414	-3297394.571	-2939096.378
GEOC_COV	+4.27310148E-05	+2.43848785E-05	+1.32016014E-05	+2.82510700E-05	+2.01290947E-05	+1.45200150E-05
GEOD_POS	-27.618350998	-144.334840595	-1.248
GEOD_COV	+3.95882141E-16	+2.90696586E-16	+7.28908134E-05	+1.00731926E-17	+3.45351780E-12	+5.78415332E-11
UTM__06S	6942236.521	763017.091	-1.248
UTM__COV	+3.56963433E-06	+3.85704692E-06	+7.28908134E-05	+1.10180196E-07	+6.40961133E-06	+3.40883676E-07
MERC_POS	-3181137.955	-16067280.959	-1.248
MERC_COV	+3.56963433E-06	+3.85704692E-06	+7.28908134E-05	+1.10180196E-07	+6.40961133E-06	+3.40883676E-07
VERT_I95	0.017
HORI_I95	0.005
3D___I95	0.018

GEOD_SYS	ITRF1992	1993.000000000	(RGPF)
GEOC_POS	-4594701.947	-3297395.818	-2939097.267
GEOC_COV	+4.27310000E-05	+2.43850000E-05	+1.32020000E-05	+2.82510000E-05	+2.01290000E-05	+1.45200000E-05
GEOD_POS	-27.618360055	-144.334821666	-1.248
GEOD_COV	+3.95896708E-16	+2.90727362E-16	+7.28907995E-05	+1.00713359E-17	+3.45388335E-12	+5.78404672E-11
UTM__06S	6942235.477	763018.938	-1.248
UTM__COV	+3.57001226E-06	+3.85718821E-06	+7.28907995E-05	+1.10159879E-07	+6.40949321E-06	+3.40919730E-07
MERC_POS	-3181139.087	-16067278.852	-1.248
MERC_COV	+3.57001226E-06	+3.85718821E-06	+7.28907995E-05	+1.10159879E-07	+6.40949321E-06	+3.40919730E-07
VERT_I95	0.017
HORI_I95	0.005
3D___I95	0.018

GEOD_SYS	ITRF2005	2007.274000000	(RGTAAF)
GEOC_POS	-4594702.656	-3297395.227	-2939096.835
GEOC_COV	+4.27310000E-05	+2.43850000E-05	+1.32020000E-05	+2.82510000E-05	+2.01290000E-05	+1.45200000E-05
GEOD_POS	-27.618355626	-144.334830720	-1.244
GEOD_COV	+3.95896687E-16	+2.90727280E-16	+7.28908004E-05	+1.00714132E-17	+3.45398598E-12	+5.78404185E-11
UTM__06S	6942235.987	763018.055	-1.244
UTM__COV	+3.57001125E-06	+3.85718832E-06	+7.28908004E-05	+1.10160729E-07	+6.40948782E-06	+3.40929874E-07
MERC_POS	-3181138.534	-16067279.860	-1.244
MERC_COV	+3.57001125E-06	+3.85718832E-06	+7.28908004E-05	+1.10160729E-07	+6.40948782E-06	+3.40929874E-07
VERT_I95	0.017
HORI_I95	0.005
3D___I95	0.018

