SOFT_NAM	Gins
SOFT_VER	25.2
SOFT_TYP	IPPP

TIME_SYS	TAI

GEOD_SYS	ITRF2020	2022.327393106
GEOC_POS	-5345673.875	-2959299.252	-1823364.086
GEOC_COV	+1.53222312E-05	+5.01189728E-06	+2.47359597E-06	+7.15537133E-06	+4.89227429E-06	+2.30489003E-06
GEOD_POS	-16.721727945	-151.031626192	8.836
GEOD_COV	+1.20159082E-16	+7.06262030E-17	+2.05762535E-05	+1.47363985E-17	-6.07431872E-12	+3.79819396E-13
UTM__05S	8150190.894	709861.501	8.836
UTM__COV	+8.64962992E-07	+1.36650792E-06	+2.05762535E-05	+1.73914169E-07	+4.20332502E-08	-6.47776742E-07
MERC_POS	-1876169.033	-16812763.721	8.836
MERC_COV	+8.64962992E-07	+1.36650792E-06	+2.05762535E-05	+1.73914169E-07	+4.20332502E-08	-6.47776742E-07
VERT_I95	0.009
HORI_I95	0.003
3D___I95	0.010

GEOD_SYS	ITRF1992	1993.000000000	(RGPF)
GEOC_POS	-5345672.696	-2959300.772	-1823365.051
GEOC_COV	+1.53220000E-05	+5.01200000E-06	+2.47400000E-06	+7.15500000E-06	+4.89200000E-06	+2.30500000E-06
GEOD_POS	-16.721737062	-151.031608361	8.831
GEOD_COV	+1.20188941E-16	+7.06617073E-17	+2.05757548E-05	+1.47164486E-17	-6.07425473E-12	+3.79085370E-13
UTM__05S	8150189.866	709863.393	8.831
UTM__COV	+8.65397816E-07	+1.36684736E-06	+2.05757548E-05	+1.73678719E-07	+4.19520182E-08	-6.47769887E-07
MERC_POS	-1876170.086	-16812761.736	8.831
MERC_COV	+8.65397816E-07	+1.36684736E-06	+2.05757548E-05	+1.73678719E-07	+4.19520182E-08	-6.47769887E-07
VERT_I95	0.009
HORI_I95	0.003
3D___I95	0.010

