SOFT_NAM	Gins
SOFT_VER	25.2
SOFT_TYP	IPPP

TIME_SYS	TAI

GEOD_SYS	ITRF2020	2022.330132832
GEOC_POS	-5345673.869	-2959299.242	-1823364.079
GEOC_COV	+1.26918642E-05	+4.25282466E-06	+2.05329976E-06	+6.00468860E-06	+4.02426225E-06	+1.86727370E-06
GEOD_POS	-16.721727911	-151.031626246	8.825
GEOD_COV	+1.00562131E-16	+6.14553713E-17	+1.71016996E-05	+1.61293790E-17	-4.33784598E-12	+8.65766558E-13
UTM__05S	8150190.898	709861.496	8.825
UTM__COV	+7.52647309E-07	+1.14364179E-06	+1.71016996E-05	+1.90353670E-07	+9.58112794E-08	-4.62596031E-07
MERC_POS	-1876169.029	-16812763.727	8.825
MERC_COV	+7.52647309E-07	+1.14364179E-06	+1.71016996E-05	+1.90353670E-07	+9.58112794E-08	-4.62596031E-07
VERT_I95	0.008
HORI_I95	0.003
3D___I95	0.009

GEOD_SYS	ITRF1992	1993.000000000	(RGPF)
GEOC_POS	-5345672.690	-2959300.763	-1823365.044
GEOC_COV	+1.26920000E-05	+4.25300000E-06	+2.05300000E-06	+6.00500000E-06	+4.02400000E-06	+1.86700000E-06
GEOD_POS	-16.721737029	-151.031608414	8.820
GEOD_COV	+1.00553559E-16	+6.14519804E-17	+1.71018500E-05	+1.61429378E-17	-4.33655932E-12	+8.70284335E-13
UTM__05S	8150189.870	709863.387	8.820
UTM__COV	+7.52605781E-07	+1.14354419E-06	+1.71018500E-05	+1.90513677E-07	+9.63112456E-08	-4.62458797E-07
MERC_POS	-1876170.083	-16812761.742	8.820
MERC_COV	+7.52605781E-07	+1.14354419E-06	+1.71018500E-05	+1.90513677E-07	+9.63112456E-08	-4.62458797E-07
VERT_I95	0.008
HORI_I95	0.003
3D___I95	0.009

