SOFT_NAM	Gins
SOFT_VER	25.2
SOFT_TYP	IPPP

TIME_SYS	TAI

GEOD_SYS	ITRF2020	2023.121913654
GEOC_POS	-5737470.719	1346641.658	-2430960.784
GEOC_COV	+1.71323456E-05	+1.57898116E-06	+5.59218527E-06	-3.06984086E-06	+8.52901302E-06	-1.61543052E-06
GEOD_POS	-22.551621986	166.791196911	61.138
GEOD_COV	+9.69053571E-17	+1.00104067E-16	+2.20506700E-05	-6.57376570E-18	+7.78335595E-12	-1.65956875E-11
UTM__58S	7505009.750	684186.608	61.138
UTM__COV	+1.22758564E-06	+1.02525640E-06	+2.20506700E-05	-7.48784095E-08	-1.83778747E-06	+8.00588308E-07
MERC_POS	-2561503.607	18567111.109	61.138
MERC_COV	+1.22758564E-06	+1.02525640E-06	+2.20506700E-05	-7.48784095E-08	-1.83778747E-06	+8.00588308E-07
VERT_I95	0.009
HORI_I95	0.003
3D___I95	0.010

GEOD_SYS	ITRF1990	1989.000000000	(RGNC91-93)
GEOC_POS	-5737469.962	1346642.251	-2430962.263
GEOC_COV	+1.71320000E-05	+1.57900000E-06	+5.59200000E-06	-3.07000000E-06	+8.52900000E-06	-1.61500000E-06
GEOD_POS	-22.551636398	166.791189614	61.149
GEOD_COV	+9.68986840E-17	+1.00094452E-16	+2.20503467E-05	-6.61503638E-18	+7.78292423E-12	-1.65951581E-11
UTM__58S	7505008.163	684185.838	61.149
UTM__COV	+1.22746774E-06	+1.02518559E-06	+2.20503467E-05	-7.53484954E-08	-1.83772886E-06	+8.00543820E-07
MERC_POS	-2561505.335	18567110.297	61.149
MERC_COV	+1.22746774E-06	+1.02518559E-06	+2.20503467E-05	-7.53484954E-08	-1.83772886E-06	+8.00543820E-07
VERT_I95	0.009
HORI_I95	0.003
3D___I95	0.010

GEOD_SYS	ITRF2005	2007.274000000	(RGTAAF)
GEOC_POS	-5737470.375	1346641.921	-2430961.459
GEOC_COV	+1.71320000E-05	+1.57900000E-06	+5.59200000E-06	-3.07000000E-06	+8.52900000E-06	-1.61500000E-06
GEOD_POS	-22.551628567	166.791193660	61.143
GEOD_COV	+9.68986637E-17	+1.00094493E-16	+2.20503463E-05	-6.61503559E-18	+7.78291085E-12	-1.65951836E-11
UTM__58S	7505009.025	684186.265	61.143
UTM__COV	+1.22746824E-06	+1.02518549E-06	+2.20503463E-05	-7.53484904E-08	-1.83773168E-06	+8.00542489E-07
MERC_POS	-2561504.396	18567110.747	61.143
MERC_COV	+1.22746824E-06	+1.02518549E-06	+2.20503463E-05	-7.53484904E-08	-1.83773168E-06	+8.00542489E-07
VERT_I95	0.009
HORI_I95	0.003
3D___I95	0.010

