SOFT_NAM	Gins
SOFT_VER	25.2
SOFT_TYP	IPPP

TIME_SYS	TAI

GEOD_SYS	ITRF2020	2023.760269819
GEOC_POS	-5217093.761	-3115086.974	-1932287.789
GEOC_COV	+5.97692292E-06	+2.75985390E-06	+1.26466886E-06	+3.49223233E-06	+2.22078602E-06	+1.43875809E-06
GEOD_POS	-17.752228794	-149.158896112	8.007
GEOD_COV	+4.72163773E-17	+3.05479561E-17	+9.09620254E-06	-1.60601229E-18	+2.43843280E-12	-1.23884471E-12
UTM__06S	8035911.190	271092.149	8.007
UTM__COV	+3.74198940E-07	+5.31044194E-07	+9.09620254E-06	-1.88507252E-08	-1.37112506E-07	+2.58600758E-07
MERC_POS	-1995546.347	-16604292.363	8.007
MERC_COV	+3.74198940E-07	+5.31044194E-07	+9.09620254E-06	-1.88507252E-08	-1.37112506E-07	+2.58600758E-07
VERT_I95	0.006
HORI_I95	0.002
3D___I95	0.006

GEOD_SYS	ITRF1992	1993.000000000	(RGPF)
GEOC_POS	-5217092.458	-3115088.522	-1932288.791
GEOC_COV	+5.97700000E-06	+2.76000000E-06	+1.26500000E-06	+3.49200000E-06	+2.22100000E-06	+1.43900000E-06
GEOD_POS	-17.752238304	-149.158877280	8.003
GEOD_COV	+4.72459307E-17	+3.05570522E-17	+9.09631311E-06	-1.61602905E-18	+2.43797267E-12	-1.24225060E-12
UTM__06S	8035910.160	271094.159	8.003
UTM__COV	+3.74310364E-07	+5.31376525E-07	+9.09631311E-06	-1.89682969E-08	-1.37489462E-07	+2.58551946E-07
MERC_POS	-1995547.452	-16604290.266	8.003
MERC_COV	+3.74310364E-07	+5.31376525E-07	+9.09631311E-06	-1.89682969E-08	-1.37489462E-07	+2.58551946E-07
VERT_I95	0.006
HORI_I95	0.002
3D___I95	0.006

