SOFT_NAM	Gins
SOFT_VER	25.2
SOFT_TYP	IPPP

TIME_SYS	TAI

GEOD_SYS	ITRF2020	2023.763009545
GEOC_POS	-5217093.747	-3115086.962	-1932287.787
GEOC_COV	+5.87072201E-06	+2.82420234E-06	+1.27131017E-06	+3.56493577E-06	+2.15544343E-06	+1.43013535E-06
GEOD_POS	-17.752228818	-149.158896142	7.990
GEOD_COV	+4.32617149E-17	+3.39291259E-17	+9.06405179E-06	-8.77434466E-19	+3.49732149E-12	-8.04212769E-13
UTM__06S	8035911.187	271092.146	7.990
UTM__COV	+4.15616772E-07	+4.86565969E-07	+9.06405179E-06	-1.02989722E-08	-8.90084342E-08	+3.70898056E-07
MERC_POS	-1995546.350	-16604292.366	7.990
MERC_COV	+4.15616772E-07	+4.86565969E-07	+9.06405179E-06	-1.02989722E-08	-8.90084342E-08	+3.70898056E-07
VERT_I95	0.006
HORI_I95	0.002
3D___I95	0.006

GEOD_SYS	ITRF1992	1993.000000000	(RGPF)
GEOC_POS	-5217092.444	-3115088.511	-1932288.788
GEOC_COV	+5.87100000E-06	+2.82400000E-06	+1.27100000E-06	+3.56500000E-06	+2.15500000E-06	+1.43000000E-06
GEOD_POS	-17.752238328	-149.158877308	7.986
GEOD_COV	+4.32499052E-17	+3.39290772E-17	+9.06395073E-06	-8.91142724E-19	+3.49599088E-12	-7.99528486E-13
UTM__06S	8035910.157	271094.156	7.986
UTM__COV	+4.15616175E-07	+4.86433093E-07	+9.06395073E-06	-1.04598737E-08	-8.84899884E-08	+3.70756922E-07
MERC_POS	-1995547.455	-16604290.269	7.986
MERC_COV	+4.15616175E-07	+4.86433093E-07	+9.06395073E-06	-1.04598737E-08	-8.84899884E-08	+3.70756922E-07
VERT_I95	0.006
HORI_I95	0.002
3D___I95	0.006

