SOFT_NAM	Gins
SOFT_VER	25.2
SOFT_TYP	IPPP

TIME_SYS	TAI

GEOD_SYS	ITRF2020	2023.757530093
GEOC_POS	-5217093.751	-3115086.961	-1932287.792
GEOC_COV	+4.99419145E-06	+2.50819056E-06	+1.11688099E-06	+3.04025426E-06	+1.86644284E-06	+1.23823543E-06
GEOD_POS	-17.752228858	-149.158896167	7.994
GEOD_COV	+4.31342182E-17	+2.98831941E-17	+7.76807509E-06	+4.13576771E-19	+3.43011239E-12	-9.75415150E-13
UTM__06S	8035911.183	271092.144	7.994
UTM__COV	+3.66055899E-07	+4.85132010E-07	+7.76807509E-06	+4.85439750E-09	-1.07956723E-07	+3.63770394E-07
MERC_POS	-1995546.354	-16604292.369	7.994
MERC_COV	+3.66055899E-07	+4.85132010E-07	+7.76807509E-06	+4.85439750E-09	-1.07956723E-07	+3.63770394E-07
VERT_I95	0.006
HORI_I95	0.002
3D___I95	0.006

GEOD_SYS	ITRF1992	1993.000000000	(RGPF)
GEOC_POS	-5217092.448	-3115088.509	-1932288.793
GEOC_COV	+4.99400000E-06	+2.50800000E-06	+1.11700000E-06	+3.04000000E-06	+1.86600000E-06	+1.23800000E-06
GEOD_POS	-17.752238366	-149.158877337	7.989
GEOD_COV	+4.31371402E-17	+2.99126021E-17	+7.76741904E-06	+4.08444032E-19	+3.42908313E-12	-9.73120527E-13
UTM__06S	8035910.153	271094.153	7.989
UTM__COV	+3.66416134E-07	+4.85164822E-07	+7.76741904E-06	+4.79415122E-09	-1.07702759E-07	+3.63661219E-07
MERC_POS	-1995547.459	-16604290.273	7.989
MERC_COV	+3.66416134E-07	+4.85164822E-07	+7.76741904E-06	+4.79415122E-09	-1.07702759E-07	+3.63661219E-07
VERT_I95	0.006
HORI_I95	0.002
3D___I95	0.006

