SOFT_NAM	Gins
SOFT_VER	25.2
SOFT_TYP	IPPP

TIME_SYS	TAI

GEOD_SYS	ITRF2020	2023.754790367
GEOC_POS	-5217093.764	-3115086.978	-1932287.817
GEOC_COV	+6.04928190E-05	+2.21643180E-05	+1.76226005E-05	+3.02091862E-05	+2.90932211E-05	+1.47267931E-05
GEOD_POS	-17.752229015	-149.158896097	8.020
GEOD_COV	+5.01797037E-16	+3.47121726E-16	+9.03839217E-05	+1.18233928E-16	-2.93451379E-11	-8.34389774E-11
UTM__06S	8035911.165	271092.151	8.020
UTM__COV	+4.25208751E-06	+5.64372827E-06	+9.03839217E-05	+1.38778222E-06	-9.23483567E-06	-3.11211156E-06
MERC_POS	-1995546.373	-16604292.361	8.020
MERC_COV	+4.25208751E-06	+5.64372827E-06	+9.03839217E-05	+1.38778222E-06	-9.23483567E-06	-3.11211156E-06
VERT_I95	0.019
HORI_I95	0.006
3D___I95	0.020

GEOD_SYS	ITRF1992	1993.000000000	(RGPF)
GEOC_POS	-5217092.461	-3115088.525	-1932288.818
GEOC_COV	+6.04930000E-05	+2.21640000E-05	+1.76230000E-05	+3.02090000E-05	+2.90930000E-05	+1.47270000E-05
GEOD_POS	-17.752238523	-149.158877269	8.016
GEOD_COV	+5.01795200E-16	+3.47154189E-16	+9.03838078E-05	+1.18202533E-16	-2.93473120E-11	-8.34395785E-11
UTM__06S	8035910.136	271094.160	8.016
UTM__COV	+4.25248517E-06	+5.64370701E-06	+9.03838078E-05	+1.38741364E-06	-9.23490220E-06	-3.11234196E-06
MERC_POS	-1995547.477	-16604290.265	8.016
MERC_COV	+4.25248517E-06	+5.64370701E-06	+9.03838078E-05	+1.38741364E-06	-9.23490220E-06	-3.11234196E-06
VERT_I95	0.019
HORI_I95	0.006
3D___I95	0.020

