SOFT_NAM	Gins
SOFT_VER	21.2
SOFT_TYP	PPP

TIME_SYS	TAI

GEOD_SYS	ITRF2014	2022.316424689
GEOC_POS	-5342673.079	-2961942.599	-1827832.071
GEOC_COV	+1.99363225E-05	+1.11903640E-05	+2.98200784E-06	+8.26162891E-06	+6.49717961E-06	+3.80669208E-06
GEOD_POS	-16.763888224	-150.996303994	8.976
GEOD_COV	+5.48905150E-16	+5.27656681E-17	+2.72227926E-05	+1.80835514E-18	+6.48604242E-12	-2.04250062E-12
UTM__05S	8145487.048	713581.687	8.976
UTM__COV	+6.46229340E-07	+6.23967234E-06	+2.72227926E-05	+2.13370109E-08	-2.26037144E-07	+6.91531590E-07
MERC_POS	-1881039.957	-16808831.672	8.976
MERC_COV	+6.46229340E-07	+6.23967234E-06	+2.72227926E-05	+2.13370109E-08	-2.26037144E-07	+6.91531590E-07
VERT_I95	0.010
HORI_I95	0.005
3D___I95	0.012

GEOD_SYS	ITRF1992	1993.000000000	(RGPF)
GEOC_POS	-5342671.887	-2961944.131	-1827833.054
GEOC_COV	+1.99360000E-05	+1.11900000E-05	+2.98200000E-06	+8.26200000E-06	+6.49700000E-06	+3.80700000E-06
GEOD_POS	-16.763897517	-150.996286008	8.973
GEOD_COV	+5.48846317E-16	+5.27653076E-17	+2.72227721E-05	+1.78386731E-18	+6.48855532E-12	-2.04242648E-12
UTM__05S	8145486.000	713583.594	8.973
UTM__COV	+6.46224925E-07	+6.23900294E-06	+2.72227721E-05	+2.10480749E-08	-2.26028940E-07	+6.91799478E-07
MERC_POS	-1881041.031	-16808829.670	8.973
MERC_COV	+6.46224925E-07	+6.23900294E-06	+2.72227721E-05	+2.10480749E-08	-2.26028940E-07	+6.91799478E-07
VERT_I95	0.010
HORI_I95	0.005
3D___I95	0.012

