SOFT_NAM	Gins
SOFT_VER	21.2
SOFT_TYP	PPP

TIME_SYS	TAI

GEOD_SYS	ITRF2014	2022.319164415
GEOC_POS	-5342673.089	-2961942.610	-1827832.074
GEOC_COV	+2.32790629E-05	+1.24114163E-05	+3.39012363E-06	+8.88221575E-06	+7.37415862E-06	+4.07674117E-06
GEOD_POS	-16.763888214	-150.996303958	8.991
GEOD_COV	+6.53899398E-16	+6.57135515E-17	+3.08426056E-05	+3.19239507E-18	+8.47373461E-13	-1.41424685E-12
UTM__05S	8145487.049	713581.691	8.991
UTM__COV	+8.04804084E-07	+7.43319316E-06	+3.08426056E-05	+3.76674732E-08	-1.56510268E-07	+9.03456192E-08
MERC_POS	-1881039.956	-16808831.668	8.991
MERC_COV	+8.04804084E-07	+7.43319316E-06	+3.08426056E-05	+3.76674732E-08	-1.56510268E-07	+9.03456192E-08
VERT_I95	0.011
HORI_I95	0.006
3D___I95	0.013

GEOD_SYS	ITRF1992	1993.000000000	(RGPF)
GEOC_POS	-5342671.897	-2961944.142	-1827833.057
GEOC_COV	+2.32790000E-05	+1.24110000E-05	+3.39000000E-06	+8.88200000E-06	+7.37400000E-06	+4.07700000E-06
GEOD_POS	-16.763897507	-150.996285969	8.987
GEOD_COV	+6.53886240E-16	+6.57026549E-17	+3.08422865E-05	+3.16138183E-18	+8.45755416E-13	-1.41461535E-12
UTM__05S	8145486.001	713583.599	8.987
UTM__COV	+8.04670632E-07	+7.43304285E-06	+3.08422865E-05	+3.73015422E-08	-1.56551049E-07	+9.01731013E-08
MERC_POS	-1881041.030	-16808829.666	8.987
MERC_COV	+8.04670632E-07	+7.43304285E-06	+3.08422865E-05	+3.73015422E-08	-1.56551049E-07	+9.01731013E-08
VERT_I95	0.011
HORI_I95	0.006
3D___I95	0.013

