SOFT_NAM	Gins
SOFT_VER	21.2
SOFT_TYP	PPP

TIME_SYS	TAI

GEOD_SYS	ITRF2014	2022.313684963
GEOC_POS	-5342673.067	-2961942.583	-1827832.067
GEOC_COV	+8.90257525E-05	+1.11482981E-04	+2.99317839E-05	+3.56681443E-05	+3.70857346E-05	+2.88443750E-05
GEOD_POS	-16.763888242	-150.996304074	8.957
GEOD_COV	+6.68156959E-15	+9.93190717E-16	+1.42324099E-04	+1.06775138E-16	+2.74834687E-10	-1.13533995E-10
UTM__05S	8145487.046	713581.678	8.957
UTM__COV	+1.21637610E-05	+7.59526572E-05	+1.42324099E-04	+1.25985334E-06	-1.25644515E-05	+2.93024398E-05
MERC_POS	-1881039.960	-16808831.681	8.957
MERC_COV	+1.21637610E-05	+7.59526572E-05	+1.42324099E-04	+1.25985334E-06	-1.25644515E-05	+2.93024398E-05
VERT_I95	0.024
HORI_I95	0.019
3D___I95	0.030

GEOD_SYS	ITRF1992	1993.000000000	(RGPF)
GEOC_POS	-5342671.875	-2961944.115	-1827833.051
GEOC_COV	+8.90260000E-05	+1.11483000E-04	+2.99320000E-05	+3.56680000E-05	+3.70860000E-05	+2.88440000E-05
GEOD_POS	-16.763897534	-150.996286089	8.954
GEOD_COV	+6.68158583E-15	+9.93204792E-16	+1.42324232E-04	+1.06809175E-16	+2.74831730E-10	-1.13534517E-10
UTM__05S	8145485.998	713583.586	8.954
UTM__COV	+1.21639334E-05	+7.59528344E-05	+1.42324232E-04	+1.26025489E-06	-1.25645093E-05	+2.93021231E-05
MERC_POS	-1881041.033	-16808829.679	8.954
MERC_COV	+1.21639334E-05	+7.59528344E-05	+1.42324232E-04	+1.26025489E-06	-1.25645093E-05	+2.93021231E-05
VERT_I95	0.024
HORI_I95	0.019
3D___I95	0.030

