SOFT_NAM	Gins
SOFT_VER	25.2
SOFT_TYP	IPPP

TIME_SYS	TAI

GEOD_SYS	ITRF2020	2023.239721873
GEOC_POS	-5769192.318	1519998.143	-2247985.011
GEOC_COV	+6.10397138E-06	+8.09000390E-07	+1.05243092E-06	-1.36888220E-06	+2.00720145E-06	-5.20894037E-07
GEOD_POS	-20.773460375	165.239816069	65.586
GEOD_COV	+4.41042276E-17	+2.88928271E-17	+7.13303627E-06	+2.86388194E-18	+1.04375931E-12	+2.10366306E-12
UTM__58S	7702905.263	524961.267	65.586
UTM__COV	+3.54164364E-07	+4.78202056E-07	+7.13303627E-06	+3.30162794E-08	+2.32907563E-07	+1.08684090E-07
MERC_POS	-2349738.563	18394412.184	65.586
MERC_COV	+3.54164364E-07	+4.78202056E-07	+7.13303627E-06	+3.30162794E-08	+2.32907563E-07	+1.08684090E-07
VERT_I95	0.005
HORI_I95	0.002
3D___I95	0.006

GEOD_SYS	ITRF1990	1989.000000000	(RGNC91-93)
GEOC_POS	-5769191.558	1519998.790	-2247986.543
GEOC_COV	+6.10400000E-06	+8.09000000E-07	+1.05200000E-06	-1.36900000E-06	+2.00700000E-06	-5.21000000E-07
GEOD_POS	-20.773475136	165.239808200	65.597
GEOD_COV	+4.40990233E-17	+2.88720533E-17	+7.13294474E-06	+2.87342578E-18	+1.04238757E-12	+2.10635773E-12
UTM__58S	7702903.630	524960.446	65.597
UTM__COV	+3.53909724E-07	+4.78145537E-07	+7.13294474E-06	+3.31263025E-08	+2.33205905E-07	+1.08541243E-07
MERC_POS	-2349740.310	18394411.308	65.597
MERC_COV	+3.53909724E-07	+4.78145537E-07	+7.13294474E-06	+3.31263025E-08	+2.33205905E-07	+1.08541243E-07
VERT_I95	0.005
HORI_I95	0.002
3D___I95	0.006

