SOFT_NAM	Gins
SOFT_VER	25.2
SOFT_TYP	IPPP

TIME_SYS	TAI

GEOD_SYS	ITRF2020	2023.236982147
GEOC_POS	-5769192.283	1519998.098	-2247984.991
GEOC_COV	+2.17095595E-05	+3.23443547E-06	+3.50402780E-06	-5.95208802E-06	+7.01935366E-06	-1.91274538E-06
GEOD_POS	-20.773460349	165.239816397	65.537
GEOD_COV	+1.38423279E-16	+9.68515811E-17	+2.57599687E-05	-1.43425735E-17	-5.84538077E-12	+1.05442319E-11
UTM__58S	7702905.265	524961.301	65.537
UTM__COV	+1.18719355E-06	+1.50086056E-06	+2.57599687E-05	-1.65348438E-07	+1.16740717E-06	-6.08665117E-07
MERC_POS	-2349738.559	18394412.220	65.537
MERC_COV	+1.18719355E-06	+1.50086056E-06	+2.57599687E-05	-1.65348438E-07	+1.16740717E-06	-6.08665117E-07
VERT_I95	0.010
HORI_I95	0.003
3D___I95	0.011

GEOD_SYS	ITRF1990	1989.000000000	(RGNC91-93)
GEOC_POS	-5769191.523	1519998.746	-2247986.523
GEOC_COV	+2.17100000E-05	+3.23400000E-06	+3.50400000E-06	-5.95200000E-06	+7.01900000E-06	-1.91300000E-06
GEOD_POS	-20.773475109	165.239808528	65.548
GEOD_COV	+1.38392370E-16	+9.68681335E-17	+2.57600784E-05	-1.43063045E-17	-5.84387046E-12	+1.05472651E-11
UTM__58S	7702903.633	524960.480	65.548
UTM__COV	+1.18739646E-06	+1.50052514E-06	+2.57600784E-05	-1.64930296E-07	+1.16774300E-06	-6.08507794E-07
MERC_POS	-2349740.306	18394411.344	65.548
MERC_COV	+1.18739646E-06	+1.50052514E-06	+2.57600784E-05	-1.64930296E-07	+1.16774300E-06	-6.08507794E-07
VERT_I95	0.010
HORI_I95	0.003
3D___I95	0.011

