SOFT_NAM	Gins
SOFT_VER	25.2
SOFT_TYP	IPPP

TIME_SYS	TAI

GEOD_SYS	ITRF2020	2023.234242421
GEOC_POS	-5769192.301	1519998.138	-2247985.006
GEOC_COV	+1.28592186E-05	+1.79408437E-06	+2.26740954E-06	-3.23446789E-06	+4.34617920E-06	-1.18646042E-06
GEOD_POS	-20.773460389	165.239816073	65.568
GEOD_COV	+8.47208995E-17	+5.89036193E-17	+1.52800898E-05	+5.22850118E-19	-9.30902900E-13	+3.89395539E-12
UTM__58S	7702905.261	524961.268	65.568
UTM__COV	+7.22032588E-07	+9.18590128E-07	+1.52800898E-05	+6.02768055E-09	+4.31120209E-07	-9.69326289E-08
MERC_POS	-2349738.564	18394412.184	65.568
MERC_COV	+7.22032588E-07	+9.18590128E-07	+1.52800898E-05	+6.02768055E-09	+4.31120209E-07	-9.69326289E-08
VERT_I95	0.008
HORI_I95	0.003
3D___I95	0.008

GEOD_SYS	ITRF1990	1989.000000000	(RGNC91-93)
GEOC_POS	-5769191.542	1519998.785	-2247986.538
GEOC_COV	+1.28590000E-05	+1.79400000E-06	+2.26700000E-06	-3.23400000E-06	+4.34600000E-06	-1.18600000E-06
GEOD_POS	-20.773475147	165.239808205	65.579
GEOD_COV	+8.47335913E-17	+5.88856326E-17	+1.52794603E-05	+5.01954683E-19	-9.26165163E-13	+3.89586103E-12
UTM__58S	7702903.629	524960.446	65.579
UTM__COV	+7.21812115E-07	+9.18727564E-07	+1.52794603E-05	+5.78678688E-09	+4.31331194E-07	-9.64392908E-08
MERC_POS	-2349740.311	18394411.308	65.579
MERC_COV	+7.21812115E-07	+9.18727564E-07	+1.52794603E-05	+5.78678688E-09	+4.31331194E-07	-9.64392908E-08
VERT_I95	0.008
HORI_I95	0.003
3D___I95	0.008

