SOFT_NAM	Gins
SOFT_VER	22.1
SOFT_TYP	PPP

TIME_SYS	TAI

GEOD_SYS	ITRF2020	2023.127383593
GEOC_POS	-5741239.732	1387195.167	-2399269.683
GEOC_COV	+1.30996420E-05	+2.52386678E-06	+2.57991754E-06	-2.31238607E-06	+5.32172327E-06	-1.14914867E-06
GEOD_POS	-22.242081707	166.416565034	62.950
GEOD_COV	+1.93040398E-16	+2.78127756E-17	+1.58109553E-05	+1.06760619E-18	+3.69395615E-12	-2.88377481E-13
UTM__58S	7539694.425	645980.255	62.950
UTM__COV	+3.41044796E-07	+2.05142626E-06	+1.58109553E-05	+1.21870469E-08	-3.19333802E-08	+3.80798815E-07
MERC_POS	-2524447.833	18525407.279	62.950
MERC_COV	+3.41044796E-07	+2.05142626E-06	+1.58109553E-05	+1.21870469E-08	-3.19333802E-08	+3.80798815E-07
VERT_I95	0.008
HORI_I95	0.003
3D___I95	0.009

GEOD_SYS	ITRF1990	1989.000000000	(RGNC91-93)
GEOC_POS	-5741238.971	1387195.753	-2399271.184
GEOC_COV	+1.31000000E-05	+2.52400000E-06	+2.58000000E-06	-2.31200000E-06	+5.32200000E-06	-1.14900000E-06
GEOD_POS	-22.242096312	166.416557783	62.961
GEOD_COV	+1.93070736E-16	+2.78071380E-17	+1.58112761E-05	+1.06371133E-18	+3.69828618E-12	-2.89575191E-13
UTM__58S	7539692.815	645979.493	62.961
UTM__COV	+3.40975669E-07	+2.05174824E-06	+1.58112761E-05	+1.21425847E-08	-3.20660083E-08	+3.81245146E-07
MERC_POS	-2524449.579	18525406.472	62.961
MERC_COV	+3.40975669E-07	+2.05174824E-06	+1.58112761E-05	+1.21425847E-08	-3.20660083E-08	+3.81245146E-07
VERT_I95	0.008
HORI_I95	0.003
3D___I95	0.009

GEOD_SYS	ITRF2005	2007.274000000	(RGTAAF)
GEOC_POS	-5741239.386	1387195.426	-2399270.369
GEOC_COV	+1.31000000E-05	+2.52400000E-06	+2.58000000E-06	-2.31200000E-06	+5.32200000E-06	-1.14900000E-06
GEOD_POS	-22.242088379	166.416561804	62.955
GEOD_COV	+1.93070710E-16	+2.78071389E-17	+1.58112761E-05	+1.06371081E-18	+3.69827733E-12	-2.89594436E-13
UTM__58S	7539693.690	645979.916	62.955
UTM__COV	+3.40975679E-07	+2.05174819E-06	+1.58112761E-05	+1.21425794E-08	-3.20681393E-08	+3.81244255E-07
MERC_POS	-2524448.631	18525406.920	62.955
MERC_COV	+3.40975679E-07	+2.05174819E-06	+1.58112761E-05	+1.21425794E-08	-3.20681393E-08	+3.81244255E-07
VERT_I95	0.008
HORI_I95	0.003
3D___I95	0.009

