SOFT_NAM	Gins
SOFT_VER	22.1
SOFT_TYP	PPP

TIME_SYS	TAI

GEOD_SYS	ITRF2020	2023.124643867
GEOC_POS	-5741239.720	1387195.161	-2399269.677
GEOC_COV	+1.06751018E-05	+1.96678312E-06	+2.08192240E-06	-1.74746035E-06	+4.35530035E-06	-8.41423055E-07
GEOD_POS	-22.242081703	166.416565065	62.936
GEOD_COV	+1.55197262E-16	+2.06901248E-17	+1.28208317E-05	-2.25268484E-18	+4.64374057E-12	-3.56023873E-13
UTM__58S	7539694.426	645980.259	62.936
UTM__COV	+2.53705687E-07	+1.64927000E-06	+1.28208317E-05	-2.57150773E-08	-3.94241798E-08	+4.78709230E-07
MERC_POS	-2524447.833	18525407.283	62.936
MERC_COV	+2.53705687E-07	+1.64927000E-06	+1.28208317E-05	-2.57150773E-08	-3.94241798E-08	+4.78709230E-07
VERT_I95	0.007
HORI_I95	0.003
3D___I95	0.008

GEOD_SYS	ITRF1990	1989.000000000	(RGNC91-93)
GEOC_POS	-5741238.960	1387195.747	-2399271.179
GEOC_COV	+1.06750000E-05	+1.96700000E-06	+2.08200000E-06	-1.74700000E-06	+4.35500000E-06	-8.41000000E-07
GEOD_POS	-22.242096307	166.416557814	62.947
GEOD_COV	+1.55235836E-16	+2.07144657E-17	+1.28203163E-05	-2.26913606E-18	+4.64802882E-12	-3.54651101E-13
UTM__58S	7539692.816	645979.496	62.947
UTM__COV	+2.54004161E-07	+1.64967958E-06	+1.28203163E-05	-2.59028704E-08	-3.92721665E-08	+4.79151244E-07
MERC_POS	-2524449.579	18525406.475	62.947
MERC_COV	+2.54004161E-07	+1.64967958E-06	+1.28203163E-05	-2.59028704E-08	-3.92721665E-08	+4.79151244E-07
VERT_I95	0.007
HORI_I95	0.003
3D___I95	0.008

GEOD_SYS	ITRF2005	2007.274000000	(RGTAAF)
GEOC_POS	-5741239.375	1387195.420	-2399270.363
GEOC_COV	+1.06750000E-05	+1.96700000E-06	+2.08200000E-06	-1.74700000E-06	+4.35500000E-06	-8.41000000E-07
GEOD_POS	-22.242088374	166.416561836	62.941
GEOD_COV	+1.55235813E-16	+2.07144666E-17	+1.28203163E-05	-2.26913828E-18	+4.64802150E-12	-3.54666714E-13
UTM__58S	7539693.690	645979.919	62.941
UTM__COV	+2.54004171E-07	+1.64967952E-06	+1.28203163E-05	-2.59028971E-08	-3.92738953E-08	+4.79150516E-07
MERC_POS	-2524448.630	18525406.923	62.941
MERC_COV	+2.54004171E-07	+1.64967952E-06	+1.28203163E-05	-2.59028971E-08	-3.92738953E-08	+4.79150516E-07
VERT_I95	0.007
HORI_I95	0.003
3D___I95	0.008

