SOFT_NAM	Gins
SOFT_VER	25.2
SOFT_TYP	IPPP

TIME_SYS	TAI

GEOD_SYS	ITRF2020	2021.858899956
GEOC_POS	-1940883.018	1628467.906	-5833722.250
GEOC_COV	+2.41546908E-07	+1.92725244E-07	+1.83138632E-06	-1.24871874E-07	+4.05369796E-07	-3.33101309E-07
GEOD_POS	-66.665185492	140.002188319	-1.642
GEOD_COV	+4.59885044E-17	+1.57631670E-17	+1.97970478E-06	+5.07192759E-21	+1.32656668E-13	-1.62153252E-12
UTM__54S	2605590.655	455896.940	-1.642
UTM__COV	+1.96031482E-07	+8.99222102E-08	+1.97970478E-06	+2.50105396E-11	-1.80828482E-07	+5.86594421E-09
MERC_POS	-10022040.737	15584972.314	-1.642
MERC_COV	+1.96031482E-07	+8.99222102E-08	+1.97970478E-06	+2.50105396E-11	-1.80828482E-07	+5.86594421E-09
VERT_I95	0.003
HORI_I95	0.001
3D___I95	0.003

GEOD_SYS	ITRF2005	2007.274000000	(RGTAAF)
GEOC_POS	-1940883.069	1628468.112	-5833722.181
GEOC_COV	+2.42000000E-07	+1.93000000E-07	+1.83100000E-06	-1.25000000E-07	+4.05000000E-07	-3.33000000E-07
GEOD_POS	-66.665183837	140.002185499	-1.638
GEOD_COV	+4.61021655E-17	+1.58129495E-17	+1.97920495E-06	+3.01371786E-20	+1.29920468E-13	-1.62076795E-12
UTM__54S	2605590.838	455896.812	-1.638
UTM__COV	+1.96650580E-07	+9.01444661E-08	+1.97920495E-06	+1.48611576E-10	-1.80743220E-07	+5.74495259E-09
MERC_POS	-10022040.273	15584972.000	-1.638
MERC_COV	+1.96650580E-07	+9.01444661E-08	+1.97920495E-06	+1.48611576E-10	-1.80743220E-07	+5.74495259E-09
VERT_I95	0.003
HORI_I95	0.001
3D___I95	0.003

