SOFT_NAM	Gins
SOFT_VER	25.2
SOFT_TYP	IPPP

TIME_SYS	TAI

GEOD_SYS	ITRF2020	2021.861639682
GEOC_POS	-1940883.018	1628467.908	-5833722.251
GEOC_COV	+2.10765776E-07	+1.75417717E-07	+1.61128951E-06	-1.12444109E-07	+3.49877198E-07	-2.95769094E-07
GEOD_POS	-66.665185488	140.002188297	-1.641
GEOD_COV	+4.05493957E-17	+1.43372943E-17	+1.73988672E-06	-2.60412156E-19	-5.42260014E-14	-1.43509446E-12
UTM__54S	2605590.655	455896.939	-1.641
UTM__COV	+1.78299263E-07	+7.92870160E-08	+1.73988672E-06	-1.28413674E-09	-1.60037464E-07	-2.39781915E-09
MERC_POS	-10022040.736	15584972.311	-1.641
MERC_COV	+1.78299263E-07	+7.92870160E-08	+1.73988672E-06	-1.28413674E-09	-1.60037464E-07	-2.39781915E-09
VERT_I95	0.003
HORI_I95	0.001
3D___I95	0.003

GEOD_SYS	ITRF2005	2007.274000000	(RGTAAF)
GEOC_POS	-1940883.069	1628468.113	-5833722.182
GEOC_COV	+2.11000000E-07	+1.75000000E-07	+1.61100000E-06	-1.12000000E-07	+3.50000000E-07	-2.96000000E-07
GEOD_POS	-66.665183832	140.002185476	-1.637
GEOD_COV	+4.06971820E-17	+1.42874273E-17	+1.73974489E-06	-1.78402934E-19	-5.26928475E-14	-1.43419946E-12
UTM__54S	2605590.838	455896.811	-1.637
UTM__COV	+1.77679115E-07	+7.95759962E-08	+1.73974489E-06	-8.79735342E-10	-1.59937657E-07	-2.33002479E-09
MERC_POS	-10022040.271	15584971.997	-1.637
MERC_COV	+1.77679115E-07	+7.95759962E-08	+1.73974489E-06	-8.79735342E-10	-1.59937657E-07	-2.33002479E-09
VERT_I95	0.003
HORI_I95	0.001
3D___I95	0.003

