SOFT_NAM	Gins
SOFT_VER	25.2
SOFT_TYP	IPPP

TIME_SYS	TAI

GEOD_SYS	ITRF2020	2021.856160230
GEOC_POS	-1940883.020	1628467.906	-5833722.251
GEOC_COV	+2.36384598E-07	+2.02038891E-07	+1.85570367E-06	-1.27915390E-07	+4.00047310E-07	-3.45751722E-07
GEOD_POS	-66.665185481	140.002188359	-1.641
GEOD_COV	+4.61602601E-17	+1.60915232E-17	+2.00375418E-06	-3.67376996E-19	-2.08203431E-13	-1.66345354E-12
UTM__54S	2605590.656	455896.942	-1.641
UTM__COV	+2.00114936E-07	+9.02580475E-08	+2.00375418E-06	-1.81159860E-09	-1.85503390E-07	-9.20654596E-09
MERC_POS	-10022040.734	15584972.318	-1.641
MERC_COV	+2.00114936E-07	+9.02580475E-08	+2.00375418E-06	-1.81159860E-09	-1.85503390E-07	-9.20654596E-09
VERT_I95	0.003
HORI_I95	0.001
3D___I95	0.003

GEOD_SYS	ITRF2005	2007.274000000	(RGTAAF)
GEOC_POS	-1940883.071	1628468.112	-5833722.182
GEOC_COV	+2.36000000E-07	+2.02000000E-07	+1.85600000E-06	-1.28000000E-07	+4.00000000E-07	-3.46000000E-07
GEOD_POS	-66.665183825	140.002185539	-1.637
GEOD_COV	+4.60247056E-17	+1.60773061E-17	+2.00406886E-06	-3.84089701E-19	-2.14440174E-13	-1.66417826E-12
UTM__54S	2605590.839	455896.814	-1.637
UTM__COV	+1.99938131E-07	+8.99930074E-08	+2.00406886E-06	-1.89401193E-09	-1.85584208E-07	-9.48232910E-09
MERC_POS	-10022040.269	15584972.004	-1.637
MERC_COV	+1.99938131E-07	+8.99930074E-08	+2.00406886E-06	-1.89401193E-09	-1.85584208E-07	-9.48232910E-09
VERT_I95	0.003
HORI_I95	0.001
3D___I95	0.003

